x,y,z
27.441440531076,13.717155139846,43.542585166360
60.000000000000,60.000000000000,60.000000000000
60.000000000000,60.000000000000,60.000000000000
60.000000000000,38.656067763355,60.000000000000
25.568459338104,11.742219784360,50.294256832459
60.000000000000,60.000000000000,60.000000000000
0.000000000000,60.000000000000,60.000000000000
6.373099460157,26.821706117461,4.355844868816
60.000000000000,60.000000000000,60.000000000000
60.000000000000,60.000000000000,60.000000000000
1.433405882927,46.317460004886,25.390018802362
60.000000000000,60.000000000000,60.000000000000
20.285595462885,18.925040527544,13.441183067996
50.738316133061,38.714630822300,48.148432349932
45.941127613778,15.518985061288,50.891145153543
60.000000000000,60.000000000000,0.000000000000
60.000000000000,60.000000000000,60.000000000000
60.000000000000,60.000000000000,60.000000000000
60.000000000000,60.000000000000,0.000000000000
53.939473512967,51.422429564803,16.151874721211
60.000000000000,60.000000000000,60.000000000000
60.000000000000,60.000000000000,60.000000000000
12.803622544701,16.477024826135,50.630712211207
14.968898444679,21.178377428342,11.886532435023
5.579357684775,17.566211239950,41.157990304096
60.000000000000,60.000000000000,60.000000000000
60.000000000000,60.000000000000,60.000000000000
60.000000000000,60.000000000000,0.000000000000
1.523410026607,51.169948069874,35.174089513478
7.707329192442,50.835447225146,34.444512880350
1.427851087786,52.138932515493,47.662196017867
60.000000000000,60.000000000000,60.000000000000
3.399730077406,18.902633578226,32.717973994134
9.573344530416,6.851325860672,27.329175190817
60.000000000000,60.000000000000,60.000000000000
60.000000000000,60.000000000000,0.000000000000
60.000000000000,60.000000000000,60.000000000000
29.470039404371,13.983214041749,36.440923744691
60.000000000000,60.000000000000,60.000000000000
60.000000000000,60.000000000000,60.000000000000
21.683771757417,18.452601274104,54.908583308047
60.000000000000,60.000000000000,0.000000000000
60.000000000000,60.000000000000,60.000000000000
13.483656920126,36.845013807379,8.129151864771
60.000000000000,60.000000000000,60.000000000000
40.178295497268,49.283471378362,30.859360427786
35.859898631662,26.406649087054,53.925744329756
28.651350619689,11.230658154751,10.417545613511
27.699839789793,25.033225459976,43.712991944046
60.000000000000,60.000000000000,60.000000000000
2.189370004112,20.580475929746,46.976106971804
60.000000000000,60.000000000000,60.000000000000
50.410343645924,50.111298759462,12.463499944916
28.257737117896,50.821812630543,21.673528048479
15.715403438306,37.196274358154,14.818408215227
60.000000000000,60.000000000000,60.000000000000
60.000000000000,60.000000000000,60.000000000000
0.000000000000,60.000000000000,60.000000000000
60.000000000000,60.000000000000,0.000000000000
47.782027433747,12.489503988787,23.742711600374
60.000000000000,60.000000000000,60.000000000000
60.000000000000,60.000000000000,60.000000000000
60.000000000000,60.000000000000,60.000000000000
60.000000000000,60.000000000000,60.000000000000
47.760280189645,4.205055938627,26.804047565919
0.000000000000,60.000000000000,60.000000000000
60.000000000000,60.000000000000,60.000000000000
54.375197982003,3.245849780467,20.139254409449
46.355792825365,44.736535337136,27.704239943749
60.000000000000,60.000000000000,60.000000000000
60.000000000000,60.000000000000,60.000000000000
60.000000000000,60.000000000000,60.000000000000
60.000000000000,60.000000000000,60.000000000000
60.000000000000,60.000000000000,0.000000000000
35.645231428834,33.732707658123,20.319857278822
60.000000000000,60.000000000000,60.000000000000
60.000000000000,60.000000000000,60.000000000000
60.000000000000,60.000000000000,60.000000000000
60.000000000000,60.000000000000,60.000000000000
60.000000000000,60.000000000000,0.000000000000
60.000000000000,60.000000000000,60.000000000000
7.187112521205,28.720347864748,51.784320037082
15.421227502160,41.018460425842,12.887069288544
60.000000000000,12.519379849292,14.561390164793
8.834283277839,9.972543475469,55.396085905580
60.000000000000,60.000000000000,60.000000000000
3.303166581650,16.922049163078,60.000000000000
60.000000000000,60.000000000000,60.000000000000
11.065290207808,39.668359381076,44.316853417622
60.000000000000,60.000000000000,60.000000000000
60.000000000000,60.000000000000,60.000000000000
60.000000000000,60.000000000000,60.000000000000
60.000000000000,60.000000000000,0.000000000000
2.049548481932,48.045982453708,52.205188625767
24.298004797984,49.321955525959,54.939510379837
60.000000000000,60.000000000000,0.000000000000
60.000000000000,60.000000000000,60.000000000000
60.000000000000,40.650337285744,60.000000000000
39.317940342743,24.498477865473,18.119963986381
60.000000000000,60.000000000000,60.000000000000
5.692145762154,54.789267304895,29.664859433832
60.000000000000,60.000000000000,60.000000000000
60.000000000000,60.000000000000,60.000000000000
60.000000000000,60.000000000000,60.000000000000
60.000000000000,60.000000000000,60.000000000000
60.000000000000,60.000000000000,60.000000000000
60.000000000000,60.000000000000,60.000000000000
60.000000000000,60.000000000000,60.000000000000
7.146119852966,44.811055727060,30.749117344894
60.000000000000,60.000000000000,60.000000000000
60.000000000000,60.000000000000,60.000000000000
60.000000000000,60.000000000000,60.000000000000
60.000000000000,60.000000000000,60.000000000000
60.000000000000,60.000000000000,60.000000000000
60.000000000000,60.000000000000,60.000000000000
60.000000000000,60.000000000000,0.000000000000
60.000000000000,60.000000000000,0.000000000000
60.000000000000,60.000000000000,60.000000000000
28.197132998408,7.081854588960,41.476019171708
43.085255151025,8.825716909888,57.093096970226
60.000000000000,60.000000000000,0.000000000000
60.000000000000,60.000000000000,60.000000000000
60.000000000000,60.000000000000,60.000000000000
13.883929275827,31.815820751689,32.364578189107
60.000000000000,60.000000000000,60.000000000000
60.000000000000,60.000000000000,60.000000000000
39.450271098135,36.143706597772,28.002608886993
21.911067365642,59.429172196654,46.308835247597
46.411551758041,4.789496474614,39.074995629497
60.000000000000,60.000000000000,60.000000000000
60.000000000000,60.000000000000,60.000000000000
24.921202076590,15.757805512162,25.869421449256
60.000000000000,60.000000000000,60.000000000000
18.765160260671,37.171429305022,25.691269232501
45.810405396058,60.000000000000,16.997184372435
60.000000000000,60.000000000000,60.000000000000
60.000000000000,60.000000000000,60.000000000000
0.000000000000,60.000000000000,60.000000000000
60.000000000000,60.000000000000,60.000000000000
60.000000000000,60.000000000000,0.000000000000
60.000000000000,60.000000000000,60.000000000000
60.000000000000,60.000000000000,60.000000000000
60.000000000000,60.000000000000,60.000000000000
40.642183025718,31.554544485090,12.904348301566
60.000000000000,60.000000000000,60.000000000000
19.313989748028,54.811622688439,5.013408405172
54.761252909991,5.294317092363,50.662310113324
60.000000000000,60.000000000000,60.000000000000
60.000000000000,60.000000000000,60.000000000000
60.000000000000,60.000000000000,60.000000000000
57.625447821940,31.505762335179,21.223241978552
60.000000000000,60.000000000000,60.000000000000
60.000000000000,60.000000000000,60.000000000000
60.000000000000,60.000000000000,60.000000000000
60.000000000000,60.000000000000,60.000000000000
60.000000000000,60.000000000000,60.000000000000
60.000000000000,60.000000000000,60.000000000000
60.000000000000,60.000000000000,0.000000000000
17.779953061406,26.026414712695,28.993077131058
60.000000000000,60.000000000000,0.000000000000
60.000000000000,60.000000000000,60.000000000000
60.000000000000,60.000000000000,0.000000000000
0.000000000000,60.000000000000,60.000000000000
60.000000000000,60.000000000000,60.000000000000
60.000000000000,60.000000000000,60.000000000000
60.000000000000,60.000000000000,0.000000000000
60.000000000000,60.000000000000,60.000000000000
60.000000000000,60.000000000000,60.000000000000
12.532459383502,6.982578614691,22.112606053482
60.000000000000,60.000000000000,60.000000000000
60.000000000000,60.000000000000,0.000000000000
54.683194441700,9.839733060145,6.121876150609
60.000000000000,60.000000000000,60.000000000000
60.000000000000,60.000000000000,60.000000000000
6.532676328860,55.823024005991,22.573946896502
60.000000000000,60.000000000000,0.000000000000
60.000000000000,60.000000000000,60.000000000000
60.000000000000,32.223442273960,60.000000000000
60.000000000000,60.000000000000,60.000000000000
60.000000000000,60.000000000000,60.000000000000
60.000000000000,60.000000000000,60.000000000000
60.000000000000,60.000000000000,60.000000000000
60.000000000000,60.000000000000,60.000000000000
60.000000000000,60.000000000000,60.000000000000
60.000000000000,60.000000000000,60.000000000000
17.441490711671,0.000000000000,60.000000000000
60.000000000000,60.000000000000,60.000000000000
60.000000000000,60.000000000000,0.000000000000
60.000000000000,60.000000000000,60.000000000000
60.000000000000,60.000000000000,60.000000000000
60.000000000000,60.000000000000,60.000000000000
60.000000000000,60.000000000000,60.000000000000
42.081786083709,29.215525522630,29.672698719435
60.000000000000,20.155330964174,60.000000000000
60.000000000000,60.000000000000,60.000000000000
43.785018905876,38.054063088710,53.579859393772
50.270652249618,23.736674825141,49.575467500510
60.000000000000,60.000000000000,60.000000000000
60.000000000000,60.000000000000,60.000000000000
60.000000000000,60.000000000000,60.000000000000
60.000000000000,60.000000000000,60.000000000000
0.000000000000,60.000000000000,60.000000000000
60.000000000000,60.000000000000,60.000000000000
60.000000000000,60.000000000000,0.000000000000
60.000000000000,26.144751718208,60.000000000000
60.000000000000,60.000000000000,60.000000000000
60.000000000000,60.000000000000,60.000000000000
60.000000000000,60.000000000000,60.000000000000
11.928435701910,8.752647712271,2.468701866225
16.390896353109,47.750344602225,49.421381060367
60.000000000000,60.000000000000,60.000000000000
60.000000000000,60.000000000000,60.000000000000
9.817335681067,32.173455143165,36.002239970734
60.000000000000,60.000000000000,60.000000000000
25.300033482736,30.234775963526,21.518074242174
60.000000000000,60.000000000000,60.000000000000
10.951943945170,35.870140173333,59.100178071097
60.000000000000,60.000000000000,60.000000000000
33.739479596068,9.147071134143,16.741313353707
60.000000000000,60.000000000000,60.000000000000
60.000000000000,60.000000000000,0.000000000000
9.056822013181,25.212321560603,3.256129007700
37.106398312826,18.695894219885,44.828545248660
60.000000000000,60.000000000000,60.000000000000
60.000000000000,60.000000000000,60.000000000000
28.015990569416,1.701314210899,59.511740031736
60.000000000000,60.000000000000,60.000000000000
60.000000000000,60.000000000000,60.000000000000
60.000000000000,60.000000000000,60.000000000000
60.000000000000,60.000000000000,60.000000000000
60.000000000000,60.000000000000,60.000000000000
60.000000000000,60.000000000000,60.000000000000
60.000000000000,0.000000000000,0.000000000000
60.000000000000,60.000000000000,60.000000000000
60.000000000000,60.000000000000,60.000000000000
60.000000000000,60.000000000000,60.000000000000
60.000000000000,60.000000000000,60.000000000000
60.000000000000,60.000000000000,60.000000000000
60.000000000000,0.000000000000,60.000000000000
60.000000000000,60.000000000000,60.000000000000
60.000000000000,60.000000000000,60.000000000000
56.430236602179,4.507359453748,9.479774806882
60.000000000000,60.000000000000,60.000000000000
60.000000000000,60.000000000000,60.000000000000
5.818261116486,59.098323309102,16.237572894960
15.473773586469,16.564842341996,5.002901235826
60.000000000000,60.000000000000,60.000000000000
60.000000000000,60.000000000000,0.000000000000
23.188058898231,31.050187779254,60.000000000000
59.755989744670,30.936535212983,35.215774738168
60.000000000000,60.000000000000,60.000000000000
1.387030807512,50.053724730417,51.309520776205
32.087982722463,16.818876432352,9.351459221865
60.000000000000,60.000000000000,60.000000000000
59.885023853736,19.804825434143,23.004699711289
60.000000000000,60.000000000000,60.000000000000
55.295706229404,3.578765957580,24.940729576923
32.491572315069,27.341577365214,34.888225703008
54.241844026453,19.527298959803,36.954118050256
60.000000000000,60.000000000000,60.000000000000
60.000000000000,60.000000000000,60.000000000000
60.000000000000,60.000000000000,0.000000000000
60.000000000000,60.000000000000,60.000000000000
60.000000000000,60.000000000000,60.000000000000
60.000000000000,60.000000000000,60.000000000000
60.000000000000,60.000000000000,60.000000000000
42.188215580815,44.261733254248,37.421737841269
60.000000000000,60.000000000000,60.000000000000
60.000000000000,60.000000000000,60.000000000000
60.000000000000,60.000000000000,60.000000000000
60.000000000000,60.000000000000,0.000000000000
59.133549758635,41.415084932362,29.808803416382
60.000000000000,60.000000000000,0.000000000000
33.772458198154,5.192601408266,20.154333907300
34.732090343542,28.340680542936,30.343050119786
60.000000000000,60.000000000000,60.000000000000
22.259053408365,6.662665151093,12.273430593671
15.241278476649,13.572703551127,60.000000000000
9.871309514776,17.967498044281,8.134479013494
60.000000000000,60.000000000000,60.000000000000
60.000000000000,60.000000000000,60.000000000000
12.296312751178,47.122746605030,31.391615370263
60.000000000000,60.000000000000,60.000000000000
35.399677162709,16.177565640546,38.128286799885
0.000000000000,60.000000000000,60.000000000000
60.000000000000,60.000000000000,60.000000000000
51.715486495648,34.478581826440,42.455857185488
44.183691746015,57.861268690582,21.673614275269
60.000000000000,60.000000000000,0.000000000000
60.000000000000,60.000000000000,60.000000000000
60.000000000000,60.000000000000,60.000000000000
60.000000000000,60.000000000000,0.000000000000
60.000000000000,60.000000000000,60.000000000000
60.000000000000,60.000000000000,0.000000000000
60.000000000000,60.000000000000,60.000000000000
60.000000000000,60.000000000000,60.000000000000
60.000000000000,60.000000000000,60.000000000000
60.000000000000,60.000000000000,0.000000000000
60.000000000000,39.946841282058,60.000000000000
60.000000000000,60.000000000000,60.000000000000
60.000000000000,60.000000000000,60.000000000000
39.584996410234,57.281995531646,36.712684330876
60.000000000000,60.000000000000,60.000000000000
60.000000000000,60.000000000000,60.000000000000
60.000000000000,60.000000000000,60.000000000000
60.000000000000,60.000000000000,60.000000000000
60.000000000000,60.000000000000,60.000000000000
60.000000000000,60.000000000000,60.000000000000
60.000000000000,60.000000000000,60.000000000000
60.000000000000,60.000000000000,60.000000000000
60.000000000000,60.000000000000,60.000000000000
60.000000000000,60.000000000000,60.000000000000
60.000000000000,60.000000000000,60.000000000000
60.000000000000,60.000000000000,0.000000000000
60.000000000000,60.000000000000,60.000000000000
60.000000000000,60.000000000000,60.000000000000
60.000000000000,60.000000000000,60.000000000000
60.000000000000,60.000000000000,60.000000000000
60.000000000000,60.000000000000,0.000000000000
60.000000000000,60.000000000000,0.000000000000
18.485509070295,27.050072496638,48.419484559505
60.000000000000,47.865370445252,20.759406029926
60.000000000000,60.000000000000,0.000000000000
60.000000000000,60.000000000000,0.000000000000
0.000000000000,60.000000000000,60.000000000000
60.000000000000,60.000000000000,60.000000000000
60.000000000000,60.000000000000,60.000000000000
60.000000000000,60.000000000000,0.000000000000
60.000000000000,60.000000000000,60.000000000000
60.000000000000,60.000000000000,0.000000000000
23.059910793958,14.618466547269,1.158493514646
34.757462908978,11.370212741307,54.537854971434
60.000000000000,60.000000000000,60.000000000000
60.000000000000,60.000000000000,0.000000000000
41.777896653059,38.902111677281,53.997207349763
60.000000000000,60.000000000000,60.000000000000
38.154361753715,46.554749531818,24.863808098131
60.000000000000,60.000000000000,60.000000000000
60.000000000000,60.000000000000,60.000000000000
60.000000000000,60.000000000000,60.000000000000
60.000000000000,60.000000000000,60.000000000000
60.000000000000,60.000000000000,60.000000000000
60.000000000000,60.000000000000,60.000000000000
60.000000000000,60.000000000000,60.000000000000
12.211278577981,23.866109751785,16.852444653291
60.000000000000,60.000000000000,0.000000000000
60.000000000000,60.000000000000,60.000000000000
60.000000000000,60.000000000000,0.000000000000
30.876179038021,42.120664281325,54.387379608077
60.000000000000,60.000000000000,0.000000000000
60.000000000000,60.000000000000,60.000000000000
60.000000000000,60.000000000000,0.000000000000
60.000000000000,60.000000000000,60.000000000000
1.701437863690,10.329275346054,39.279161272883
60.000000000000,60.000000000000,3.284321390826
60.000000000000,60.000000000000,60.000000000000
60.000000000000,60.000000000000,60.000000000000
60.000000000000,60.000000000000,60.000000000000
60.000000000000,60.000000000000,60.000000000000
60.000000000000,0.000000000000,60.000000000000
60.000000000000,60.000000000000,60.000000000000
60.000000000000,60.000000000000,60.000000000000
60.000000000000,60.000000000000,60.000000000000
60.000000000000,60.000000000000,60.000000000000
60.000000000000,60.000000000000,60.000000000000
60.000000000000,60.000000000000,60.000000000000
60.000000000000,60.000000000000,60.000000000000
60.000000000000,60.000000000000,60.000000000000
60.000000000000,60.000000000000,60.000000000000
42.766544989660,20.464476829352,5.737802625858
60.000000000000,60.000000000000,60.000000000000
29.159896100324,35.628109258182,34.416562587848
60.000000000000,60.000000000000,60.000000000000
60.000000000000,60.000000000000,60.000000000000
60.000000000000,60.000000000000,60.000000000000
60.000000000000,60.000000000000,60.000000000000
60.000000000000,60.000000000000,60.000000000000
60.000000000000,60.000000000000,60.000000000000
23.354021854613,57.479017380023,42.987059126795
60.000000000000,60.000000000000,60.000000000000
60.000000000000,60.000000000000,60.000000000000
2.043192437324,31.569947001332,51.692286667488
15.443263868571,35.379285977268,57.785977917790
60.000000000000,60.000000000000,60.000000000000
60.000000000000,60.000000000000,60.000000000000
60.000000000000,60.000000000000,60.000000000000
60.000000000000,60.000000000000,60.000000000000
60.000000000000,60.000000000000,60.000000000000
23.697841974773,17.978076065465,17.254555843517
0.000000000000,56.235866263220,60.000000000000
60.000000000000,60.000000000000,60.000000000000
60.000000000000,60.000000000000,0.000000000000
15.969174316826,58.070371452922,0.653303029233
0.536177592030,17.109361480590,21.650025754309
60.000000000000,60.000000000000,60.000000000000
23.679736548932,25.997310484746,22.253245524391
60.000000000000,60.000000000000,60.000000000000
38.978205803120,58.397485418845,25.668788771635
60.000000000000,60.000000000000,60.000000000000
60.000000000000,0.000000000000,60.000000000000
60.000000000000,60.000000000000,60.000000000000
41.710435873385,43.355170026781,23.534812321360
60.000000000000,60.000000000000,60.000000000000
60.000000000000,60.000000000000,60.000000000000
22.796644363048,22.732847863532,15.386748797605
44.875796954695,52.779832277342,13.450610733918
18.429646614817,55.446190832550,34.576148741044
60.000000000000,60.000000000000,60.000000000000
60.000000000000,60.000000000000,60.000000000000
60.000000000000,60.000000000000,60.000000000000
60.000000000000,60.000000000000,60.000000000000
4.263892899938,44.240955466602,36.298991119531
60.000000000000,60.000000000000,0.000000000000
0.000000000000,0.000000000000,0.000000000000
59.264984280291,54.225242566373,58.644770064729
60.000000000000,60.000000000000,60.000000000000
60.000000000000,49.494020964559,8.804092192080
54.864154174775,5.503413868165,34.361170222452
25.430387202104,10.795890486521,2.174693175899
60.000000000000,60.000000000000,0.000000000000
40.257555104063,37.891220396383,58.035386784858
60.000000000000,60.000000000000,60.000000000000
1.582659536506,57.870192375230,51.021029256837
15.774532437728,9.483102749753,35.150787490202
12.536542145021,25.861614155376,47.681562753527
60.000000000000,60.000000000000,0.000000000000
60.000000000000,60.000000000000,60.000000000000
17.410686007477,47.329544996325,56.985420889029
60.000000000000,60.000000000000,60.000000000000
60.000000000000,60.000000000000,60.000000000000
60.000000000000,60.000000000000,60.000000000000
10.395373553940,45.940138922713,32.667299535750
60.000000000000,60.000000000000,60.000000000000
43.905869362706,42.984796976579,40.592873088954
60.000000000000,60.000000000000,60.000000000000
60.000000000000,60.000000000000,0.000000000000
60.000000000000,60.000000000000,60.000000000000
60.000000000000,60.000000000000,0.000000000000
60.000000000000,60.000000000000,60.000000000000
31.052205481082,36.678651146387,25.459586199026
0.000000000000,60.000000000000,60.000000000000
60.000000000000,60.000000000000,60.000000000000
60.000000000000,60.000000000000,60.000000000000
60.000000000000,60.000000000000,60.000000000000
60.000000000000,60.000000000000,60.000000000000
60.000000000000,60.000000000000,60.000000000000
55.874039852463,16.794933356915,46.395618699577
0.000000000000,0.000000000000,0.000000000000
60.000000000000,60.000000000000,60.000000000000
60.000000000000,60.000000000000,60.000000000000
60.000000000000,60.000000000000,60.000000000000
57.466706506573,57.773691124317,46.490050541244
60.000000000000,60.000000000000,60.000000000000
27.589477421966,26.786717437198,0.968141598617
60.000000000000,60.000000000000,60.000000000000
60.000000000000,60.000000000000,60.000000000000
60.000000000000,60.000000000000,60.000000000000
60.000000000000,60.000000000000,60.000000000000
36.743515391116,59.873274180189,40.812951048966
60.000000000000,60.000000000000,60.000000000000
60.000000000000,60.000000000000,60.000000000000
60.000000000000,60.000000000000,60.000000000000
60.000000000000,60.000000000000,60.000000000000
60.000000000000,60.000000000000,60.000000000000
60.000000000000,60.000000000000,0.000000000000
60.000000000000,60.000000000000,60.000000000000
60.000000000000,60.000000000000,60.000000000000
43.842852972043,11.133240338081,16.953179282362
0.000000000000,4.780772658333,2.060492387896
60.000000000000,60.000000000000,0.000000000000
60.000000000000,60.000000000000,60.000000000000
60.000000000000,60.000000000000,60.000000000000
60.000000000000,60.000000000000,60.000000000000
60.000000000000,60.000000000000,60.000000000000
60.000000000000,60.000000000000,60.000000000000
60.000000000000,60.000000000000,60.000000000000
60.000000000000,60.000000000000,60.000000000000
60.000000000000,60.000000000000,60.000000000000
60.000000000000,60.000000000000,60.000000000000
13.616428460478,18.932467083355,20.758753328952
60.000000000000,60.000000000000,60.000000000000
60.000000000000,60.000000000000,60.000000000000
60.000000000000,60.000000000000,60.000000000000
60.000000000000,60.000000000000,60.000000000000
60.000000000000,60.000000000000,60.000000000000
60.000000000000,60.000000000000,60.000000000000
50.118197831799,12.289483302014,27.564567908735
60.000000000000,60.000000000000,0.000000000000
60.000000000000,60.000000000000,60.000000000000
0.000000000000,56.399078103232,60.000000000000
38.319691913885,2.352339772574,57.827393616475
60.000000000000,60.000000000000,60.000000000000
60.000000000000,60.000000000000,0.000000000000
60.000000000000,60.000000000000,60.000000000000
38.355990702587,56.368428223035,43.551928948887
54.310837751093,49.503051676171,10.430244671661
60.000000000000,60.000000000000,0.000000000000
41.231963476086,34.318590157359,60.000000000000
60.000000000000,60.000000000000,60.000000000000
60.000000000000,60.000000000000,60.000000000000
20.595771618444,25.341879120732,51.232768595072
60.000000000000,60.000000000000,60.000000000000
60.000000000000,60.000000000000,0.000000000000
60.000000000000,60.000000000000,60.000000000000
60.000000000000,60.000000000000,60.000000000000
60.000000000000,60.000000000000,60.000000000000
17.896582554861,32.175902039746,30.147576085453
60.000000000000,60.000000000000,0.000000000000
60.000000000000,60.000000000000,60.000000000000
60.000000000000,60.000000000000,0.000000000000
60.000000000000,60.000000000000,60.000000000000
60.000000000000,60.000000000000,60.000000000000
7.004901131216,1.738691087721,0.000000000000
60.000000000000,60.000000000000,60.000000000000
37.533170962214,56.436454691651,9.127323382668
60.000000000000,60.000000000000,60.000000000000
60.000000000000,60.000000000000,60.000000000000
60.000000000000,60.000000000000,60.000000000000
36.983325338883,35.953620038895,23.584529957750
60.000000000000,60.000000000000,60.000000000000
0.000000000000,60.000000000000,60.000000000000
60.000000000000,60.000000000000,60.000000000000
49.804694689027,27.812500079717,26.935143380735
60.000000000000,60.000000000000,60.000000000000
33.874315051806,43.805277856721,1.787064339764
44.959877465732,57.655360545594,46.091095691081
60.000000000000,60.000000000000,60.000000000000
0.531393248867,26.744465950915,22.602864483690
60.000000000000,60.000000000000,60.000000000000
60.000000000000,60.000000000000,60.000000000000
60.000000000000,60.000000000000,60.000000000000
60.000000000000,60.000000000000,60.000000000000
40.076773820356,19.533329506100,38.561642073274
60.000000000000,60.000000000000,60.000000000000
60.000000000000,60.000000000000,60.000000000000
60.000000000000,60.000000000000,60.000000000000
60.000000000000,60.000000000000,60.000000000000
60.000000000000,60.000000000000,60.000000000000
20.367205749889,46.531005500497,60.000000000000
60.000000000000,60.000000000000,60.000000000000
20.804184845432,25.044644510228,22.699808953098
60.000000000000,60.000000000000,0.000000000000
60.000000000000,60.000000000000,0.000000000000
60.000000000000,60.000000000000,60.000000000000
60.000000000000,60.000000000000,60.000000000000
60.000000000000,60.000000000000,60.000000000000
57.164022047900,52.641957299673,40.627524185934
60.000000000000,60.000000000000,60.000000000000
12.324088070514,60.000000000000,33.218389793640
60.000000000000,60.000000000000,60.000000000000
32.398360917544,29.592256844063,46.486439169340
60.000000000000,60.000000000000,60.000000000000
60.000000000000,60.000000000000,60.000000000000
60.000000000000,60.000000000000,60.000000000000
60.000000000000,60.000000000000,60.000000000000
60.000000000000,60.000000000000,60.000000000000
60.000000000000,60.000000000000,60.000000000000
60.000000000000,60.000000000000,60.000000000000
60.000000000000,60.000000000000,60.000000000000
60.000000000000,32.028700548501,2.498943705464
60.000000000000,60.000000000000,60.000000000000
30.397979950406,44.458144698542,3.892502299765
50.518960414431,23.795001832325,28.351485088878
60.000000000000,60.000000000000,0.000000000000
60.000000000000,60.000000000000,60.000000000000
60.000000000000,60.000000000000,0.000000000000
22.115590567017,16.448976843835,36.835612276660
60.000000000000,60.000000000000,60.000000000000
37.806775855359,4.778351292913,37.729814823256
60.000000000000,60.000000000000,0.000000000000
60.000000000000,60.000000000000,60.000000000000
60.000000000000,60.000000000000,60.000000000000
60.000000000000,60.000000000000,60.000000000000
60.000000000000,60.000000000000,60.000000000000
54.457525525723,41.190746518216,13.080825683036
21.769737704248,21.098770686422,43.916706903442
39.233853860447,26.850222615218,10.736687267812
60.000000000000,60.000000000000,60.000000000000
54.645609859677,60.000000000000,35.636038381000
58.960732191559,51.233808084550,54.703195994956
60.000000000000,60.000000000000,60.000000000000
60.000000000000,60.000000000000,60.000000000000
60.000000000000,60.000000000000,60.000000000000
60.000000000000,60.000000000000,60.000000000000
36.901805769460,24.547330478095,56.784379596636
60.000000000000,60.000000000000,60.000000000000
60.000000000000,60.000000000000,60.000000000000
4.241569280658,14.705361643733,29.317701415609
60.000000000000,60.000000000000,60.000000000000
60.000000000000,60.000000000000,0.000000000000
11.958878819369,4.330845458449,46.403483160698
60.000000000000,60.000000000000,0.000000000000
60.000000000000,60.000000000000,60.000000000000
28.999214185734,29.280157355017,21.766489108047
60.000000000000,60.000000000000,60.000000000000
60.000000000000,60.000000000000,60.000000000000
60.000000000000,60.000000000000,60.000000000000
60.000000000000,60.000000000000,60.000000000000
60.000000000000,60.000000000000,60.000000000000
60.000000000000,60.000000000000,60.000000000000
60.000000000000,60.000000000000,0.000000000000
60.000000000000,60.000000000000,60.000000000000
60.000000000000,60.000000000000,60.000000000000
60.000000000000,60.000000000000,0.000000000000
60.000000000000,0.000000000000,60.000000000000
60.000000000000,60.000000000000,60.000000000000
25.256258242735,47.865162497101,7.117868051296
60.000000000000,60.000000000000,0.000000000000
60.000000000000,60.000000000000,60.000000000000
39.081367603222,16.039169745156,34.189971800892
60.000000000000,60.000000000000,60.000000000000
60.000000000000,60.000000000000,60.000000000000
60.000000000000,60.000000000000,60.000000000000
60.000000000000,60.000000000000,60.000000000000
60.000000000000,60.000000000000,60.000000000000
60.000000000000,60.000000000000,60.000000000000
60.000000000000,60.000000000000,60.000000000000
60.000000000000,60.000000000000,60.000000000000
60.000000000000,60.000000000000,60.000000000000
0.000000000000,31.215839530183,30.670275263772
60.000000000000,60.000000000000,60.000000000000
60.000000000000,0.000000000000,0.000000000000
60.000000000000,60.000000000000,60.000000000000
60.000000000000,60.000000000000,60.000000000000
60.000000000000,60.000000000000,60.000000000000
60.000000000000,60.000000000000,60.000000000000
60.000000000000,60.000000000000,60.000000000000
60.000000000000,60.000000000000,60.000000000000
60.000000000000,60.000000000000,60.000000000000
60.000000000000,60.000000000000,60.000000000000
60.000000000000,60.000000000000,60.000000000000
31.129589106880,45.936865849989,36.482822224266
11.848733634507,54.570409984651,6.745405135128
60.000000000000,60.000000000000,60.000000000000
60.000000000000,60.000000000000,60.000000000000
60.000000000000,60.000000000000,60.000000000000
60.000000000000,60.000000000000,60.000000000000
60.000000000000,60.000000000000,0.000000000000
60.000000000000,60.000000000000,60.000000000000
60.000000000000,60.000000000000,60.000000000000
40.920818529390,30.035611709840,52.313168635259
60.000000000000,60.000000000000,60.000000000000
60.000000000000,60.000000000000,60.000000000000
60.000000000000,60.000000000000,60.000000000000
60.000000000000,60.000000000000,60.000000000000
60.000000000000,60.000000000000,60.000000000000
60.000000000000,60.000000000000,60.000000000000
16.083468919502,7.586078955985,36.929825237431
28.755936424131,23.911503095431,17.935653098291
60.000000000000,60.000000000000,60.000000000000
60.000000000000,60.000000000000,60.000000000000
60.000000000000,60.000000000000,60.000000000000
60.000000000000,60.000000000000,60.000000000000
37.327433344558,42.968611521899,21.965874739590
60.000000000000,60.000000000000,60.000000000000
60.000000000000,60.000000000000,60.000000000000
60.000000000000,60.000000000000,60.000000000000
60.000000000000,60.000000000000,60.000000000000
60.000000000000,60.000000000000,60.000000000000
60.000000000000,60.000000000000,60.000000000000
60.000000000000,60.000000000000,60.000000000000
40.150559097532,39.387041803438,58.449127590750
24.665254099745,13.775225199674,18.007495359025
60.000000000000,52.106291238964,28.814606819666
55.196015135257,43.097060353949,24.382087523002
60.000000000000,60.000000000000,60.000000000000
60.000000000000,60.000000000000,60.000000000000
60.000000000000,60.000000000000,0.000000000000
6.558381500772,34.299394257843,48.962317836454
60.000000000000,60.000000000000,60.000000000000
34.555676950290,60.000000000000,29.520865854256
12.828112871617,7.863748614743,10.503580911217
60.000000000000,60.000000000000,60.000000000000
60.000000000000,60.000000000000,60.000000000000
60.000000000000,60.000000000000,60.000000000000
60.000000000000,60.000000000000,60.000000000000
2.106644719272,20.348409268750,22.453372117015
60.000000000000,60.000000000000,60.000000000000
60.000000000000,60.000000000000,60.000000000000
60.000000000000,60.000000000000,60.000000000000
60.000000000000,60.000000000000,60.000000000000
60.000000000000,60.000000000000,60.000000000000
60.000000000000,60.000000000000,60.000000000000
60.000000000000,60.000000000000,60.000000000000
31.466400222312,7.931918029923,28.483082603155
42.857731102542,7.666058931573,50.435106081431
60.000000000000,60.000000000000,60.000000000000
60.000000000000,60.000000000000,60.000000000000
60.000000000000,60.000000000000,60.000000000000
60.000000000000,60.000000000000,60.000000000000
60.000000000000,60.000000000000,60.000000000000
60.000000000000,60.000000000000,60.000000000000
57.524852732354,60.000000000000,39.961150297501
60.000000000000,60.000000000000,60.000000000000
3.328262654021,46.908278951134,51.179052063786
60.000000000000,60.000000000000,60.000000000000
60.000000000000,60.000000000000,60.000000000000
60.000000000000,60.000000000000,60.000000000000
60.000000000000,60.000000000000,60.000000000000
60.000000000000,60.000000000000,60.000000000000
19.183418729506,46.602320008505,37.087911106350
60.000000000000,60.000000000000,0.000000000000
60.000000000000,60.000000000000,60.000000000000
30.643397883640,51.496370553528,38.498421204131
60.000000000000,60.000000000000,60.000000000000
40.970117134638,15.384838482283,60.000000000000
60.000000000000,60.000000000000,60.000000000000
3.919592423627,10.946513944836,59.465124143907
8.109568122391,2.877466364360,7.309359733839
60.000000000000,60.000000000000,60.000000000000
28.978694297477,6.877022632750,10.662906381979
60.000000000000,60.000000000000,60.000000000000
60.000000000000,60.000000000000,60.000000000000
60.000000000000,60.000000000000,60.000000000000
33.844748480808,38.868822151295,2.890333674233
60.000000000000,60.000000000000,60.000000000000
38.794128402794,18.981446178923,17.579942132778
60.000000000000,60.000000000000,60.000000000000
60.000000000000,60.000000000000,60.000000000000
60.000000000000,60.000000000000,60.000000000000
30.544591105298,3.484267686776,55.602682263472
60.000000000000,60.000000000000,60.000000000000
60.000000000000,60.000000000000,60.000000000000
60.000000000000,60.000000000000,60.000000000000
60.000000000000,60.000000000000,60.000000000000
60.000000000000,60.000000000000,60.000000000000
60.000000000000,60.000000000000,60.000000000000
60.000000000000,60.000000000000,60.000000000000
35.205464943649,2.326719443839,11.906336789256
60.000000000000,60.000000000000,60.000000000000
60.000000000000,60.000000000000,60.000000000000
60.000000000000,60.000000000000,60.000000000000
60.000000000000,60.000000000000,60.000000000000
36.652713553868,14.752538251172,7.622395337214
60.000000000000,60.000000000000,60.000000000000
60.000000000000,60.000000000000,60.000000000000
1.919184676536,3.520805969160,35.857285471401
33.848994000073,47.179575820772,46.119276273061
60.000000000000,60.000000000000,60.000000000000
60.000000000000,60.000000000000,60.000000000000
60.000000000000,60.000000000000,60.000000000000
60.000000000000,60.000000000000,60.000000000000
60.000000000000,60.000000000000,60.000000000000
55.899611445419,6.818035593094,38.393163685693
35.035202974091,14.545192936225,49.134112791205
60.000000000000,60.000000000000,60.000000000000
60.000000000000,60.000000000000,60.000000000000
60.000000000000,60.000000000000,60.000000000000
46.874328776249,19.580795778075,46.054609263467
60.000000000000,60.000000000000,60.000000000000
60.000000000000,60.000000000000,60.000000000000
60.000000000000,60.000000000000,60.000000000000
60.000000000000,60.000000000000,60.000000000000
35.098038896243,28.941954537937,35.954079433466
24.692722913751,21.113694690819,23.401127456624
60.000000000000,60.000000000000,60.000000000000
56.000000000000,57.526955976499,60.000000000000
60.000000000000,60.000000000000,60.000000000000
10.668364648134,19.753539461390,19.416595399773
60.000000000000,60.000000000000,60.000000000000
60.000000000000,60.000000000000,60.000000000000
60.000000000000,60.000000000000,60.000000000000
60.000000000000,60.000000000000,60.000000000000
60.000000000000,60.000000000000,60.000000000000
60.000000000000,60.000000000000,60.000000000000
40.899000143957,16.911435443142,29.127261198104
48.254205623949,50.215594051703,32.285362381861
60.000000000000,60.000000000000,60.000000000000
60.000000000000,60.000000000000,60.000000000000
21.507213691753,16.863455171972,16.732708830007
60.000000000000,60.000000000000,60.000000000000
60.000000000000,60.000000000000,60.000000000000
11.457579808636,60.000000000000,18.500477983366
60.000000000000,60.000000000000,60.000000000000
23.851725462573,33.236717311125,31.761979083122
60.000000000000,60.000000000000,60.000000000000
14.939681665162,60.000000000000,21.139789059857
60.000000000000,60.000000000000,60.000000000000
60.000000000000,60.000000000000,60.000000000000
60.000000000000,60.000000000000,60.000000000000
60.000000000000,60.000000000000,60.000000000000
60.000000000000,60.000000000000,60.000000000000
60.000000000000,60.000000000000,60.000000000000
55.524898851110,19.818253365701,49.132098977090
60.000000000000,60.000000000000,60.000000000000
30.100277430210,1.243896518217,56.680732632476
60.000000000000,60.000000000000,60.000000000000
0.000000000000,60.000000000000,60.000000000000
0.000000000000,60.000000000000,60.000000000000
60.000000000000,60.000000000000,60.000000000000
60.000000000000,60.000000000000,60.000000000000
45.398472887384,36.650903792541,5.310446426244
6.343637871310,14.398032441411,0.422424779267
60.000000000000,60.000000000000,60.000000000000
30.309646325687,51.734530388663,21.217182473197
60.000000000000,60.000000000000,60.000000000000
36.667975414624,55.921567918694,11.943595815450
60.000000000000,60.000000000000,60.000000000000
60.000000000000,60.000000000000,60.000000000000
60.000000000000,60.000000000000,60.000000000000
60.000000000000,60.000000000000,60.000000000000
60.000000000000,60.000000000000,0.000000000000
54.435813193813,0.730077915711,58.509254140883
37.984398102161,26.713664907083,30.464036613679
60.000000000000,60.000000000000,60.000000000000
60.000000000000,60.000000000000,60.000000000000
60.000000000000,60.000000000000,60.000000000000
60.000000000000,60.000000000000,60.000000000000
60.000000000000,60.000000000000,60.000000000000
60.000000000000,60.000000000000,60.000000000000
33.742244649657,2.276705187066,29.011972083827
60.000000000000,60.000000000000,0.000000000000
60.000000000000,60.000000000000,60.000000000000
60.000000000000,60.000000000000,60.000000000000
40.742736604329,14.500495795756,42.144332003754
60.000000000000,60.000000000000,60.000000000000
60.000000000000,60.000000000000,60.000000000000
33.255675520304,52.105266316806,7.152337925048
15.772264836507,19.458581243616,57.544398699716
3.077818339438,4.457195466934,56.440244867428
60.000000000000,60.000000000000,60.000000000000
41.296970990379,17.440174230118,19.265832574389
60.000000000000,60.000000000000,60.000000000000
60.000000000000,60.000000000000,60.000000000000
60.000000000000,60.000000000000,60.000000000000
0.000000000000,0.000000000000,0.000000000000
35.103426298547,3.826668400552,16.084276057035
60.000000000000,60.000000000000,60.000000000000
25.633098182177,27.997899293986,19.993672147138
49.782949742559,30.344285445505,53.523540852535
60.000000000000,17.804399738633,60.000000000000
60.000000000000,60.000000000000,60.000000000000
60.000000000000,60.000000000000,60.000000000000
60.000000000000,60.000000000000,60.000000000000
60.000000000000,60.000000000000,60.000000000000
60.000000000000,60.000000000000,60.000000000000
60.000000000000,60.000000000000,60.000000000000
31.604754967552,60.000000000000,47.389347604127
60.000000000000,60.000000000000,60.000000000000
60.000000000000,60.000000000000,60.000000000000
37.605933195165,8.468120319828,14.480584555579
14.959722119614,34.129296528184,58.684646664389
60.000000000000,60.000000000000,60.000000000000
27.449150921090,38.826350167115,45.094632796380
60.000000000000,60.000000000000,60.000000000000
60.000000000000,60.000000000000,60.000000000000
60.000000000000,60.000000000000,60.000000000000
60.000000000000,60.000000000000,60.000000000000
60.000000000000,60.000000000000,60.000000000000
60.000000000000,60.000000000000,60.000000000000
2.047362114609,12.869257579751,24.577055933610
60.000000000000,60.000000000000,60.000000000000
34.545189478722,20.382047720534,14.096901544367
60.000000000000,60.000000000000,60.000000000000
60.000000000000,60.000000000000,60.000000000000
60.000000000000,60.000000000000,60.000000000000
60.000000000000,60.000000000000,60.000000000000
60.000000000000,60.000000000000,60.000000000000
13.049982711338,34.170507343515,42.969946934637
3.246713413651,31.318406536432,3.159999841929
56.927702396909,3.330797881806,26.870903836964
60.000000000000,60.000000000000,60.000000000000
60.000000000000,60.000000000000,60.000000000000
0.000000000000,0.000000000000,0.000000000000
60.000000000000,60.000000000000,60.000000000000
60.000000000000,60.000000000000,60.000000000000
60.000000000000,60.000000000000,60.000000000000
60.000000000000,60.000000000000,60.000000000000
60.000000000000,60.000000000000,60.000000000000
36.072635813184,52.251139723408,59.192813647382
60.000000000000,60.000000000000,60.000000000000
60.000000000000,60.000000000000,60.000000000000
60.000000000000,60.000000000000,60.000000000000
60.000000000000,60.000000000000,60.000000000000
60.000000000000,60.000000000000,60.000000000000
60.000000000000,60.000000000000,60.000000000000
54.450666137440,60.000000000000,37.311623311639
48.016331941415,60.000000000000,6.614771316980
60.000000000000,60.000000000000,60.000000000000
60.000000000000,60.000000000000,60.000000000000
60.000000000000,60.000000000000,60.000000000000
60.000000000000,60.000000000000,60.000000000000
60.000000000000,60.000000000000,60.000000000000
21.434201792384,10.865163594449,49.884844043077
60.000000000000,60.000000000000,60.000000000000
19.025636349363,11.355466725027,33.487277288945
51.778343895648,8.713935726077,14.784690907666
46.090927764672,19.608189023844,20.854927101143
49.382901591252,11.185532088860,34.315242102091
60.000000000000,60.000000000000,60.000000000000
7.802721668257,48.812132085699,1.044649636760
60.000000000000,60.000000000000,60.000000000000
60.000000000000,60.000000000000,60.000000000000
19.403011635166,25.239924769339,5.468363966624
60.000000000000,60.000000000000,60.000000000000
35.616321298623,16.514725924926,18.208753370824
60.000000000000,60.000000000000,60.000000000000
60.000000000000,60.000000000000,60.000000000000
60.000000000000,60.000000000000,60.000000000000
60.000000000000,60.000000000000,60.000000000000
60.000000000000,60.000000000000,60.000000000000
52.429395933324,55.982935412844,38.223349694595
60.000000000000,0.000000000000,60.000000000000
60.000000000000,60.000000000000,0.000000000000
60.000000000000,60.000000000000,60.000000000000
60.000000000000,60.000000000000,60.000000000000
60.000000000000,60.000000000000,0.000000000000
60.000000000000,60.000000000000,60.000000000000
32.627839128712,39.158839702236,39.231823161938
5.151402466028,22.164040633746,15.625052308047
60.000000000000,60.000000000000,60.000000000000
32.180461612365,24.798548779209,26.437623154099
60.000000000000,60.000000000000,60.000000000000
60.000000000000,60.000000000000,60.000000000000
60.000000000000,60.000000000000,60.000000000000
16.831531355889,34.634550134546,32.370591145098
10.529923984552,11.084730061841,12.379825369951
38.610822609150,41.596500152817,34.493874688044
0.000000000000,60.000000000000,60.000000000000
26.546413913324,56.795695262786,46.277040622744
60.000000000000,60.000000000000,60.000000000000
53.489918667498,0.491072956211,45.592787449980
60.000000000000,60.000000000000,60.000000000000
60.000000000000,60.000000000000,60.000000000000
51.752971135318,21.008269453432,54.422876723772
60.000000000000,31.493991111938,44.643143012356
60.000000000000,60.000000000000,60.000000000000
60.000000000000,60.000000000000,60.000000000000
60.000000000000,60.000000000000,60.000000000000
60.000000000000,60.000000000000,60.000000000000
60.000000000000,60.000000000000,60.000000000000
60.000000000000,60.000000000000,60.000000000000
60.000000000000,60.000000000000,60.000000000000
0.000000000000,60.000000000000,60.000000000000
60.000000000000,60.000000000000,60.000000000000
60.000000000000,60.000000000000,60.000000000000
60.000000000000,60.000000000000,60.000000000000
60.000000000000,60.000000000000,60.000000000000
60.000000000000,60.000000000000,60.000000000000
60.000000000000,60.000000000000,60.000000000000
60.000000000000,60.000000000000,60.000000000000
60.000000000000,60.000000000000,60.000000000000
60.000000000000,60.000000000000,60.000000000000
60.000000000000,60.000000000000,60.000000000000
51.201788092733,2.445819355743,4.906416354729
32.995557926217,49.030233829324,13.463622879755
60.000000000000,60.000000000000,60.000000000000
48.840120329825,28.572341170102,45.625137216727
60.000000000000,60.000000000000,60.000000000000
0.000000000000,60.000000000000,37.330002046350
60.000000000000,60.000000000000,60.000000000000
60.000000000000,60.000000000000,60.000000000000
60.000000000000,60.000000000000,60.000000000000
60.000000000000,60.000000000000,60.000000000000
39.238691023440,41.766422613852,48.502110068565
60.000000000000,60.000000000000,60.000000000000
60.000000000000,60.000000000000,60.000000000000
60.000000000000,60.000000000000,60.000000000000
60.000000000000,60.000000000000,60.000000000000
60.000000000000,60.000000000000,60.000000000000
60.000000000000,60.000000000000,60.000000000000
60.000000000000,60.000000000000,60.000000000000
60.000000000000,60.000000000000,60.000000000000
60.000000000000,60.000000000000,60.000000000000
60.000000000000,60.000000000000,60.000000000000
50.270580422548,53.088929984290,41.456987857616
9.334273461266,20.915436388375,38.411752906989
60.000000000000,60.000000000000,60.000000000000
56.332452283886,3.628566492465,12.033543706450
60.000000000000,60.000000000000,60.000000000000
60.000000000000,60.000000000000,60.000000000000
60.000000000000,60.000000000000,60.000000000000
56.159412023234,24.640939706590,3.082537044634
60.000000000000,60.000000000000,60.000000000000
60.000000000000,60.000000000000,60.000000000000
60.000000000000,60.000000000000,60.000000000000
9.903949383398,1.557517732883,17.932596019588
60.000000000000,60.000000000000,60.000000000000
60.000000000000,60.000000000000,60.000000000000
60.000000000000,60.000000000000,60.000000000000
60.000000000000,60.000000000000,60.000000000000
58.318544978949,54.696476794737,19.908199367532
60.000000000000,60.000000000000,60.000000000000
0.000000000000,60.000000000000,60.000000000000
60.000000000000,60.000000000000,60.000000000000
31.681527466385,32.603685322325,15.014452247305
60.000000000000,60.000000000000,60.000000000000
57.215502019214,35.861475362247,33.193196286481
60.000000000000,60.000000000000,60.000000000000
60.000000000000,60.000000000000,60.000000000000
60.000000000000,60.000000000000,60.000000000000
60.000000000000,60.000000000000,60.000000000000
60.000000000000,60.000000000000,60.000000000000
60.000000000000,60.000000000000,60.000000000000
60.000000000000,60.000000000000,60.000000000000
35.604151021550,39.449362467396,34.840335794901
60.000000000000,0.000000000000,60.000000000000
60.000000000000,60.000000000000,60.000000000000
60.000000000000,60.000000000000,60.000000000000
60.000000000000,60.000000000000,60.000000000000
60.000000000000,60.000000000000,60.000000000000
60.000000000000,60.000000000000,60.000000000000
60.000000000000,60.000000000000,60.000000000000
24.459007557187,36.400822526717,44.127243393516
60.000000000000,60.000000000000,60.000000000000
60.000000000000,0.000000000000,20.538996855344
60.000000000000,60.000000000000,60.000000000000
60.000000000000,24.390717370746,12.177103932053
52.497165338291,42.352526936975,57.679251906621
60.000000000000,60.000000000000,0.000000000000
1.762035350841,60.000000000000,0.000000000000
60.000000000000,60.000000000000,60.000000000000
60.000000000000,60.000000000000,60.000000000000
60.000000000000,60.000000000000,60.000000000000
60.000000000000,60.000000000000,60.000000000000
19.772640768754,12.208467287059,60.000000000000
60.000000000000,60.000000000000,60.000000000000
60.000000000000,60.000000000000,60.000000000000
60.000000000000,60.000000000000,60.000000000000
60.000000000000,60.000000000000,60.000000000000
40.945889221017,1.691318735912,16.730713780626
60.000000000000,60.000000000000,60.000000000000
60.000000000000,60.000000000000,60.000000000000
60.000000000000,60.000000000000,60.000000000000
60.000000000000,60.000000000000,60.000000000000
60.000000000000,60.000000000000,60.000000000000
38.763469899806,31.709963435378,54.895486500094
16.717198339609,53.159989323127,14.832080043053
6.449170950730,46.621184464141,57.758983603777
60.000000000000,60.000000000000,60.000000000000
60.000000000000,60.000000000000,60.000000000000
60.000000000000,60.000000000000,60.000000000000
60.000000000000,60.000000000000,60.000000000000
60.000000000000,60.000000000000,60.000000000000
60.000000000000,60.000000000000,60.000000000000
60.000000000000,60.000000000000,60.000000000000
46.782064159603,28.379991821664,24.571951285680
60.000000000000,60.000000000000,60.000000000000
43.343887633650,9.283293336837,22.653780999120
60.000000000000,60.000000000000,60.000000000000
60.000000000000,60.000000000000,60.000000000000
60.000000000000,60.000000000000,60.000000000000
50.069345485151,26.811019064747,28.506816151974
60.000000000000,60.000000000000,60.000000000000
34.554375773763,23.571278529096,21.507168695881
60.000000000000,60.000000000000,60.000000000000
15.181432604301,50.114044337623,55.396658819182
60.000000000000,60.000000000000,60.000000000000
60.000000000000,60.000000000000,60.000000000000
6.723921033578,0.248887155353,45.736862543265
5.353634494622,26.274899353008,24.549261334981
60.000000000000,60.000000000000,60.000000000000
60.000000000000,60.000000000000,60.000000000000
17.296301258660,17.622123035023,6.146519982551
22.124648137979,19.260400361427,25.970494520137
60.000000000000,48.633233938480,0.000000000000
60.000000000000,60.000000000000,60.000000000000
60.000000000000,0.000000000000,0.000000000000
45.287303855987,32.440660495546,50.991363223309
60.000000000000,60.000000000000,0.000000000000
60.000000000000,60.000000000000,60.000000000000
60.000000000000,60.000000000000,60.000000000000
60.000000000000,60.000000000000,60.000000000000
24.763929494303,32.937924448208,51.694641914785
27.162576241395,29.472156184263,9.132349709022
0.000000000000,60.000000000000,24.690041817009
0.003984076162,11.596426803681,28.670610650438
60.000000000000,60.000000000000,60.000000000000
2.723055084793,12.606549446704,58.792238334755
60.000000000000,60.000000000000,60.000000000000
60.000000000000,60.000000000000,60.000000000000
60.000000000000,60.000000000000,60.000000000000
60.000000000000,60.000000000000,60.000000000000
40.529522047601,8.630187017523,1.715296832889
60.000000000000,60.000000000000,60.000000000000
60.000000000000,60.000000000000,60.000000000000
60.000000000000,60.000000000000,60.000000000000
60.000000000000,60.000000000000,60.000000000000
60.000000000000,60.000000000000,60.000000000000
25.589482240995,30.386858991360,39.419734409452
27.705560558913,50.706172427379,35.005082459282
60.000000000000,60.000000000000,60.000000000000
60.000000000000,0.000000000000,0.000000000000
60.000000000000,60.000000000000,60.000000000000
60.000000000000,60.000000000000,60.000000000000
60.000000000000,60.000000000000,60.000000000000
59.689578376697,33.465204642807,15.886475038454
60.000000000000,60.000000000000,60.000000000000
60.000000000000,60.000000000000,60.000000000000
60.000000000000,60.000000000000,60.000000000000
60.000000000000,60.000000000000,60.000000000000
60.000000000000,60.000000000000,60.000000000000
2.223405874068,39.304419447074,58.377692083270
60.000000000000,60.000000000000,60.000000000000
60.000000000000,60.000000000000,60.000000000000
9.811374244524,35.564378996227,3.035737169707
60.000000000000,60.000000000000,60.000000000000
60.000000000000,60.000000000000,60.000000000000
60.000000000000,60.000000000000,60.000000000000
60.000000000000,60.000000000000,60.000000000000
60.000000000000,60.000000000000,60.000000000000
25.183774459718,4.467070545927,54.963924849113
60.000000000000,60.000000000000,60.000000000000
60.000000000000,60.000000000000,0.000000000000
60.000000000000,60.000000000000,0.000000000000
48.143803149474,54.934928311821,14.449651404689
60.000000000000,60.000000000000,60.000000000000
60.000000000000,60.000000000000,60.000000000000
60.000000000000,60.000000000000,60.000000000000
40.862808976797,31.272348449066,16.946336232477
60.000000000000,60.000000000000,0.000000000000
60.000000000000,60.000000000000,60.000000000000
60.000000000000,60.000000000000,60.000000000000
60.000000000000,60.000000000000,60.000000000000
32.741681130373,36.313369636331,9.887133535402
60.000000000000,60.000000000000,60.000000000000
30.058109902192,48.004695936677,1.200810487492
60.000000000000,60.000000000000,60.000000000000
45.451392523356,11.222614035293,26.483298933099
60.000000000000,60.000000000000,60.000000000000
60.000000000000,60.000000000000,60.000000000000
60.000000000000,60.000000000000,60.000000000000
60.000000000000,60.000000000000,60.000000000000
60.000000000000,60.000000000000,60.000000000000
60.000000000000,44.174669784920,60.000000000000
49.389245322556,20.877726884647,20.916181479854
27.726989847646,42.142084096430,33.556727909973
60.000000000000,60.000000000000,60.000000000000
60.000000000000,60.000000000000,60.000000000000
60.000000000000,60.000000000000,60.000000000000
60.000000000000,60.000000000000,60.000000000000
29.150081727013,46.791829723509,3.703164667363
60.000000000000,60.000000000000,60.000000000000
60.000000000000,60.000000000000,60.000000000000
60.000000000000,60.000000000000,60.000000000000
60.000000000000,60.000000000000,60.000000000000
60.000000000000,60.000000000000,60.000000000000
60.000000000000,60.000000000000,60.000000000000
60.000000000000,60.000000000000,60.000000000000
57.000108731483,20.067459813493,18.377813443153
21.429666794941,30.126020983255,0.821409548505
60.000000000000,60.000000000000,60.000000000000
60.000000000000,60.000000000000,60.000000000000
60.000000000000,60.000000000000,60.000000000000
60.000000000000,60.000000000000,60.000000000000
60.000000000000,60.000000000000,60.000000000000
60.000000000000,60.000000000000,60.000000000000
60.000000000000,60.000000000000,60.000000000000
60.000000000000,60.000000000000,60.000000000000
44.065321239281,30.703965551291,28.989023373685
28.471867579479,59.017517174484,33.194337574556
60.000000000000,60.000000000000,60.000000000000
20.574865032085,46.577336770330,25.803286516442
60.000000000000,60.000000000000,60.000000000000
1.555820151409,34.294598041419,60.000000000000
9.123352679307,44.973060220676,11.392734682180
60.000000000000,60.000000000000,60.000000000000
60.000000000000,60.000000000000,60.000000000000
60.000000000000,60.000000000000,60.000000000000
2.324066605035,6.014505252650,4.709486274837
58.765555541156,37.494810587680,57.824762286811
21.841693428588,0.000000000000,0.000000000000
60.000000000000,60.000000000000,60.000000000000
31.616460543115,7.608116301340,13.984050092481
40.612585893487,2.514146604383,23.266886677116
60.000000000000,60.000000000000,60.000000000000
60.000000000000,60.000000000000,60.000000000000
60.000000000000,60.000000000000,60.000000000000
44.114561912678,26.392583097517,47.484180780477
41.187023901152,30.753323036428,10.253770384228
60.000000000000,60.000000000000,60.000000000000
60.000000000000,60.000000000000,60.000000000000
0.558333262382,60.000000000000,60.000000000000
19.432467798643,17.758297059619,37.004017440982
60.000000000000,60.000000000000,60.000000000000
53.192213176473,41.733710305101,35.174294387720
60.000000000000,60.000000000000,60.000000000000
60.000000000000,60.000000000000,60.000000000000
60.000000000000,60.000000000000,60.000000000000
60.000000000000,60.000000000000,60.000000000000
60.000000000000,60.000000000000,60.000000000000
0.000000000000,34.001131608345,60.000000000000
60.000000000000,60.000000000000,60.000000000000
60.000000000000,60.000000000000,60.000000000000
0.000000000000,60.000000000000,60.000000000000
15.694411083769,29.987567822498,30.311275159211
60.000000000000,60.000000000000,60.000000000000
60.000000000000,60.000000000000,60.000000000000
60.000000000000,60.000000000000,60.000000000000
60.000000000000,60.000000000000,60.000000000000
60.000000000000,60.000000000000,60.000000000000
42.094294402814,51.658348254483,26.636157039312
60.000000000000,60.000000000000,60.000000000000
60.000000000000,60.000000000000,60.000000000000
60.000000000000,60.000000000000,60.000000000000
60.000000000000,60.000000000000,60.000000000000
60.000000000000,60.000000000000,60.000000000000
60.000000000000,60.000000000000,60.000000000000
22.877199602133,33.634585310005,29.535730507121
60.000000000000,60.000000000000,60.000000000000
60.000000000000,60.000000000000,60.000000000000
60.000000000000,60.000000000000,0.000000000000
60.000000000000,60.000000000000,60.000000000000
60.000000000000,60.000000000000,0.000000000000
17.392282213257,56.888622764801,51.556540976510
60.000000000000,60.000000000000,60.000000000000
60.000000000000,60.000000000000,60.000000000000
54.759662651297,26.590668168596,60.000000000000
60.000000000000,60.000000000000,60.000000000000
60.000000000000,60.000000000000,60.000000000000
60.000000000000,60.000000000000,60.000000000000
27.546100172713,4.447174138455,11.185030158153
15.905585754972,14.312751541588,60.000000000000
60.000000000000,60.000000000000,60.000000000000
60.000000000000,60.000000000000,60.000000000000
60.000000000000,60.000000000000,60.000000000000
60.000000000000,60.000000000000,60.000000000000
60.000000000000,60.000000000000,60.000000000000
60.000000000000,60.000000000000,60.000000000000
60.000000000000,60.000000000000,60.000000000000
60.000000000000,60.000000000000,60.000000000000
60.000000000000,60.000000000000,60.000000000000
60.000000000000,60.000000000000,60.000000000000
20.741451237637,17.517985851354,13.332326199701
60.000000000000,60.000000000000,60.000000000000
60.000000000000,60.000000000000,60.000000000000
60.000000000000,60.000000000000,60.000000000000
16.319444918853,40.177669824929,15.814597050856
60.000000000000,60.000000000000,60.000000000000
60.000000000000,60.000000000000,60.000000000000
60.000000000000,60.000000000000,60.000000000000
30.507537537298,19.165257622985,60.000000000000
60.000000000000,60.000000000000,60.000000000000
60.000000000000,60.000000000000,60.000000000000
46.114657699264,17.856516868543,16.707692455721
60.000000000000,60.000000000000,60.000000000000
60.000000000000,60.000000000000,60.000000000000
60.000000000000,60.000000000000,60.000000000000
60.000000000000,60.000000000000,60.000000000000
60.000000000000,60.000000000000,60.000000000000
60.000000000000,60.000000000000,60.000000000000
60.000000000000,60.000000000000,60.000000000000
56.503648832575,39.277393431683,36.730177359480
60.000000000000,60.000000000000,60.000000000000
60.000000000000,60.000000000000,60.000000000000
60.000000000000,60.000000000000,60.000000000000
25.502686189875,9.201458294855,42.062930711112
60.000000000000,60.000000000000,60.000000000000
60.000000000000,60.000000000000,60.000000000000
60.000000000000,60.000000000000,60.000000000000
60.000000000000,60.000000000000,60.000000000000
60.000000000000,60.000000000000,60.000000000000
53.168156959861,0.328914583331,12.720223915971
60.000000000000,60.000000000000,60.000000000000
60.000000000000,60.000000000000,60.000000000000
0.000000000000,8.720801673955,60.000000000000
60.000000000000,60.000000000000,60.000000000000
60.000000000000,60.000000000000,60.000000000000
60.000000000000,60.000000000000,60.000000000000
60.000000000000,60.000000000000,60.000000000000
60.000000000000,60.000000000000,60.000000000000
1.786726914600,60.000000000000,60.000000000000
60.000000000000,60.000000000000,60.000000000000
0.000000000000,60.000000000000,60.000000000000
60.000000000000,60.000000000000,60.000000000000
38.168235448932,60.000000000000,0.000000000000
60.000000000000,60.000000000000,60.000000000000
60.000000000000,60.000000000000,60.000000000000
60.000000000000,60.000000000000,60.000000000000
60.000000000000,60.000000000000,60.000000000000
60.000000000000,60.000000000000,60.000000000000
54.971308822086,30.073081940920,39.858520290957
60.000000000000,60.000000000000,60.000000000000
60.000000000000,60.000000000000,60.000000000000
2.635950354521,1.571224408655,46.689439168344
60.000000000000,60.000000000000,60.000000000000
49.434530883627,56.876024533908,37.174775247266
60.000000000000,60.000000000000,60.000000000000
60.000000000000,60.000000000000,60.000000000000
60.000000000000,60.000000000000,60.000000000000
60.000000000000,60.000000000000,60.000000000000
60.000000000000,60.000000000000,60.000000000000
60.000000000000,60.000000000000,60.000000000000
32.036879821875,14.684870036150,14.984390284814
60.000000000000,60.000000000000,60.000000000000
40.824367334806,12.111037542513,11.529082610123
60.000000000000,60.000000000000,45.411965649176
60.000000000000,60.000000000000,60.000000000000
12.569824265134,27.583240821698,19.227958674891
60.000000000000,60.000000000000,60.000000000000
51.290660491458,24.409986030958,17.052226916634
60.000000000000,60.000000000000,60.000000000000
60.000000000000,60.000000000000,60.000000000000
60.000000000000,60.000000000000,60.000000000000
33.445541209969,52.934890738167,51.030256588244
44.138931711097,57.091950283943,33.713252142096
60.000000000000,60.000000000000,60.000000000000
53.311969497928,16.551530136410,43.729039020304
10.037567720081,42.968347106430,6.297133888836
60.000000000000,60.000000000000,60.000000000000
60.000000000000,60.000000000000,60.000000000000
60.000000000000,60.000000000000,60.000000000000
60.000000000000,60.000000000000,60.000000000000
60.000000000000,60.000000000000,60.000000000000
60.000000000000,60.000000000000,60.000000000000
60.000000000000,60.000000000000,60.000000000000
60.000000000000,60.000000000000,60.000000000000
4.131629714216,52.336848007355,11.121979803781
48.287381216771,9.118556111318,38.160024989030
60.000000000000,60.000000000000,60.000000000000
60.000000000000,60.000000000000,60.000000000000
60.000000000000,60.000000000000,60.000000000000
60.000000000000,60.000000000000,60.000000000000
47.454809276134,15.416156111206,17.066957717998
60.000000000000,60.000000000000,60.000000000000
60.000000000000,60.000000000000,0.000000000000
60.000000000000,60.000000000000,60.000000000000
60.000000000000,60.000000000000,60.000000000000
60.000000000000,60.000000000000,60.000000000000
60.000000000000,60.000000000000,0.000000000000
60.000000000000,60.000000000000,60.000000000000
60.000000000000,60.000000000000,60.000000000000
52.517076379136,29.623535753682,34.217802601303
0.000000000000,60.000000000000,60.000000000000
0.000000000000,60.000000000000,60.000000000000
60.000000000000,60.000000000000,60.000000000000
60.000000000000,60.000000000000,60.000000000000
60.000000000000,60.000000000000,60.000000000000
60.000000000000,60.000000000000,60.000000000000
60.000000000000,60.000000000000,60.000000000000
60.000000000000,60.000000000000,60.000000000000
60.000000000000,60.000000000000,0.000000000000
60.000000000000,60.000000000000,60.000000000000
60.000000000000,60.000000000000,0.000000000000
60.000000000000,60.000000000000,60.000000000000
60.000000000000,60.000000000000,60.000000000000
60.000000000000,60.000000000000,0.000000000000
60.000000000000,60.000000000000,60.000000000000
60.000000000000,60.000000000000,12.811940454898
60.000000000000,60.000000000000,0.000000000000
60.000000000000,60.000000000000,60.000000000000
60.000000000000,60.000000000000,60.000000000000
59.091751734383,2.929250488351,8.422989370695
60.000000000000,60.000000000000,60.000000000000
34.385915712583,48.353551827857,18.832890213311
60.000000000000,60.000000000000,0.000000000000
60.000000000000,60.000000000000,60.000000000000
29.331220293528,13.043066972197,53.189717038778
60.000000000000,60.000000000000,0.000000000000
0.000000000000,60.000000000000,60.000000000000
59.915453409046,31.152413367158,49.294063356141
47.529681933445,15.435968965790,14.158526935604
60.000000000000,60.000000000000,0.000000000000
60.000000000000,60.000000000000,60.000000000000
60.000000000000,60.000000000000,60.000000000000
52.044429026782,29.727148819098,32.917399033490
60.000000000000,60.000000000000,60.000000000000
60.000000000000,60.000000000000,60.000000000000
60.000000000000,60.000000000000,60.000000000000
60.000000000000,60.000000000000,60.000000000000
60.000000000000,60.000000000000,60.000000000000
60.000000000000,60.000000000000,60.000000000000
52.394416173266,28.033062321015,6.292698927224
10.589266840599,31.658882120284,60.000000000000
60.000000000000,60.000000000000,60.000000000000
60.000000000000,60.000000000000,60.000000000000
57.864577948675,49.399974125367,9.691014741167
46.299936230548,10.875543308781,26.343153400661
60.000000000000,60.000000000000,60.000000000000
41.239366283914,43.925070841567,50.016177270877
60.000000000000,60.000000000000,60.000000000000
60.000000000000,60.000000000000,60.000000000000
52.610043642731,23.214333186027,5.824665637381
60.000000000000,60.000000000000,60.000000000000
60.000000000000,60.000000000000,60.000000000000
60.000000000000,60.000000000000,60.000000000000
60.000000000000,60.000000000000,0.000000000000
60.000000000000,60.000000000000,0.000000000000
60.000000000000,60.000000000000,60.000000000000
60.000000000000,60.000000000000,60.000000000000
60.000000000000,60.000000000000,60.000000000000
60.000000000000,60.000000000000,60.000000000000
60.000000000000,60.000000000000,60.000000000000
47.684875270072,44.637288561387,58.555432528373
22.576791928093,12.772361369298,46.517678168913
60.000000000000,60.000000000000,60.000000000000
60.000000000000,60.000000000000,0.000000000000
39.039220481238,53.300639018396,54.487603088183
60.000000000000,60.000000000000,60.000000000000
30.706946258410,52.279004234521,42.746251806900
60.000000000000,60.000000000000,60.000000000000
60.000000000000,60.000000000000,60.000000000000
41.731264946831,60.000000000000,5.460671649558
60.000000000000,60.000000000000,0.000000000000
60.000000000000,60.000000000000,60.000000000000
60.000000000000,60.000000000000,60.000000000000
60.000000000000,60.000000000000,0.000000000000
60.000000000000,60.000000000000,0.000000000000
50.037731110631,30.961431962185,40.956044403482
60.000000000000,60.000000000000,0.000000000000
60.000000000000,60.000000000000,60.000000000000
60.000000000000,60.000000000000,60.000000000000
60.000000000000,60.000000000000,60.000000000000
60.000000000000,60.000000000000,60.000000000000
60.000000000000,60.000000000000,60.000000000000
23.077466925926,11.576165255578,48.005311117064
60.000000000000,60.000000000000,60.000000000000
60.000000000000,60.000000000000,43.516599894158
60.000000000000,60.000000000000,60.000000000000
60.000000000000,60.000000000000,60.000000000000
24.039227176464,52.160477397115,34.489680345035
18.902891524469,5.160165360961,9.639956242548
60.000000000000,60.000000000000,60.000000000000
60.000000000000,60.000000000000,60.000000000000
60.000000000000,60.000000000000,60.000000000000
60.000000000000,60.000000000000,0.000000000000
60.000000000000,60.000000000000,60.000000000000
60.000000000000,60.000000000000,60.000000000000
60.000000000000,60.000000000000,60.000000000000
7.738007732675,12.146672482873,33.146565856230
60.000000000000,60.000000000000,60.000000000000
60.000000000000,60.000000000000,60.000000000000
60.000000000000,60.000000000000,60.000000000000
60.000000000000,60.000000000000,60.000000000000
60.000000000000,60.000000000000,60.000000000000
60.000000000000,60.000000000000,60.000000000000
60.000000000000,60.000000000000,60.000000000000
0.000000000000,60.000000000000,60.000000000000
60.000000000000,60.000000000000,60.000000000000
60.000000000000,60.000000000000,60.000000000000
60.000000000000,60.000000000000,60.000000000000
60.000000000000,60.000000000000,60.000000000000
49.645968745328,56.876405989315,11.935330161676
60.000000000000,60.000000000000,60.000000000000
22.942463625962,21.543938946160,23.168128422784
60.000000000000,60.000000000000,60.000000000000
60.000000000000,60.000000000000,0.000000000000
60.000000000000,60.000000000000,60.000000000000
60.000000000000,60.000000000000,60.000000000000
60.000000000000,60.000000000000,60.000000000000
60.000000000000,60.000000000000,60.000000000000
24.717487940155,17.024704365793,45.380051531874
60.000000000000,60.000000000000,60.000000000000
1.040353906866,51.353787639590,21.002527219695
60.000000000000,60.000000000000,60.000000000000
60.000000000000,60.000000000000,60.000000000000
60.000000000000,60.000000000000,60.000000000000
60.000000000000,60.000000000000,60.000000000000
0.000000000000,60.000000000000,60.000000000000
60.000000000000,60.000000000000,60.000000000000
60.000000000000,60.000000000000,0.000000000000
60.000000000000,60.000000000000,60.000000000000
60.000000000000,60.000000000000,60.000000000000
60.000000000000,60.000000000000,60.000000000000
60.000000000000,60.000000000000,60.000000000000
21.126770762821,60.000000000000,37.785343965140
32.512617541236,32.220822106756,55.307965491057
60.000000000000,60.000000000000,60.000000000000
60.000000000000,60.000000000000,60.000000000000
60.000000000000,60.000000000000,60.000000000000
60.000000000000,60.000000000000,60.000000000000
60.000000000000,60.000000000000,0.000000000000
45.132893927977,42.207632298346,12.011434820010
60.000000000000,60.000000000000,60.000000000000
60.000000000000,60.000000000000,60.000000000000
60.000000000000,60.000000000000,60.000000000000
56.327874439455,35.652583926964,43.019168332930
60.000000000000,60.000000000000,0.000000000000
54.882721951306,2.648421603067,9.209975210832
60.000000000000,60.000000000000,60.000000000000
60.000000000000,60.000000000000,0.000000000000
60.000000000000,60.000000000000,60.000000000000
28.399260079835,60.000000000000,60.000000000000
60.000000000000,60.000000000000,60.000000000000
60.000000000000,60.000000000000,60.000000000000
60.000000000000,60.000000000000,60.000000000000
60.000000000000,60.000000000000,60.000000000000
60.000000000000,60.000000000000,60.000000000000
60.000000000000,60.000000000000,60.000000000000
47.226316720164,45.773228760277,21.204146168421
50.713197524216,22.497340061934,0.082419702149
60.000000000000,60.000000000000,60.000000000000
6.272658628150,52.574893537039,2.846964066647
60.000000000000,60.000000000000,60.000000000000
60.000000000000,60.000000000000,60.000000000000
47.081448399956,38.548892895109,6.102531094067
60.000000000000,60.000000000000,60.000000000000
60.000000000000,60.000000000000,60.000000000000
60.000000000000,60.000000000000,0.000000000000
60.000000000000,60.000000000000,0.000000000000
41.524927604685,26.679631659394,31.802788696255
45.581376166465,24.274056742120,56.130931014044
60.000000000000,60.000000000000,60.000000000000
60.000000000000,60.000000000000,60.000000000000
2.890388040516,4.476123490564,34.577285541288
60.000000000000,60.000000000000,0.000000000000
60.000000000000,60.000000000000,0.000000000000
60.000000000000,60.000000000000,60.000000000000
60.000000000000,60.000000000000,60.000000000000
60.000000000000,60.000000000000,60.000000000000
