x,y,z
0.423132939016,44.986223243449,5.543467508204
4.742150732229,33.351598391141,34.157910654250
2.389005743553,21.473353433531,53.324063459540
40.525705608195,57.242067111969,38.088817873860
5.272590679874,50.369278746923,59.397712950904
60.000000000000,60.000000000000,60.000000000000
4.105352767257,5.476200659253,27.414898564460
2.057745637965,32.870355422671,31.390083882872
60.000000000000,60.000000000000,60.000000000000
0.324386073919,24.471396005955,26.924843835508
5.289241166063,28.498334216257,47.497535240971
60.000000000000,60.000000000000,60.000000000000
0.071707947667,9.268915711627,23.022266068331
13.390131988808,12.692056226948,32.048296667746
1.689713349916,22.080230122111,23.661789002364
60.000000000000,60.000000000000,0.000000000000
5.456693180392,10.666072709800,49.724858898945
51.127852610370,6.684806639043,36.323086859339
60.000000000000,60.000000000000,0.000000000000
5.395564522668,29.986886128845,35.584059843741
8.856463392836,54.801552123830,59.598079394314
12.585383671354,46.516521953573,11.538362007228
4.767677459003,58.317605368711,22.642894229551
49.250183876114,32.606256014542,10.298564003127
3.902835448633,34.584363299613,51.903216729317
1.572088958842,12.944795551868,41.943281760937
11.321140889059,29.496540479060,17.913225915771
60.000000000000,60.000000000000,0.000000000000
0.288653617653,58.472743582016,36.094156651502
2.943213454020,18.244401738699,29.925841180879
0.079504487720,46.079956699698,43.281383159162
8.665592815215,31.741550252507,33.509980989302
2.961468193022,4.154409885350,3.154260588021
2.947632179113,36.892621858626,21.010948979988
60.000000000000,60.000000000000,60.000000000000
60.000000000000,60.000000000000,0.000000000000
60.000000000000,60.000000000000,60.000000000000
4.876705687992,25.197526376265,30.750814863020
0.227441081695,11.013359627814,41.849401722720
60.000000000000,60.000000000000,60.000000000000
11.881714051345,53.939819938780,1.724915184336
60.000000000000,60.000000000000,0.000000000000
0.235868505622,2.765590653106,17.146675624869
10.814743032614,28.458868713025,16.780270225633
8.467244980954,53.592328144675,15.638229930036
5.096617917451,38.337152540623,42.187263515825
10.662558550064,27.202057844713,27.148317418456
16.426534361291,24.546641429124,34.957675011283
49.909519736877,55.965645721528,22.056751452699
24.396622659668,52.968299255941,59.226196992348
2.186700341259,38.213444276815,50.121886577910
60.000000000000,60.000000000000,60.000000000000
3.761274968912,9.446603973512,52.069040385853
1.492237452679,3.537739385719,41.201847351620
0.240868031362,23.591140152213,13.860128895984
60.000000000000,60.000000000000,60.000000000000
45.471434820618,41.219354404431,3.958895835232
0.000000000000,60.000000000000,60.000000000000
60.000000000000,60.000000000000,0.000000000000
6.805727225806,17.467416498973,31.775597001631
60.000000000000,19.364331847266,47.520145163787
13.130330321178,50.717384863194,28.863842826213
60.000000000000,60.000000000000,60.000000000000
13.928199163186,0.775623804114,41.441801246832
3.183297847612,37.607089006945,55.811845475220
0.000000000000,60.000000000000,60.000000000000
1.353266159531,17.092167697154,12.170590504752
1.071570219366,24.543629549331,4.283321155162
4.140593280455,58.172267368091,44.061116313562
60.000000000000,60.000000000000,60.000000000000
18.914801537564,20.960172053920,30.933394665686
60.000000000000,60.000000000000,60.000000000000
60.000000000000,60.000000000000,60.000000000000
60.000000000000,60.000000000000,0.000000000000
1.624831321114,49.468621291576,33.041786355950
1.026545342716,26.863286441577,31.634674621410
0.452272527034,26.849237590647,38.092860147466
60.000000000000,60.000000000000,60.000000000000
27.448741151855,17.579740379872,36.328738575244
60.000000000000,60.000000000000,0.000000000000
60.000000000000,60.000000000000,60.000000000000
1.996454874173,38.824511214231,37.338597377649
5.591824336592,37.471071408420,5.085135687150
3.215669387500,33.975099623633,17.612282436487
25.326332167320,19.567815360796,2.028748329545
4.518335440456,35.635056807785,31.036013304172
11.356181144831,27.629192486557,23.051041744846
60.000000000000,60.000000000000,60.000000000000
27.405971785943,25.190879287662,58.365990409722
1.669690178612,37.010511181389,29.819789858641
9.276816296059,2.314139250109,52.352875136547
60.000000000000,60.000000000000,60.000000000000
60.000000000000,60.000000000000,0.000000000000
0.369881392702,22.853410625015,29.184508695651
0.294284249410,19.048487488222,13.380921282683
60.000000000000,60.000000000000,0.000000000000
1.981094970718,24.348764175837,43.454042318170
0.354728860765,21.008427354103,32.468947154265
2.283807388104,54.677563337626,39.131993649319
49.692023370641,47.432618585725,49.009567135200
6.642829597945,55.316253157200,36.372310572097
13.936156411520,25.722718894713,33.612683909626
28.725106380409,3.884847156641,56.037765718204
6.738776036702,37.002626144895,26.551979424623
7.618695351823,43.697015031592,23.658130838942
60.000000000000,60.000000000000,60.000000000000
60.000000000000,60.000000000000,60.000000000000
2.312415318925,30.756806662629,22.429605584879
16.051073415645,32.011310125703,3.986314367748
60.000000000000,60.000000000000,60.000000000000
55.069764736099,60.000000000000,36.730628862734
60.000000000000,60.000000000000,60.000000000000
46.013825215476,59.886620401642,31.862460501212
13.451399649863,33.244690373322,28.590946936591
60.000000000000,60.000000000000,60.000000000000
60.000000000000,60.000000000000,0.000000000000
60.000000000000,60.000000000000,0.000000000000
10.076821936514,27.896507783964,38.656900542014
37.558255347714,48.790917984674,50.243293853463
4.426916822853,38.499305859759,16.141271655252
60.000000000000,60.000000000000,0.000000000000
60.000000000000,60.000000000000,60.000000000000
25.458069179089,12.770022377412,48.023737525959
8.412062457261,32.689495828880,24.845929173600
60.000000000000,60.000000000000,60.000000000000
60.000000000000,60.000000000000,60.000000000000
12.229799311725,16.815132998926,7.619917411149
7.076413980035,34.727330922536,37.588409339846
6.116457714840,10.881762107406,9.103824652966
45.634865642162,32.961146666834,45.887196909959
60.000000000000,60.000000000000,60.000000000000
3.421011610880,31.121685225633,35.423598313880
2.509743798352,56.004182633935,18.729650469721
9.518029608368,42.141310611413,26.052228209063
4.180641980924,6.226803048548,59.434611773708
60.000000000000,60.000000000000,60.000000000000
60.000000000000,60.000000000000,60.000000000000
11.677180827892,26.887487873226,60.000000000000
6.434535644718,23.464765050277,6.279558127081
60.000000000000,60.000000000000,0.000000000000
25.138276536121,52.869201414331,11.166889646670
52.624103370596,4.790893937202,39.176697627307
60.000000000000,60.000000000000,60.000000000000
5.809915696328,23.903867859963,24.637164365418
9.639958294416,52.359494374558,47.801911843564
12.486991294065,54.653078693794,1.168817007650
9.463031214905,12.566591982945,27.156879308622
3.216867768571,20.845723323591,20.409106164313
30.799814149316,58.798454623225,12.568578928228
60.000000000000,28.354009824714,60.000000000000
6.965965931495,49.405536497246,35.996600119290
1.313719349646,42.298882031131,52.987020732139
9.031547293977,57.519875424056,37.810218624044
12.430234565209,19.157534923383,19.342035965243
60.000000000000,60.000000000000,60.000000000000
10.299955305819,34.615768039910,21.710315999160
6.737506125898,40.024554287506,3.358863575315
60.000000000000,60.000000000000,0.000000000000
5.225702632960,11.759084555933,3.337971237191
60.000000000000,60.000000000000,0.000000000000
1.097341371548,54.769633466826,18.860936044018
60.000000000000,60.000000000000,0.000000000000
6.631861215735,40.907449483103,31.926332760883
60.000000000000,60.000000000000,60.000000000000
60.000000000000,60.000000000000,60.000000000000
2.791125957715,26.282561434934,32.640697890524
4.946041823758,18.139144256115,53.518512954883
60.000000000000,60.000000000000,60.000000000000
17.330133940391,17.120996021675,34.594957861760
60.000000000000,60.000000000000,60.000000000000
60.000000000000,60.000000000000,0.000000000000
8.249821175275,28.286403157103,38.713154177537
60.000000000000,60.000000000000,60.000000000000
10.142774403228,30.899934705737,20.189591412454
4.280256343609,29.713767673349,17.191857926703
60.000000000000,60.000000000000,0.000000000000
55.539497939944,60.000000000000,60.000000000000
1.323411989776,27.786869197289,25.263674733112
33.304766837916,5.226223244123,23.591379412498
6.339282201838,37.262234463379,33.886413990646
60.000000000000,60.000000000000,60.000000000000
60.000000000000,60.000000000000,60.000000000000
49.153544752994,27.185538131656,43.108347807866
60.000000000000,60.000000000000,60.000000000000
19.502078217848,32.909363741875,60.000000000000
7.617713818075,23.728206869677,18.125239412205
45.632355866908,52.064851029464,16.663140673131
60.000000000000,14.035869354075,0.000000000000
11.444888690326,28.013014296099,45.858112582021
1.895467984438,34.844104525334,33.346224517273
35.253873290302,18.004341728156,22.038632116118
20.343670464396,9.382991481824,44.456506781701
7.103164990376,47.188079653383,56.352751186595
10.872821096702,31.182570990856,36.106010011548
18.988433103290,9.792955559162,57.184711271166
5.213973396609,23.319788343223,46.768673670122
13.438946274874,35.257167511289,29.824061385415
2.547202914935,18.890155093757,22.312022080673
35.043848182564,12.252056236359,27.388040567150
60.000000000000,60.000000000000,60.000000000000
60.000000000000,60.000000000000,60.000000000000
0.000000000000,60.000000000000,60.000000000000
10.930868390103,40.855111538788,50.385642298225
26.578667458205,19.584583535723,18.401318551394
33.555887712412,23.639863789293,27.229075839765
9.296190480006,33.781396318972,33.590343473671
9.047039441671,29.901864699871,7.179062610209
28.089583180426,25.537812278307,44.540654827415
9.482949109978,10.639560533371,12.734211103740
45.780777000017,7.403343169304,3.372535410597
9.778794490812,50.748685054735,58.501299729751
60.000000000000,60.000000000000,60.000000000000
32.095719671281,13.338454126385,56.399480880383
60.000000000000,60.000000000000,60.000000000000
11.382502228105,15.806978686599,22.435702508869
60.000000000000,60.000000000000,60.000000000000
7.569200125581,31.552765318314,55.180500687896
12.287888664468,2.527066894899,17.350704197133
11.643632440408,54.798592789189,57.980459433894
60.000000000000,60.000000000000,60.000000000000
60.000000000000,60.000000000000,0.000000000000
10.733095186692,39.958449342351,20.352574582621
46.974577920931,11.555482160829,38.239419251945
18.999378520693,33.616268357704,40.916926054699
60.000000000000,60.000000000000,60.000000000000
12.758672286135,26.507141511106,31.836341116113
60.000000000000,60.000000000000,60.000000000000
60.000000000000,60.000000000000,60.000000000000
49.416129343401,58.271145688628,14.325772822465
14.010085076374,27.102085054525,59.220242199721
30.560684322510,10.673122839099,49.983376263990
20.636695759939,48.871415139121,18.273130254841
60.000000000000,41.690894003131,30.405515242758
60.000000000000,60.000000000000,60.000000000000
60.000000000000,60.000000000000,60.000000000000
3.170734621991,49.045780990105,13.007109101450
14.609123536774,43.446414915258,16.661279337191
40.974553917376,60.000000000000,18.922128373212
8.739095645985,27.922205755039,29.136217684924
60.000000000000,60.000000000000,60.000000000000
6.870129353075,6.082226944038,29.613642184848
3.055603471861,20.726974977746,22.539233690419
12.189188009525,55.416388700757,20.187821862995
60.000000000000,60.000000000000,60.000000000000
9.024028206466,55.568033861227,17.299452605437
12.012523294588,17.364228763181,26.510843012370
9.771102067234,51.553529727339,24.322287798856
60.000000000000,60.000000000000,0.000000000000
5.297924561248,59.563802035724,53.185101967055
24.028030246807,47.598919578158,13.067043665046
22.934463291832,11.984248130096,50.756692981496
3.566517446918,0.128553614377,43.517629863964
14.369031204717,18.167768534053,24.304603261489
3.446105753875,30.764449218117,27.918613544487
12.022031996739,5.444360174576,14.086943443359
60.000000000000,60.000000000000,60.000000000000
8.026310277850,51.149843134792,18.655477327232
14.356248766419,24.187543252703,32.937754248996
9.058668993661,1.644622674203,41.328063134718
37.183570326799,49.464988766016,54.243452895114
60.000000000000,60.000000000000,60.000000000000
60.000000000000,60.000000000000,0.000000000000
33.373129107366,43.588538049768,60.000000000000
16.539037244589,42.543906231505,39.273022913678
60.000000000000,60.000000000000,60.000000000000
60.000000000000,60.000000000000,60.000000000000
4.877820014982,6.053610313243,13.820463685280
60.000000000000,60.000000000000,60.000000000000
60.000000000000,60.000000000000,60.000000000000
49.339405545051,43.273220633807,60.000000000000
60.000000000000,60.000000000000,0.000000000000
6.264749463630,35.276724245734,16.598714809179
60.000000000000,9.757053416851,0.000000000000
10.671036062126,31.247193751478,26.714610408064
36.191058893420,50.896811449464,19.092809459855
8.803305686095,22.448173576386,19.559319707752
7.237002361021,42.428014767472,9.536766504402
8.100571649820,31.701391659333,24.904889534457
35.481185844941,16.560315752846,60.000000000000
60.000000000000,60.000000000000,60.000000000000
60.000000000000,60.000000000000,60.000000000000
8.968122059898,41.070383616815,25.226799897543
32.822865593950,60.000000000000,4.662623723494
6.576441612412,15.297478341956,38.701389225694
10.283232529082,49.008863209378,49.503493175250
39.987403302306,34.432392702748,3.064370446269
10.090099160884,48.505385020674,17.178782082104
10.522095757108,48.250997143339,32.813247471251
60.000000000000,60.000000000000,0.000000000000
29.730099631196,39.008603593036,37.058644979767
11.202660207366,25.502517773119,33.284753296294
60.000000000000,60.000000000000,0.000000000000
40.861059585142,34.059184589857,23.428155417698
60.000000000000,60.000000000000,0.000000000000
32.291534273934,29.268757310782,38.158939416787
60.000000000000,60.000000000000,60.000000000000
11.439828886703,48.409304051160,44.843722266516
60.000000000000,60.000000000000,0.000000000000
12.072245762821,32.808949610973,50.456691455770
60.000000000000,60.000000000000,60.000000000000
14.452900312720,15.729633797221,37.717127574993
7.295944561110,29.978407319329,23.216151235285
60.000000000000,60.000000000000,60.000000000000
19.249701570790,19.264266551077,43.857875757659
60.000000000000,60.000000000000,60.000000000000
12.520549100923,21.952379342019,22.376877819173
10.977142245863,57.553306816276,35.050831855564
60.000000000000,60.000000000000,60.000000000000
13.470049585944,49.206390429033,23.570993602813
60.000000000000,60.000000000000,60.000000000000
60.000000000000,60.000000000000,60.000000000000
12.555537616169,27.052197987297,43.155352371036
15.169474017017,52.593906528963,24.660805658535
60.000000000000,60.000000000000,0.000000000000
16.259228847093,15.049596895340,14.357132836939
14.479584789389,41.848186502288,28.565264109869
60.000000000000,60.000000000000,60.000000000000
30.065421200694,44.233074560883,40.314606534555
41.173237747547,11.513344115914,32.842265592272
60.000000000000,60.000000000000,0.000000000000
15.489752306606,56.314430550210,24.461410533342
15.075056129341,34.644234048855,32.338992475176
60.000000000000,60.000000000000,0.000000000000
60.000000000000,60.000000000000,0.000000000000
25.935757297199,28.624342880781,24.910393713960
60.000000000000,60.000000000000,60.000000000000
12.489460127222,43.527525506832,49.195367596043
60.000000000000,60.000000000000,0.000000000000
41.598329867275,42.427670371258,48.952171904921
60.000000000000,60.000000000000,0.000000000000
16.882953619993,43.630493267926,8.897902485102
10.001559337521,28.883400638942,23.930647919549
60.000000000000,60.000000000000,60.000000000000
60.000000000000,60.000000000000,0.000000000000
15.531273362785,9.125211337392,37.226104520013
51.488330529080,39.225921321373,40.398144411925
15.041253134761,0.535835396233,38.285742427331
15.024755865359,22.676603378912,20.120071157046
15.105493962635,47.162563183536,49.985068648733
2.923731927253,17.813228768786,37.319356153982
12.706936303654,41.284388444984,7.695433158784
60.000000000000,60.000000000000,60.000000000000
60.000000000000,60.000000000000,60.000000000000
37.675391053328,13.708525337599,42.927640385920
3.075513561199,13.952802599309,38.338444930512
60.000000000000,60.000000000000,0.000000000000
14.617596853362,32.239986025952,22.867813253994
60.000000000000,60.000000000000,0.000000000000
14.530158893338,31.226249335619,29.488281384458
60.000000000000,60.000000000000,0.000000000000
2.676387217374,38.828828582223,22.685934927304
60.000000000000,60.000000000000,0.000000000000
6.815846748225,41.414138575899,60.000000000000
11.974554954171,29.849469762366,30.437823367124
51.342150791246,44.148117637878,49.911403640807
60.000000000000,60.000000000000,60.000000000000
60.000000000000,60.000000000000,60.000000000000
60.000000000000,60.000000000000,60.000000000000
15.002504780446,53.654227489127,18.459954635224
13.379112284344,29.742365117712,39.220047283024
60.000000000000,60.000000000000,60.000000000000
60.000000000000,60.000000000000,60.000000000000
49.391938736048,52.627451961256,60.000000000000
33.327989496523,48.962865696082,23.169571694477
60.000000000000,60.000000000000,60.000000000000
11.262154932203,60.000000000000,8.632869402892
0.516637092792,1.268644610869,52.992590034037
60.000000000000,60.000000000000,60.000000000000
10.441795942897,27.070746643117,10.828475155446
19.184315187991,29.717878289217,30.143731375296
13.759761017372,17.920948314193,27.356401668094
26.796621140243,9.156957478395,24.394297554409
52.662793424392,54.190947068952,25.427622116041
14.373410425731,7.768646051832,45.511214036672
60.000000000000,32.862230178581,41.839137680919
12.340042797154,26.215928099716,17.204953433415
60.000000000000,60.000000000000,60.000000000000
31.388375221708,29.719880749304,27.677055352606
14.903272843972,7.713116722609,43.067759719197
60.000000000000,60.000000000000,60.000000000000
13.321696638191,37.588296927549,2.511931979927
15.299372705140,29.364248002774,25.801432088213
12.369299433289,28.881991026903,8.255298054340
60.000000000000,60.000000000000,60.000000000000
60.000000000000,60.000000000000,60.000000000000
15.901235292850,27.257592073133,39.685560210886
59.009392590184,32.772492162442,12.011915067989
60.000000000000,60.000000000000,60.000000000000
12.154575755358,3.578340930037,31.132944778826
13.213329982573,34.500344970541,29.523783970177
60.000000000000,60.000000000000,60.000000000000
60.000000000000,60.000000000000,0.000000000000
14.096804783204,57.291683363232,16.697910266270
13.641818341917,26.709768354598,27.834549278889
9.124252864543,19.552896876894,33.252791839720
12.932609571686,29.256972790584,21.223295265186
14.000834239622,17.726438088141,4.133460445314
15.188771018644,24.672505911873,31.312126095845
12.095138285621,20.896863277761,55.935264651774
8.077280575848,52.738376936851,18.548331415203
60.000000000000,60.000000000000,60.000000000000
56.318437476467,50.703329204364,55.497083789519
60.000000000000,36.303757016608,41.908434063804
19.953670717589,24.897559143094,39.007771554085
19.874072599771,1.583716507354,53.350037634147
14.901092121998,27.840208390588,35.099590251346
19.047639929668,55.378331576716,45.086397095879
60.000000000000,60.000000000000,60.000000000000
60.000000000000,60.000000000000,60.000000000000
60.000000000000,60.000000000000,60.000000000000
60.000000000000,60.000000000000,60.000000000000
15.444692950024,34.206370079298,40.609188069474
29.133283990743,1.520269422647,16.101198365229
0.000000000000,0.000000000000,0.000000000000
17.658622459172,16.149050408682,26.867310669086
60.000000000000,60.000000000000,60.000000000000
17.732872418416,48.894660071611,4.280686801576
20.419385045821,32.786533763441,19.141732769364
17.134414467112,9.074145828863,29.883284090279
8.472899337674,56.937528118712,4.433157021217
36.696706079267,48.849426540497,16.651029152321
25.012887065141,30.360533342494,17.456946371651
17.588491314431,24.498793526052,41.269618524697
14.354665428898,15.752126434744,33.833603139028
55.108586598289,43.511206921590,53.595097853446
60.000000000000,60.000000000000,0.000000000000
16.219889067949,58.553943588968,6.183834805960
12.438565318565,36.925332678292,41.765230417514
60.000000000000,60.000000000000,60.000000000000
16.022008511619,40.562411529252,35.992488823741
23.947566968287,23.002579293051,37.846439720452
16.053032075193,24.677195123064,27.232792175155
45.933617157107,48.321546525414,39.413125918093
15.951431813315,36.218669178834,25.488065675105
13.049888230362,7.452681077559,55.320054523646
60.000000000000,60.000000000000,0.000000000000
55.356464870151,12.532378774623,3.876857844761
60.000000000000,60.000000000000,0.000000000000
60.000000000000,60.000000000000,60.000000000000
23.662538190137,38.442372040147,27.279477944287
42.382757763041,44.707907973579,0.405877966348
60.000000000000,60.000000000000,60.000000000000
44.217015774956,23.967730338383,43.314814166866
60.000000000000,60.000000000000,60.000000000000
23.436511125145,54.272733786289,6.258399795738
51.855801566593,41.254671615574,24.378126537213
4.985798452285,52.727288705459,53.317176604100
0.000000000000,0.000000000000,0.000000000000
19.822057119939,24.922172249161,57.805556923518
23.571441441827,36.603661435866,34.527339177093
60.000000000000,60.000000000000,60.000000000000
31.751536034276,37.479202056262,7.883464320840
19.051920133003,28.568260532991,1.925163727091
18.867443601897,21.744201471420,34.387123311052
60.000000000000,60.000000000000,60.000000000000
31.841277946808,15.232812088553,23.141532621618
60.000000000000,60.000000000000,60.000000000000
2.584418270609,36.402450514886,45.885790354087
19.970997829836,33.487584092965,51.083652240257
21.316674939579,25.600488105701,30.392931016832
1.533902688695,41.911489155377,1.401443103730
19.304418735337,35.908917734810,34.041494813649
15.944916924447,37.739452655229,7.592545339552
10.002341567557,30.467559063608,31.278761502024
16.368665598458,37.642938929557,52.010230044060
16.189184724689,34.170885672935,44.674007905316
60.000000000000,60.000000000000,60.000000000000
13.366769724206,31.697799143006,33.006476165185
13.902768416437,9.463609961660,18.741239970153
60.000000000000,60.000000000000,0.000000000000
23.522609422525,40.091475226054,59.747527775215
60.000000000000,60.000000000000,60.000000000000
18.704411653644,41.091213814174,42.214241844881
18.270178428825,30.498173313256,35.795416939659
14.387376876022,41.883928445833,29.060659929728
16.680434130353,24.850719591327,23.919755057026
60.000000000000,60.000000000000,60.000000000000
16.172400777297,27.885627957019,22.574728546481
9.157723329356,46.961254103685,40.363089644011
15.569318558813,19.586908906843,21.191965091829
18.898348512578,5.896470645140,12.727943689549
15.346876258504,45.176593543856,28.072744893483
28.779272949534,59.204466364188,36.010550738987
18.355639579599,41.537188998606,33.610035943420
60.000000000000,60.000000000000,60.000000000000
60.000000000000,60.000000000000,60.000000000000
7.105821337956,57.334798635516,12.067838839898
60.000000000000,60.000000000000,0.000000000000
17.570387220104,48.064716957108,43.581502924974
0.000000000000,0.305603866046,60.000000000000
18.688465636594,10.250060873488,47.222796611477
22.721109669246,23.789002795601,20.647629973477
60.000000000000,60.000000000000,0.000000000000
60.000000000000,60.000000000000,60.000000000000
18.643696038224,41.449888861031,3.166644919661
20.791192110707,14.310022043708,25.023026037162
60.000000000000,60.000000000000,0.000000000000
20.781249995059,23.001775915796,28.658929808515
60.000000000000,60.000000000000,60.000000000000
60.000000000000,60.000000000000,60.000000000000
22.658044394325,34.320472331631,45.008305725295
23.285924886223,32.974330848395,38.474908122901
60.000000000000,16.883161606981,0.000000000000
60.000000000000,60.000000000000,60.000000000000
60.000000000000,60.000000000000,60.000000000000
44.763737704693,9.168464885597,41.102893352775
22.673463794363,44.786952163260,24.575899668888
60.000000000000,60.000000000000,0.000000000000
60.000000000000,60.000000000000,60.000000000000
60.000000000000,60.000000000000,0.000000000000
27.107493516898,13.495041328245,29.227693044142
24.213810575772,45.234195186294,34.916723896560
6.958256928640,1.875456378699,0.000000000000
24.424250897428,36.960332233888,31.534180675652
22.472692111719,46.254137735555,56.782204708983
15.589468743841,30.682197442324,31.743077310179
22.514575140086,57.291964562482,10.082885901938
60.000000000000,60.000000000000,60.000000000000
21.666115264046,34.334377221275,26.797641086541
60.000000000000,60.000000000000,60.000000000000
44.112489704796,60.000000000000,55.989794459269
60.000000000000,60.000000000000,60.000000000000
23.267792820707,33.501232529458,12.167074550782
60.000000000000,60.000000000000,60.000000000000
24.072448282426,7.120031370301,1.471106355196
6.277384483902,8.169966718544,27.020185307429
21.096134954881,14.312964242521,22.650570653961
20.233607620563,49.146295567260,21.985230513827
60.000000000000,60.000000000000,60.000000000000
23.113976545871,36.576193168742,11.387113823459
60.000000000000,60.000000000000,60.000000000000
60.000000000000,60.000000000000,60.000000000000
3.715154699704,31.141217940541,33.644817763047
15.783430283264,20.593354001571,8.998658015829
60.000000000000,60.000000000000,60.000000000000
30.489662871512,31.146745405600,35.512889751595
8.832577226487,36.025854527713,15.855535445767
43.030022145415,38.819170208486,24.922979902621
32.008663897723,55.863852874061,46.912160395801
23.465738562860,36.505210771200,37.206719752771
23.316236906380,58.497506095990,28.379593664530
60.000000000000,60.000000000000,0.000000000000
60.000000000000,60.000000000000,0.000000000000
19.297520832050,32.956534600596,23.846982473252
23.911373086635,10.212601633249,51.814390483446
50.117266146194,22.083942175115,35.424899836281
54.810102753461,40.889447456799,22.803131941010
48.272501015399,28.804231115234,37.960757012754
8.049527388221,43.128542843364,32.043713057772
60.000000000000,60.000000000000,51.740050982166
53.708477298033,49.405105504333,42.223813830541
60.000000000000,60.000000000000,60.000000000000
20.252313509612,17.453810141847,50.804844901045
46.342732160713,2.737856164866,9.193540126148
16.700127368440,60.000000000000,39.653461653495
22.956097886533,42.315576043575,38.604703064185
60.000000000000,60.000000000000,60.000000000000
21.458601381404,39.575954421159,31.129789874973
7.467964615804,2.740046885878,54.070633843454
20.924298534487,18.958734346105,29.536713296397
60.000000000000,60.000000000000,60.000000000000
32.403976126214,51.809271144211,28.949022319080
18.828972652209,45.501430556026,30.206084571573
60.000000000000,60.000000000000,0.000000000000
60.000000000000,60.000000000000,23.979095308210
60.000000000000,60.000000000000,0.000000000000
21.733422283395,17.263799711251,37.749653299856
58.836656354863,13.558609257828,22.801519734979
22.391516344867,0.225689147282,31.677882443243
60.000000000000,60.000000000000,0.000000000000
20.649749006377,8.837144118419,26.776374860771
57.169506640359,22.230074548725,7.849535388093
42.943013898077,35.062860586475,30.433333264769
22.408678428731,18.062257177737,27.674589245001
21.434944121688,10.932547510077,17.366454552335
4.462785132015,12.433761151661,54.227632334411
1.413773104455,47.793763042148,51.650572709567
60.000000000000,60.000000000000,60.000000000000
22.264825901382,9.388486545887,47.181328850872
26.829529506628,23.203298315141,28.185280449347
5.999589427095,42.091227070644,9.671196351257
60.000000000000,60.000000000000,60.000000000000
60.000000000000,60.000000000000,60.000000000000
8.801400210043,51.273636848487,51.787332895572
20.163131237152,40.908712190424,8.090699292242
17.407857186065,22.571651151784,36.173622123773
20.124284642996,51.150154735594,22.543730958638
1.748605712694,34.269249497763,21.908423239802
22.388643930181,34.616949822147,57.010682063559
60.000000000000,60.000000000000,0.000000000000
14.103619199964,12.321984398467,4.481956790193
60.000000000000,60.000000000000,0.000000000000
16.587609229245,8.872564018132,35.975617589640
24.287705076233,27.544281492919,20.658651745165
23.266787387016,45.330100442937,30.598781287659
3.634483934429,52.295182588488,37.654861288394
0.035210558517,54.612606547839,58.153657902689
21.341695997319,21.596658509071,21.988159528143
4.743293165125,52.930924416956,16.115105150257
60.000000000000,60.000000000000,34.068124526729
60.000000000000,60.000000000000,0.000000000000
60.000000000000,60.000000000000,60.000000000000
26.722487626953,19.691717660027,47.290423249828
60.000000000000,60.000000000000,0.000000000000
3.370173557178,9.992425521046,14.480332958498
15.860370231118,48.828555506939,28.184055079282
24.136447253214,18.336541534489,25.736638838639
60.000000000000,60.000000000000,0.000000000000
28.668888907996,26.008276086124,53.763995626196
8.264013870690,36.120420900301,49.959238926343
60.000000000000,60.000000000000,60.000000000000
28.963227910072,28.994541252170,45.548478482838
60.000000000000,60.000000000000,60.000000000000
60.000000000000,60.000000000000,60.000000000000
5.898947289749,2.781869439711,18.408919806113
60.000000000000,60.000000000000,60.000000000000
26.632558536530,6.607070142784,13.904887511785
60.000000000000,60.000000000000,60.000000000000
29.992377924683,13.622708617041,2.278767432871
22.857318155481,40.835546956118,37.279117909514
56.568037614663,26.132498427811,4.501270438410
10.236914369399,9.852849975275,40.595906743010
60.000000000000,60.000000000000,60.000000000000
60.000000000000,60.000000000000,60.000000000000
60.000000000000,60.000000000000,60.000000000000
55.854203313546,53.155728272273,31.259317335179
60.000000000000,60.000000000000,60.000000000000
22.313867890964,45.093773388749,25.645723079480
26.264299616548,16.945015957520,0.397355846487
60.000000000000,60.000000000000,60.000000000000
58.311013091166,52.723086982854,21.260161469394
27.819931088721,40.878042903518,36.259356754695
28.511381734837,36.538339926591,17.216151745842
60.000000000000,60.000000000000,60.000000000000
52.675655340522,5.895050099430,16.467238299638
60.000000000000,60.000000000000,60.000000000000
25.867222894500,51.925861496065,25.142924841432
60.000000000000,60.000000000000,0.000000000000
23.341136113503,19.538083321508,59.960106332278
60.000000000000,60.000000000000,60.000000000000
25.282704570945,36.297235741946,8.588504335816
4.308265763085,6.854712206381,28.375729602201
51.647584485690,11.993555188696,14.653168912754
60.000000000000,60.000000000000,60.000000000000
60.000000000000,60.000000000000,60.000000000000
22.971129557068,28.695398083834,33.950484034696
55.061541569185,57.662657946996,36.333002242318
25.441067105867,20.845884725865,25.635665698720
24.020100427967,5.032281493316,51.438158087347
60.000000000000,60.000000000000,60.000000000000
60.000000000000,60.000000000000,60.000000000000
14.068118527145,30.423152635801,3.841612499816
60.000000000000,60.000000000000,60.000000000000
42.039715986257,18.980395061774,48.384823874664
60.000000000000,60.000000000000,60.000000000000
60.000000000000,60.000000000000,60.000000000000
25.971979159430,43.210549551937,19.047709013368
25.802048126897,35.275427610142,25.115165710550
60.000000000000,60.000000000000,60.000000000000
60.000000000000,60.000000000000,60.000000000000
26.112376952848,17.128383446141,12.273949092458
31.473904253763,15.490656188626,1.399065132739
25.044418814748,14.851224032657,11.609794614798
60.000000000000,56.245482383873,29.358391279219
27.964026692688,7.679695326382,49.507967070366
56.176036929223,34.948070811962,17.013476211646
25.815248513957,17.352400854448,18.718425036728
27.553534701744,34.465009483088,22.036770923943
31.279048514412,24.129086140539,58.738537966526
24.012014902172,28.749214355506,39.951276641542
25.042976776572,31.153544345491,54.046849798876
25.736586772603,20.393110206403,36.868622221507
59.652336330585,11.117391852884,22.452540206522
60.000000000000,60.000000000000,60.000000000000
50.904822872245,51.309067174872,47.621582329882
9.774311472375,7.486287325318,17.524760739314
24.543095630454,9.405919068043,34.901022877538
60.000000000000,60.000000000000,60.000000000000
27.768516798478,39.500781147416,48.509354583133
18.088484394071,20.916806002806,41.498900165683
60.000000000000,60.000000000000,60.000000000000
60.000000000000,60.000000000000,60.000000000000
60.000000000000,60.000000000000,60.000000000000
23.533360231080,32.536024082544,26.765221771055
23.969050743048,56.766459663086,12.838089793345
26.665075378759,20.377735312037,29.365637512861
27.159841888600,12.521702499054,24.580568493493
60.000000000000,60.000000000000,60.000000000000
26.229697451262,23.794586817348,14.780272509961
12.558433084764,11.315266056357,36.830191490592
33.372500377185,48.824505408380,57.288939557802
60.000000000000,60.000000000000,60.000000000000
56.344114196287,11.215196478084,37.995303142060
24.519100507797,28.680751590884,27.975951997252
27.830183536587,48.566893574881,57.327959286439
60.000000000000,60.000000000000,60.000000000000
24.383005078007,31.852679043720,40.931351027923
60.000000000000,60.000000000000,60.000000000000
36.771134527371,49.300470068976,46.219869461001
60.000000000000,60.000000000000,60.000000000000
30.246691178196,56.964324916118,40.253008219991
60.000000000000,60.000000000000,0.000000000000
30.647185273877,58.168702459080,48.109683587988
30.681675385827,39.828023182637,26.923019302858
60.000000000000,60.000000000000,60.000000000000
34.638521271239,52.812373641433,11.945314374752
32.622959239480,24.220220184531,47.263928815595
32.095530224547,22.211297743989,38.796322104635
51.441467868895,22.276111771023,37.187322741187
32.951966519613,29.794085848369,13.006275797560
28.922994972792,22.180546359564,56.338934661043
33.106245506203,37.201235703362,42.224495354363
15.233822345937,39.183004056214,10.260741944671
60.000000000000,60.000000000000,60.000000000000
35.008511103481,47.212550963588,21.252851333238
60.000000000000,60.000000000000,60.000000000000
31.875750326776,15.505184328086,18.961971159563
34.758658785514,45.286917861737,37.784989830584
5.433882975265,52.976335378157,24.290981336184
60.000000000000,60.000000000000,60.000000000000
30.101175132738,13.510717211832,58.483773206192
60.000000000000,60.000000000000,60.000000000000
25.042618506437,45.156367803517,12.830385870482
25.131446475223,42.355283684682,1.926101060558
50.235263408230,3.084723024324,53.029394681891
60.000000000000,60.000000000000,60.000000000000
22.189597238483,59.454801994398,49.068927855802
32.041971036487,32.292100347180,38.220713148917
32.150568001843,30.074833240232,34.421254750785
60.000000000000,60.000000000000,60.000000000000
60.000000000000,60.000000000000,60.000000000000
3.088255707848,32.216313861369,52.588378866083
30.085548989877,49.238073431489,31.178193486452
17.007199372895,33.955630962408,20.673546406641
60.000000000000,60.000000000000,60.000000000000
35.033338664380,43.066352685971,44.124279958975
57.928144966360,47.180962360790,16.154050757601
34.023557469880,28.930824404912,23.640116482352
2.492946141482,37.061619858144,42.013344470387
60.000000000000,60.000000000000,60.000000000000
60.000000000000,60.000000000000,60.000000000000
60.000000000000,60.000000000000,60.000000000000
31.364219583262,57.767020956961,14.231009152014
29.272541714724,5.217454902637,7.327182144509
36.073396789747,42.446582284265,43.109871185979
39.705651345211,4.763243342175,60.000000000000
25.562647745563,3.640221270552,0.089580676774
24.640995481888,52.808553258719,53.416348431455
31.131207812328,55.706275537105,58.102872263642
30.750441950102,34.780850892141,36.285321290318
17.807589505326,56.008733618502,56.921401525280
60.000000000000,60.000000000000,60.000000000000
33.730012871598,59.933791684020,23.159039523604
29.104672039806,23.582728666594,28.256710146731
29.028674531601,39.162524213391,13.787607273069
60.000000000000,60.000000000000,60.000000000000
27.025458502048,45.373578672790,13.374870456319
26.738142588784,30.855113838200,36.871385383840
2.601671881200,20.837017081313,1.239333953992
60.000000000000,60.000000000000,60.000000000000
60.000000000000,60.000000000000,60.000000000000
60.000000000000,60.000000000000,60.000000000000
60.000000000000,60.000000000000,60.000000000000
34.213824073121,33.572542456984,27.311362380715
29.017550062957,53.069471818269,48.564125614475
40.786805938030,30.088864882147,24.474679225844
31.209074272111,17.777316008176,59.792211276778
29.949227379968,25.589388425892,23.386129740881
49.077837341015,60.000000000000,42.861388301311
28.070668591772,21.145896626063,31.803282895768
60.000000000000,60.000000000000,60.000000000000
60.000000000000,60.000000000000,60.000000000000
0.881044197409,46.640977771054,25.264196233795
21.792996309527,30.292490287141,31.976987401249
30.423959493460,30.800056167220,45.624121404993
12.573548762139,1.498170203878,41.110239970823
32.208047499072,45.265845618352,26.042899407671
38.796120983194,22.057462767323,50.220889060168
28.018184717008,9.589268896082,50.772321430576
60.000000000000,41.757557151635,60.000000000000
27.506974715889,21.943178288386,23.222173688931
60.000000000000,60.000000000000,60.000000000000
14.835012781020,49.138283329690,19.118621861376
30.553659058828,26.308469808547,36.762146487285
27.554305056073,14.055594693039,21.346630283937
26.169386337990,15.937994020358,39.991935354618
22.478823458939,32.776070591137,25.070183673301
27.559280403570,31.249261502145,33.353110091965
0.000000000000,60.000000000000,60.000000000000
10.130034681194,21.352864492849,49.977055143626
19.732389572741,13.969908854909,51.212387304498
34.567361654990,25.913066857192,37.864095558343
29.775570660225,17.548249332053,1.370154780596
60.000000000000,60.000000000000,60.000000000000
29.620285681400,53.092644952297,23.288493687894
60.000000000000,60.000000000000,60.000000000000
13.687946237062,17.337639398872,35.607315723127
1.374694438492,56.099705563636,31.709743709160
0.032373054379,39.067138235932,19.260816608568
60.000000000000,60.000000000000,60.000000000000
60.000000000000,60.000000000000,60.000000000000
60.000000000000,60.000000000000,0.000000000000
30.898147339996,37.534563682145,47.114593615108
43.243110135757,3.000338119045,3.319524739981
34.839006479431,0.217465748533,26.073482387122
18.568412833258,52.577255129792,23.830327679617
60.000000000000,60.000000000000,60.000000000000
28.908673471591,47.696097168316,56.427754798952
60.000000000000,60.000000000000,60.000000000000
60.000000000000,60.000000000000,60.000000000000
32.103180944887,4.522979748429,31.571231773305
60.000000000000,60.000000000000,0.000000000000
26.611444784848,15.038986822878,52.063699828908
60.000000000000,60.000000000000,60.000000000000
32.550046792288,15.171859986497,33.823222441982
34.084846036712,22.566484454474,35.761612417173
60.000000000000,60.000000000000,60.000000000000
32.446593224690,37.400115400435,32.821360257624
33.631107984734,32.378400312527,32.872926334936
36.389920777974,40.372034854161,35.533246347005
5.087638228100,11.048234155018,53.797278648872
34.629876176460,40.455272540606,35.658386253405
14.755074398466,35.421838856179,35.019963223663
60.000000000000,60.000000000000,60.000000000000
27.084011308536,24.406726489546,46.792772171234
0.000000000000,0.000000000000,0.000000000000
35.813620413835,0.382431794625,14.696797827868
45.815411599490,41.936982341132,52.233963638614
32.171249354487,43.143882112302,9.175258740887
47.623331885571,31.590613770346,29.032453747339
29.928349030019,28.055096818647,47.785496834225
60.000000000000,60.000000000000,60.000000000000
60.000000000000,45.223718909725,5.405300193031
3.881969619459,32.874507823501,15.539435424562
27.266190451725,21.727303970856,6.124250011785
60.000000000000,39.852559902827,26.033679314255
35.630324907117,26.053560595403,56.924960070546
10.289520575588,0.533857671389,35.320045520663
60.000000000000,60.000000000000,60.000000000000
57.880007739519,60.000000000000,26.335500037256
31.915714705063,50.157323249430,31.918841820378
32.496636113191,38.051739001609,36.234212325528
41.320774992018,17.855411485199,5.575105647352
30.725104945008,35.919287462780,39.953837636828
36.770866072271,11.784777592980,38.853019795569
60.000000000000,60.000000000000,60.000000000000
29.901299362491,0.249532225908,22.916140026707
60.000000000000,60.000000000000,60.000000000000
28.527248356962,50.158853177850,2.160729209073
33.016046590645,30.829376197556,28.090386194241
22.486182364034,37.735087353227,48.305840820446
56.204891688637,14.162811068644,11.840480098699
33.491780761233,48.174451917233,13.157723045526
60.000000000000,60.000000000000,60.000000000000
30.207494702384,56.168016494817,8.255329425004
60.000000000000,60.000000000000,60.000000000000
43.661952457331,53.259657015239,22.048841572711
34.258931460589,25.504820805031,28.820486723779
36.774797733761,9.042144300499,26.375990901955
24.147155444886,30.072265016224,22.870853144578
34.811899109972,0.255996296153,20.934019040644
36.223315812666,32.795746781432,12.722431258021
60.000000000000,60.000000000000,60.000000000000
0.000000000000,0.000000000000,0.000000000000
5.649729012714,18.909347260432,18.732122785143
37.802989242983,60.000000000000,22.144670205492
60.000000000000,60.000000000000,60.000000000000
34.140682764559,32.343962133282,36.761609172903
60.000000000000,60.000000000000,60.000000000000
40.809613465650,10.386111351162,54.838639566425
33.277012261656,16.758560451208,50.307080397803
10.825041176972,4.313106535932,40.777817190510
19.227228792599,42.635805540689,7.717331672314
36.703994382718,28.041257877675,40.660441032868
33.757684025882,10.794170114426,32.806265505342
26.539262380555,40.440236535678,36.942907587267
32.453270087169,22.456660605556,16.792321517498
35.086712758656,33.853061542511,33.767868206164
50.487388632365,7.418595093928,8.348797104979
25.516620019369,26.794149609217,44.406630187745
7.229932522650,60.000000000000,3.848904256239
60.000000000000,60.000000000000,60.000000000000
33.398651627712,35.025814445372,15.487359419858
38.490414575620,46.554912103969,15.814231739197
31.732336893954,34.493517464101,25.573083163295
30.835143013803,43.949602608372,34.986208879493
9.490563734991,49.200603668342,9.651721025743
41.673351159789,20.856468646832,48.111195669403
20.927829891460,5.133306432519,18.154993729543
60.000000000000,60.000000000000,60.000000000000
54.589361172113,19.542077261096,36.714924320931
60.000000000000,60.000000000000,60.000000000000
60.000000000000,60.000000000000,60.000000000000
55.289644231297,19.553151826928,27.188763565288
39.585134948815,56.394637516562,54.805192655789
38.107904530337,24.473185611533,33.810157744206
32.047897217054,48.908039822034,16.228166819844
60.000000000000,60.000000000000,60.000000000000
12.641196566197,0.728894531501,5.224836506249
60.000000000000,60.000000000000,60.000000000000
51.605856094607,49.339267605666,59.091136450760
40.730802159811,40.348442834942,41.064095673491
34.664178338505,4.745709758232,53.824420875299
60.000000000000,60.000000000000,0.000000000000
60.000000000000,60.000000000000,60.000000000000
46.676507484244,29.976533659195,34.017889273585
60.000000000000,60.000000000000,0.000000000000
60.000000000000,60.000000000000,60.000000000000
39.040556392154,17.387184334381,31.138580479252
44.815759718173,32.342114837752,24.782002122264
60.000000000000,19.276915359723,40.886536914758
40.586029026858,27.049667905793,18.368303316676
60.000000000000,60.000000000000,60.000000000000
55.176795500370,33.141668406285,58.529083280652
40.189901605709,44.407510731822,4.791400892195
39.726437676188,27.446989755550,28.138810550830
35.187207658730,28.329215388734,32.529637830518
40.651516483545,24.462159389581,24.547065248403
28.731887660092,12.713987607613,21.751224281610
39.505942632930,33.331726216079,35.285059687585
39.861045080293,23.843985343083,21.589544178071
16.349847993351,22.251510137176,48.539842411571
38.818953296371,1.698150114174,23.082232180406
25.571540865528,25.494726908772,13.046214901043
26.835025455947,1.283824114414,52.479703038832
41.209073314242,36.762501448460,26.948909016814
40.474741852151,14.756001867257,32.261875859172
41.222361678784,41.411810920515,34.699351415900
60.000000000000,60.000000000000,60.000000000000
60.000000000000,60.000000000000,60.000000000000
60.000000000000,60.000000000000,60.000000000000
41.169078501461,31.585133647745,27.092360850133
60.000000000000,60.000000000000,60.000000000000
0.000000000000,60.000000000000,60.000000000000
34.504236753337,6.284124029962,52.934076569173
60.000000000000,60.000000000000,60.000000000000
5.897435145673,60.000000000000,5.575218770829
15.564734528192,36.443704197856,52.058656164589
38.263551602447,58.962310431167,1.441910102335
60.000000000000,60.000000000000,60.000000000000
60.000000000000,60.000000000000,60.000000000000
60.000000000000,60.000000000000,60.000000000000
4.564232923000,19.433528439111,49.267586807141
60.000000000000,60.000000000000,60.000000000000
36.847930880337,23.761664281603,36.313741745929
36.105427061473,21.867857884365,24.032119118677
0.320738415378,48.193995114674,57.349571018650
35.708977651246,23.058869888627,19.610547700978
37.807451141076,37.311094488114,12.120204831159
14.521702356415,24.038535121548,48.316949202035
32.096640922583,33.154640591062,49.923103155621
37.389396554992,39.405775428370,19.279764402868
39.072949164138,36.950558125404,0.049408106049
60.000000000000,60.000000000000,60.000000000000
39.675264726369,17.614098765006,12.808018134214
51.812944959548,15.038865463488,34.182616109223
57.831731892490,4.464155581619,56.997296358475
60.000000000000,60.000000000000,60.000000000000
34.034860704736,0.265589710243,2.158264002595
60.000000000000,60.000000000000,60.000000000000
37.801541705130,52.207440941515,57.900665009811
60.000000000000,60.000000000000,60.000000000000
37.476960634903,10.603164204102,46.291997254789
55.924047012924,12.379886296071,19.253005948657
38.137531594222,16.958193811006,59.905323864333
28.725642864389,42.869220615614,22.540709484783
32.038067023360,18.686773621431,24.291187503726
60.000000000000,60.000000000000,60.000000000000
39.533951637201,21.820646223762,12.060502334957
60.000000000000,60.000000000000,60.000000000000
37.994467556258,39.658634885477,17.683786352314
35.270604647341,40.646619363069,28.360756965311
39.619469325334,16.344768810325,29.102265651635
26.260142597567,35.312369673029,50.454301035126
37.680327465124,50.945745579637,17.117942959841
40.746358153374,36.660903687655,37.127121493966
38.007111057419,59.206951340031,7.855044340893
60.000000000000,60.000000000000,60.000000000000
37.683212885923,11.614352724703,55.035084350407
60.000000000000,60.000000000000,60.000000000000
60.000000000000,60.000000000000,60.000000000000
36.719992526455,36.957219301058,16.208259695619
60.000000000000,60.000000000000,60.000000000000
0.000000000000,9.320172767631,60.000000000000
60.000000000000,60.000000000000,60.000000000000
38.306211354007,36.353829957406,34.855408482111
60.000000000000,60.000000000000,60.000000000000
42.012089541948,5.675574553962,6.435412267209
42.940019097169,33.844732075151,50.280328445354
38.743812260108,23.696042819537,38.845089466707
60.000000000000,60.000000000000,60.000000000000
60.000000000000,60.000000000000,60.000000000000
60.000000000000,60.000000000000,60.000000000000
37.794348318092,29.941122005243,25.596268364740
36.934638698176,0.431952216296,19.270890375744
36.447222484462,39.608924334028,34.311173468528
38.067240029760,8.975854448480,12.083620709951
60.000000000000,60.000000000000,60.000000000000
60.000000000000,60.000000000000,60.000000000000
28.422114697531,38.410174856045,29.602699733375
17.903712386391,23.024793309924,19.048033717294
43.973069099278,33.103507265026,19.460200934063
60.000000000000,60.000000000000,60.000000000000
42.381141762531,35.659378716640,40.173857776636
53.084130942264,35.227050095422,55.753656770363
29.193606479985,60.000000000000,36.444803277630
43.044487513190,12.232187593820,46.271291021066
44.021011845751,35.862253137676,21.910200248088
42.191547780837,9.579758551366,37.732398109671
60.000000000000,60.000000000000,0.000000000000
1.486027710808,60.000000000000,0.000000000000
53.627155707313,0.035476295055,32.550728865035
60.000000000000,60.000000000000,60.000000000000
47.719568315702,26.573084020583,36.149780573896
60.000000000000,60.000000000000,60.000000000000
25.123571818518,4.824332587482,18.233036493625
57.337957059499,32.178537579945,24.212178965640
42.815596196440,49.472897090091,17.884879018265
60.000000000000,60.000000000000,60.000000000000
60.000000000000,60.000000000000,60.000000000000
43.139815172302,29.610943501476,4.271743130076
60.000000000000,60.000000000000,60.000000000000
58.864624981262,1.485484609421,56.619407969690
60.000000000000,60.000000000000,60.000000000000
43.854759237074,35.480904923916,16.574646636557
43.790757831041,28.271383020724,25.043665646174
42.408707035285,29.962659076205,48.552005384189
41.626283978113,34.335233288412,37.259831007378
42.039334195423,9.419197335315,17.960897461765
27.054602355615,54.385028006688,8.101539753524
60.000000000000,60.000000000000,60.000000000000
60.000000000000,60.000000000000,60.000000000000
41.836832011102,17.105444321843,46.065065337605
10.947095014540,49.192377931039,57.590829015673
29.151665606105,41.593356123905,16.281549677080
43.533416807806,26.346526658246,39.786538340255
41.859728279154,0.005497427046,28.903889086158
10.618581355612,33.453353329609,5.260376100122
42.936401744952,10.189571034257,22.404313582387
41.637352464514,24.268548147019,24.566249855018
60.000000000000,60.000000000000,60.000000000000
40.934579768839,28.649271190102,23.474071300592
40.726435541457,13.956409913282,13.789295121392
38.590091021737,22.034959902364,28.709108548238
43.133527109954,36.441149275052,49.190253562916
60.000000000000,60.000000000000,60.000000000000
25.349720647015,34.037656151428,2.874216778541
60.000000000000,60.000000000000,60.000000000000
2.317999081308,4.146809848504,34.660044475935
57.408793813238,29.364046349413,28.473274467582
37.850029885681,16.226118658775,13.988454073346
41.352923642701,31.107471213208,28.226113815202
60.000000000000,60.000000000000,60.000000000000
41.624647888034,23.980324795845,40.218705249572
41.498558768956,35.430534507450,13.114143564777
52.466741920831,51.974632205699,3.631930279972
60.000000000000,52.378823446442,60.000000000000
43.569982462714,23.020521852144,36.523354257883
45.970625034016,54.271337692196,39.061946007827
45.271985878442,19.671269142789,18.196860857930
49.486238490192,30.387147411101,33.422765995526
60.000000000000,60.000000000000,26.980098357084
60.000000000000,60.000000000000,60.000000000000
36.157903817889,28.471282467646,16.956804875785
41.714751314936,7.676384315988,45.257673929265
11.488569932658,40.470679119338,46.554644994721
42.416359832009,16.565888635989,2.987802166109
60.000000000000,60.000000000000,60.000000000000
42.705653270037,12.311432860114,52.902107663266
60.000000000000,60.000000000000,60.000000000000
60.000000000000,60.000000000000,60.000000000000
43.984987988628,33.653737171528,35.394460447061
37.491648389057,49.602248588684,39.276176135522
49.179576932087,31.012593232262,24.275300101740
60.000000000000,60.000000000000,60.000000000000
41.366188009155,33.702611994480,35.047469858524
42.962395987422,34.278291279476,57.206242656221
46.732761049983,33.442942093754,28.119592309111
45.324161627787,4.144784063457,44.230116015793
45.150935096100,30.986825017789,39.803370208668
43.666356597605,41.134517328953,40.213269466872
37.039793273148,22.011959944091,22.020770423045
36.775780314893,53.046134618405,16.415652186421
60.000000000000,60.000000000000,60.000000000000
60.000000000000,60.000000000000,60.000000000000
39.196645099326,36.642009258404,25.997270651743
40.249307708738,34.480898153017,29.143870046819
60.000000000000,60.000000000000,60.000000000000
43.853064901697,25.516042302444,5.319679057024
60.000000000000,60.000000000000,60.000000000000
41.314105791437,21.621579247240,4.122597597943
38.467316284071,18.563864598269,24.267330359164
20.218994626099,15.531072533035,8.901907504743
60.000000000000,60.000000000000,60.000000000000
39.393946828274,5.886099332109,48.507538966477
34.508029724236,30.177807850012,59.424959345849
42.860437039199,20.819699470681,42.632311214223
60.000000000000,60.000000000000,60.000000000000
40.098479133268,6.324542778173,30.779727751281
60.000000000000,60.000000000000,60.000000000000
60.000000000000,60.000000000000,60.000000000000
47.052970919305,31.206686933161,21.407096189145
60.000000000000,60.000000000000,60.000000000000
60.000000000000,60.000000000000,0.000000000000
60.000000000000,60.000000000000,0.000000000000
27.001127127594,60.000000000000,3.347218337368
60.000000000000,60.000000000000,60.000000000000
18.238985363454,10.613427998553,53.350174845823
48.148386177606,45.020070097111,48.259595101744
45.226952280047,40.182005829308,30.677253818986
60.000000000000,60.000000000000,0.000000000000
60.000000000000,60.000000000000,60.000000000000
44.409257486998,49.198078751748,49.772366229316
31.638542251759,25.988666624867,47.901399483843
45.066113352910,44.930132861359,8.379161014904
60.000000000000,60.000000000000,60.000000000000
46.475959763003,49.782551657118,37.077573992191
60.000000000000,60.000000000000,60.000000000000
44.798181427014,21.956574673763,24.710433549718
29.601547861968,23.991708223834,51.965545150247
60.000000000000,60.000000000000,60.000000000000
49.114060068423,21.885980401955,32.173928348391
45.273949066062,15.698127297740,29.952141127102
60.000000000000,60.000000000000,60.000000000000
44.684479334193,4.306520174678,54.622683345495
47.944083581105,21.232258726605,21.893442497462
47.630486070628,47.004677812302,5.833441114337
47.361518603624,39.655222586834,25.931969721408
60.000000000000,60.000000000000,60.000000000000
60.000000000000,60.000000000000,60.000000000000
60.000000000000,60.000000000000,60.000000000000
37.407437398028,17.804856038270,38.443908372121
43.928692537862,17.424840636126,17.411821300958
31.380862062169,5.274384168489,24.761670603569
60.000000000000,60.000000000000,60.000000000000
60.000000000000,60.000000000000,60.000000000000
60.000000000000,60.000000000000,60.000000000000
51.956004834256,22.998784749396,30.559775336505
21.877203378574,7.897131421365,30.440379019726
42.238822024199,32.682398004046,32.547219766032
44.388124791375,48.271867531573,30.517405278286
40.160108387564,43.579933155530,16.940188861568
60.000000000000,60.000000000000,60.000000000000
41.173228818766,23.494073110891,31.411862844359
45.334531581930,42.106015213056,0.095501013341
60.000000000000,60.000000000000,60.000000000000
47.883166332098,4.618392129813,21.818855500982
0.177953769972,11.230914267739,28.536099031207
49.980115038796,16.324659740421,27.792192109128
43.403682190186,27.061215203102,21.687719169398
46.075007431908,29.226410393233,7.550708763821
60.000000000000,37.068094313499,22.568697723246
46.917963594289,15.795100963740,35.435216951779
44.454389177921,43.517930621379,15.459513857769
49.098833038134,53.064702022513,15.200222240345
31.786016652902,44.654350683773,41.834359421437
60.000000000000,60.000000000000,60.000000000000
23.920366263381,0.019912579999,27.830058482472
46.563884699941,45.261953055028,15.345875203685
43.889692270411,37.064599051058,37.246218992888
47.242716326697,34.983356530312,0.952336232245
43.100088554373,37.857452925389,25.545550198220
60.000000000000,60.000000000000,60.000000000000
55.102253959609,31.512465801128,35.060482834868
47.208720064263,53.257159813859,44.216011293030
49.488898100423,40.453976287338,42.351036364004
60.000000000000,60.000000000000,60.000000000000
53.136312716963,56.409669586299,17.570351954203
34.275544443136,10.648522507043,18.001059936235
34.080398160677,25.824459103561,43.675541496533
41.183826024897,7.793302474427,26.789063653507
46.380511905245,27.781157304758,35.019891096977
26.067694437642,43.599761911503,24.107549607804
44.672671041472,25.757096889372,36.052383259449
60.000000000000,19.620472767536,37.792955288197
44.680884597393,33.973664270195,43.461007998230
60.000000000000,60.000000000000,60.000000000000
50.907773796370,46.760049175409,28.693689386123
56.653630267001,54.328285255202,15.866694172758
60.000000000000,60.000000000000,60.000000000000
36.582977603796,16.840167758674,56.933547352459
36.996720154896,7.117591113690,58.921804289327
60.000000000000,60.000000000000,60.000000000000
47.323478191911,36.503457300757,25.729705923255
44.558727703975,26.800384689660,47.000721778346
49.515354150992,32.514468475582,29.847246548111
44.401375024233,55.748375666230,32.501500909174
32.371215554045,5.133910539217,48.748789992738
60.000000000000,60.000000000000,60.000000000000
60.000000000000,60.000000000000,60.000000000000
60.000000000000,60.000000000000,60.000000000000
38.999207802066,41.247312465826,42.840341958777
44.704895125775,39.479614357742,46.690641290787
46.216803338277,30.153664941269,38.026319196112
52.673817472552,10.316336546864,18.012139459614
60.000000000000,60.000000000000,60.000000000000
60.000000000000,60.000000000000,60.000000000000
60.000000000000,60.000000000000,60.000000000000
43.379432123269,41.325128662907,45.728535607888
46.054996311894,40.213019378659,33.988631405777
29.160820594503,17.310891953136,34.146585423738
60.000000000000,60.000000000000,0.000000000000
21.162564668467,23.384089675420,36.207537255757
60.000000000000,60.000000000000,0.000000000000
41.505382987656,31.108941231368,30.832223550157
57.237320219757,32.691320970049,40.468058025505
38.764842935329,15.109489422483,0.931523056835
52.624962776106,33.967594708040,29.007278527859
49.957270660546,23.861039846515,58.226650209659
7.472884384226,19.696186045483,25.959761101340
60.000000000000,60.000000000000,60.000000000000
46.456616605217,25.063052897721,18.561037520657
48.871350796367,2.845228287942,30.101958659499
60.000000000000,60.000000000000,60.000000000000
48.805627658981,15.107380771218,41.638581456879
55.320294944733,48.671448039574,32.406931799114
51.190820951797,0.034384314438,42.330630765425
44.889964529520,17.303517576474,16.968175157917
48.159692731883,2.681810925674,37.160538448536
29.246005288507,43.443745248573,29.970148909717
14.087426632892,21.237140854071,9.844804815801
52.822926309521,25.873150333078,22.051604569816
28.134816894787,24.870537437465,26.936480720135
54.594712930554,21.111957057050,11.068225287554
60.000000000000,60.000000000000,60.000000000000
60.000000000000,60.000000000000,60.000000000000
56.896373471820,3.400144636265,24.234233532778
39.007068033146,25.010526184137,59.937045799454
60.000000000000,60.000000000000,60.000000000000
60.000000000000,60.000000000000,60.000000000000
46.385358761830,1.437612496581,60.000000000000
57.268917936280,30.972142083686,36.698035678462
22.585754858771,38.089046984868,23.235229457036
52.646694544713,41.259384282842,22.026557173267
1.559417662496,44.653673121540,22.718801322895
60.000000000000,60.000000000000,60.000000000000
50.808761621342,34.164026889062,0.288653100674
60.000000000000,60.000000000000,60.000000000000
51.156584746624,33.404044020373,5.770425109407
60.000000000000,60.000000000000,60.000000000000
60.000000000000,60.000000000000,60.000000000000
60.000000000000,60.000000000000,60.000000000000
49.078017667768,3.623870460289,42.422707757790
47.943465443480,11.631247033091,40.157091167341
46.856159717977,10.302523032923,18.004250962566
54.316889912637,40.644739461057,28.472776416157
51.724000873990,46.313044555721,21.660603680059
60.000000000000,60.000000000000,60.000000000000
20.496593227088,56.893673669981,30.035443063663
60.000000000000,60.000000000000,60.000000000000
60.000000000000,60.000000000000,60.000000000000
51.461295987860,18.239948904674,37.766790327915
51.941611847719,4.449696234820,21.561113890118
9.304785085552,20.779408698398,53.653296620643
43.294438531886,11.370298309532,10.540012273195
49.552334972874,34.881596180782,23.402531174230
48.904600991830,45.919935836662,3.629612197773
47.312894016498,38.428828812023,40.215638637357
51.935545892979,35.683133678380,54.199703796766
50.814137902824,30.522982140636,34.042435073868
60.000000000000,60.000000000000,60.000000000000
48.570885592074,43.170914837949,23.692307420806
60.000000000000,60.000000000000,60.000000000000
0.000000000000,29.879118051458,60.000000000000
60.000000000000,60.000000000000,60.000000000000
4.816920997706,54.584446505222,0.000000000000
60.000000000000,60.000000000000,60.000000000000
48.620126038396,20.302203627454,21.140643725140
60.000000000000,60.000000000000,60.000000000000
60.000000000000,60.000000000000,60.000000000000
60.000000000000,60.000000000000,60.000000000000
50.954788332554,39.774631473543,40.698930985445
49.045078335642,55.526208135926,58.547546386855
60.000000000000,60.000000000000,60.000000000000
48.763011615994,51.715107844671,38.190622297383
60.000000000000,60.000000000000,60.000000000000
52.213682101808,53.121990823126,39.685952393560
1.937332734825,60.000000000000,60.000000000000
49.555602920794,42.414900885137,0.969671963277
14.379780650905,6.673833135185,6.647430566911
52.345777461203,34.903772339735,38.960816767332
46.671731920084,24.568988230790,2.575729044404
31.725262692228,11.619399373858,52.171990760571
40.235217958069,42.027886568410,23.393988472516
49.582929257916,44.199655437896,53.935827796655
28.747442903860,36.148818658613,56.544078658579
49.662958290551,15.233398743620,33.773361352457
60.000000000000,60.000000000000,60.000000000000
48.554601799922,59.614953733305,57.400152626546
47.503370228961,27.191745104879,24.824453274744
50.481292494041,6.875263237821,10.058389847144
43.512934006631,38.854099501679,24.634588926458
60.000000000000,60.000000000000,60.000000000000
60.000000000000,60.000000000000,60.000000000000
38.925199773425,6.893305488996,31.616832782953
51.526001484174,41.577814798031,14.030289153129
51.790528294064,41.444741236017,41.474497556754
45.471551737910,30.402239115963,34.131328529828
50.374058798871,41.257141991681,45.164168627799
48.620027914239,34.421968114875,32.528885961386
50.365454118563,35.032069887543,50.172987061959
60.000000000000,60.000000000000,60.000000000000
20.898687643196,3.296971258241,0.721819884631
60.000000000000,60.000000000000,60.000000000000
45.007007537686,29.891742345766,4.138963824221
59.612232888132,20.028827605614,34.722201827803
60.000000000000,60.000000000000,60.000000000000
54.161210125606,35.836338754069,27.542105274072
55.437036964924,1.446594117200,8.725241227662
32.190070334509,60.000000000000,25.385323011296
60.000000000000,35.986924606054,60.000000000000
60.000000000000,60.000000000000,60.000000000000
52.953817994962,17.900306507931,10.455193795047
9.076281191776,50.122650885436,47.130699373371
60.000000000000,60.000000000000,60.000000000000
60.000000000000,60.000000000000,0.000000000000
23.844732186068,0.808572436250,13.743616128575
60.000000000000,60.000000000000,60.000000000000
49.938880456258,17.786014959518,46.638627046630
60.000000000000,60.000000000000,0.000000000000
55.155243235583,45.654509151561,7.736347544629
1.687235622081,2.967293170418,7.090305718874
52.447335538248,31.326932125481,38.102061451054
13.378662074025,18.095808455616,27.767769160633
54.104295822791,5.473618913494,11.794641702504
60.000000000000,60.000000000000,60.000000000000
55.251982828299,17.473760158717,40.199361353753
60.000000000000,60.000000000000,60.000000000000
60.000000000000,60.000000000000,60.000000000000
56.321812408955,31.502553924237,36.397182908974
53.576739087846,16.536328254158,54.308325989119
60.000000000000,60.000000000000,0.000000000000
20.550344468025,21.967823426056,60.000000000000
60.000000000000,60.000000000000,0.000000000000
60.000000000000,60.000000000000,60.000000000000
47.715095990179,27.901692194621,39.623361104789
60.000000000000,60.000000000000,0.000000000000
49.329237287961,34.861292818413,28.579578767154
55.862481457788,47.940678548005,27.489284360461
60.000000000000,60.000000000000,0.000000000000
52.629812050198,22.157478297979,44.270973220270
60.000000000000,60.000000000000,60.000000000000
52.212465298256,26.209533588446,28.752480679885
53.542407002732,42.465374874187,21.541668853459
52.792354344979,51.654556536047,23.617251979001
60.000000000000,60.000000000000,0.000000000000
25.646600204783,3.908105680070,35.151177499324
56.668318573754,23.645762710529,27.562253989084
60.000000000000,60.000000000000,0.000000000000
0.000000000000,60.000000000000,60.000000000000
54.487325442012,49.458064308217,37.398276308172
46.730024120682,17.107701278069,32.888978684219
60.000000000000,60.000000000000,0.000000000000
53.583328394047,22.544150718315,24.508234566150
54.455689896561,31.495285633485,12.426166884552
55.802536461084,33.274769747619,35.574986942464
60.000000000000,60.000000000000,60.000000000000
48.344719068873,38.627736750127,27.525650962476
60.000000000000,60.000000000000,60.000000000000
57.614145927025,28.243031402735,25.217837113254
54.900338231477,14.624981157957,15.981152638268
60.000000000000,60.000000000000,60.000000000000
53.446143041668,21.957341499279,46.578493761574
50.161751639657,41.402799693374,35.977974264930
26.581771030403,45.475473801055,9.870895780523
60.000000000000,60.000000000000,60.000000000000
54.972954723097,14.674140509326,10.833654538015
54.508455758301,38.562957185466,28.220848216856
51.509143389872,43.720354202256,56.936780696028
40.492218214562,33.984750529084,39.271244736271
55.588603941304,10.831930764020,9.392023816823
54.532538122811,22.657626665086,19.706304200425
55.713723046487,27.360869400447,8.000477450447
60.000000000000,60.000000000000,60.000000000000
54.322519010382,31.927712906514,16.331355786447
54.111363681213,29.971104384091,4.756421192137
60.000000000000,60.000000000000,0.000000000000
60.000000000000,60.000000000000,0.000000000000
1.058447662894,35.984707621972,36.881192818768
60.000000000000,60.000000000000,60.000000000000
60.000000000000,60.000000000000,60.000000000000
6.017703044164,40.948096974450,27.003366096425
18.835906774983,3.632320184463,51.347819318640
44.120004008171,26.272733031589,20.214953901351
3.325655796009,38.522872846688,52.876701720732
60.000000000000,60.000000000000,60.000000000000
60.000000000000,60.000000000000,0.000000000000
46.035365475482,18.479818798505,41.246697317942
54.711028522496,43.263839652307,45.671530231624
52.303396211851,21.261933321225,49.317355695918
57.522186155658,58.818443617302,41.158003897527
60.000000000000,60.000000000000,1.861959084315
18.679209960082,49.541747974058,3.782611935176
60.000000000000,60.000000000000,0.000000000000
60.000000000000,60.000000000000,60.000000000000
51.684016989991,25.678405012964,24.073782241703
60.000000000000,60.000000000000,0.000000000000
60.000000000000,60.000000000000,0.000000000000
54.314235041452,29.307214801695,50.643355076712
60.000000000000,60.000000000000,0.000000000000
60.000000000000,60.000000000000,60.000000000000
2.084757424429,24.239001691677,42.825253909243
58.104793103756,34.292017965474,43.495289645127
28.343516825785,15.498765328687,3.594779582782
59.697429408494,49.356282532338,26.813258029942
23.673055785405,55.865988680542,40.470196876472
51.556064725064,0.988743009411,3.798081684445
5.735118529082,54.679355080443,19.318621776049
48.164096963897,14.138608357001,18.613776524900
31.438706343736,43.998818190151,56.177139095998
57.576933363676,13.616582379013,1.344906679845
57.965894311461,18.281664346575,16.532910503301
52.599001884926,39.347879294491,43.109016619425
48.462861421892,50.640992337140,15.422252568011
60.000000000000,60.000000000000,60.000000000000
60.000000000000,60.000000000000,0.000000000000
18.041233704801,27.180605783757,36.243195627144
57.391636476757,29.190957571198,36.223764073884
57.848342980004,13.142240975306,8.522331234494
43.670411633800,56.485073193772,58.594857257575
60.000000000000,60.000000000000,60.000000000000
60.000000000000,60.000000000000,60.000000000000
56.509792943659,36.736860963437,9.823017291537
60.000000000000,60.000000000000,60.000000000000
60.000000000000,60.000000000000,60.000000000000
60.000000000000,60.000000000000,60.000000000000
60.000000000000,60.000000000000,60.000000000000
0.000000000000,5.712909252562,37.412893410870
55.282672891314,1.955829615710,39.111503382447
58.923015241484,20.539788389554,21.530490109951
57.632528755419,55.827612560941,22.696879010279
60.000000000000,60.000000000000,60.000000000000
56.633510676101,59.372127266102,13.726491478804
60.000000000000,60.000000000000,60.000000000000
21.603626998429,4.826493493428,51.785183146129
60.000000000000,60.000000000000,60.000000000000
60.000000000000,60.000000000000,0.000000000000
24.980041144734,58.384861396546,30.056704214787
57.919552303903,57.032597335145,48.422310730855
58.687720369483,27.997879240154,33.448714621815
10.009078297602,5.960242969798,15.467893091816
53.323829765609,34.547957340972,24.918160726984
53.312631673298,50.303250823377,12.759858957507
53.357114139030,54.601938617074,45.167528028965
60.000000000000,60.000000000000,60.000000000000
53.207169140856,43.795743526662,29.424907401450
59.118762484135,9.030210207687,21.039272547204
52.834052671293,25.584907877079,20.375390826143
2.738770538620,60.000000000000,6.163777575578
60.000000000000,60.000000000000,60.000000000000
29.670758958319,51.348986641163,26.644814858624
60.000000000000,60.000000000000,60.000000000000
59.488190742418,45.160904763234,57.401810449800
59.057141133007,45.259046680573,37.080791376135
11.003732918304,15.860094007900,49.599277119817
15.406859523285,60.000000000000,45.380706402266
18.624254713270,33.334039658015,4.440164260031
55.181471301329,33.344007122448,28.116437524618
55.043068809678,51.973849916818,36.815799784137
50.184803421858,29.698685015081,45.743209396207
50.220131698390,0.084817758831,48.338196641907
60.000000000000,60.000000000000,0.000000000000
51.106101292406,47.694255417230,25.643197007970
29.550650561451,56.136268262806,16.264910015852
60.000000000000,60.000000000000,60.000000000000
2.742761481758,60.000000000000,21.796984106302
59.797321171969,15.651800489519,48.580024305020
60.000000000000,60.000000000000,0.000000000000
57.135268277649,41.862083330883,24.353362796296
60.000000000000,60.000000000000,60.000000000000
60.000000000000,60.000000000000,0.000000000000
60.000000000000,60.000000000000,60.000000000000
57.714760227760,58.965148141076,19.623701958674
47.355526667540,48.883379201775,59.317761220883
60.000000000000,60.000000000000,60.000000000000
7.905695099387,60.000000000000,60.000000000000
58.866056684885,5.190976164356,22.066458058981
56.327944824106,22.599823251786,35.908619716785
58.048159971416,43.123314951358,4.676183855325
9.624933265467,38.922328473237,58.654797087966
57.156105866513,25.854776064712,1.060655751639
60.000000000000,60.000000000000,60.000000000000
57.723277353709,18.941373293361,25.731692991976
6.200903548078,56.985325399537,60.000000000000
58.771271361522,25.229415734061,11.953479980721
55.013718647529,31.008118875986,20.892362708279
49.995562435459,4.194950293804,44.279449833694
21.924186412503,53.545048396386,28.219835412889
60.000000000000,26.706882832044,0.000000000000
60.000000000000,60.000000000000,0.000000000000
59.572538797610,55.512786454336,5.256644777673
8.222415612244,23.877575905699,50.044816302651
58.954400663739,54.362003610919,50.715628229937
60.000000000000,60.000000000000,60.000000000000
2.538219185059,55.673798417075,28.461154795326
60.000000000000,60.000000000000,0.000000000000
60.000000000000,60.000000000000,0.000000000000
60.000000000000,60.000000000000,60.000000000000
39.297238424745,15.059420832865,10.977570255092
3.963347551039,34.445984332339,60.000000000000
