x,y,z
32.434290165419,20.608034856610,10.392347044861
60.000000000000,60.000000000000,60.000000000000
60.000000000000,60.000000000000,60.000000000000
13.318906263329,60.000000000000,60.000000000000
8.189942493633,20.044373714338,57.905480088638
60.000000000000,60.000000000000,60.000000000000
0.000000000000,60.000000000000,60.000000000000
60.000000000000,19.443037697579,46.867708029038
60.000000000000,60.000000000000,60.000000000000
60.000000000000,60.000000000000,60.000000000000
21.952635679014,32.634988600092,60.000000000000
60.000000000000,60.000000000000,60.000000000000
3.250180370349,1.611025194148,50.688409276215
8.149059491587,22.095965228185,37.616015993507
38.812345435378,41.428223964259,11.046576625772
60.000000000000,60.000000000000,0.000000000000
60.000000000000,60.000000000000,60.000000000000
60.000000000000,60.000000000000,60.000000000000
60.000000000000,60.000000000000,0.000000000000
25.081546912629,54.197457633394,8.408002726013
60.000000000000,60.000000000000,60.000000000000
60.000000000000,60.000000000000,60.000000000000
25.666694000704,18.289251177224,18.323740117098
20.886261183038,53.339948563969,3.804032131612
7.292741614360,15.011518937153,37.335682383940
60.000000000000,60.000000000000,60.000000000000
60.000000000000,60.000000000000,60.000000000000
60.000000000000,60.000000000000,0.000000000000
1.366459490010,49.743707661790,34.996939805311
60.000000000000,27.670759248696,47.936394463800
1.545722758828,52.682634131417,45.360042058575
60.000000000000,60.000000000000,60.000000000000
50.103207074987,0.946624410019,26.321259172882
60.000000000000,60.000000000000,60.000000000000
60.000000000000,60.000000000000,60.000000000000
60.000000000000,60.000000000000,0.000000000000
60.000000000000,60.000000000000,60.000000000000
56.099445104101,16.236499667808,35.900241908978
60.000000000000,60.000000000000,60.000000000000
60.000000000000,60.000000000000,60.000000000000
33.663680089163,45.906625689324,34.542235328813
60.000000000000,60.000000000000,0.000000000000
60.000000000000,60.000000000000,60.000000000000
48.538455183882,14.722049619627,8.129661921558
60.000000000000,60.000000000000,60.000000000000
57.049339138882,27.613292966027,6.758752885822
38.117147137345,1.575893469490,6.792080280181
14.756226153378,52.235398084922,30.210608040974
0.062664256453,44.991888454099,39.759487043670
60.000000000000,60.000000000000,60.000000000000
3.556628918432,15.137961003882,47.670132580423
60.000000000000,60.000000000000,60.000000000000
21.353189912601,35.592827506465,25.564138720783
24.319159741452,51.162781559837,54.165823543884
23.906520654375,39.089079693322,29.472066005465
60.000000000000,60.000000000000,60.000000000000
60.000000000000,60.000000000000,60.000000000000
0.000000000000,60.000000000000,60.000000000000
60.000000000000,60.000000000000,0.000000000000
50.216696786101,15.416250478116,24.416276322846
60.000000000000,60.000000000000,60.000000000000
60.000000000000,60.000000000000,60.000000000000
60.000000000000,60.000000000000,60.000000000000
60.000000000000,60.000000000000,60.000000000000
42.183634121209,11.186779671699,18.919422403295
0.000000000000,60.000000000000,60.000000000000
60.000000000000,60.000000000000,60.000000000000
12.829444341317,10.943228066755,60.000000000000
46.357747845090,16.338151825368,36.885854831478
60.000000000000,60.000000000000,60.000000000000
60.000000000000,60.000000000000,60.000000000000
60.000000000000,60.000000000000,60.000000000000
60.000000000000,60.000000000000,60.000000000000
60.000000000000,60.000000000000,0.000000000000
19.817837837987,15.225273127963,27.506837252519
60.000000000000,60.000000000000,60.000000000000
60.000000000000,60.000000000000,60.000000000000
60.000000000000,60.000000000000,60.000000000000
60.000000000000,60.000000000000,60.000000000000
60.000000000000,60.000000000000,0.000000000000
60.000000000000,60.000000000000,60.000000000000
51.243981206719,51.891774105440,18.686806680757
15.843168361150,41.442855910091,13.457989153144
39.441407192911,18.058894921628,14.558527706706
38.377235569789,2.013081902503,14.299916774343
60.000000000000,60.000000000000,60.000000000000
34.953410554754,16.921963621000,60.000000000000
60.000000000000,60.000000000000,60.000000000000
28.860392259134,57.740868810957,24.688538677478
60.000000000000,60.000000000000,60.000000000000
60.000000000000,60.000000000000,60.000000000000
60.000000000000,60.000000000000,60.000000000000
60.000000000000,60.000000000000,0.000000000000
52.486913773309,5.978071520474,21.026687760412
57.170161387989,52.204828422335,34.700258981994
60.000000000000,60.000000000000,0.000000000000
60.000000000000,60.000000000000,60.000000000000
60.000000000000,60.000000000000,60.000000000000
47.157980096647,19.645743935167,14.255243332386
60.000000000000,60.000000000000,60.000000000000
60.000000000000,60.000000000000,60.000000000000
60.000000000000,60.000000000000,60.000000000000
60.000000000000,60.000000000000,60.000000000000
60.000000000000,60.000000000000,60.000000000000
60.000000000000,60.000000000000,60.000000000000
60.000000000000,60.000000000000,60.000000000000
60.000000000000,60.000000000000,60.000000000000
60.000000000000,60.000000000000,60.000000000000
31.223315921383,6.697698395584,17.139496391972
60.000000000000,60.000000000000,60.000000000000
60.000000000000,60.000000000000,60.000000000000
60.000000000000,60.000000000000,60.000000000000
60.000000000000,60.000000000000,60.000000000000
60.000000000000,60.000000000000,60.000000000000
60.000000000000,60.000000000000,60.000000000000
60.000000000000,60.000000000000,0.000000000000
60.000000000000,60.000000000000,0.000000000000
60.000000000000,60.000000000000,60.000000000000
1.791714695698,28.608150188002,35.259195393102
11.886506894074,46.979671174445,48.668451605443
60.000000000000,60.000000000000,0.000000000000
60.000000000000,60.000000000000,60.000000000000
60.000000000000,60.000000000000,60.000000000000
14.283747301292,31.715625422700,32.840363709322
60.000000000000,60.000000000000,60.000000000000
60.000000000000,60.000000000000,60.000000000000
40.982786541326,37.363658194294,31.086434638895
23.437136282545,25.430486155762,27.809931970620
16.215221772099,25.978624800292,7.916991218989
60.000000000000,60.000000000000,60.000000000000
60.000000000000,60.000000000000,60.000000000000
26.715683193985,14.822199767960,25.132039055593
60.000000000000,60.000000000000,60.000000000000
5.767865074926,18.450567315968,7.539000019794
60.000000000000,60.000000000000,60.000000000000
60.000000000000,60.000000000000,60.000000000000
60.000000000000,60.000000000000,60.000000000000
0.000000000000,60.000000000000,16.492249913981
60.000000000000,60.000000000000,60.000000000000
60.000000000000,60.000000000000,0.000000000000
60.000000000000,60.000000000000,60.000000000000
60.000000000000,60.000000000000,60.000000000000
60.000000000000,60.000000000000,60.000000000000
51.610315118857,16.039248940258,49.099063396457
60.000000000000,60.000000000000,60.000000000000
8.547451125355,28.687889773221,45.647013718303
17.179421879439,40.768533810177,52.054664964479
60.000000000000,60.000000000000,60.000000000000
60.000000000000,60.000000000000,60.000000000000
60.000000000000,60.000000000000,60.000000000000
57.599530968255,22.238621066920,7.736012748773
60.000000000000,60.000000000000,60.000000000000
60.000000000000,60.000000000000,60.000000000000
60.000000000000,60.000000000000,60.000000000000
60.000000000000,60.000000000000,60.000000000000
60.000000000000,60.000000000000,60.000000000000
60.000000000000,60.000000000000,60.000000000000
60.000000000000,60.000000000000,0.000000000000
37.105837976205,41.920669682195,39.235033856539
60.000000000000,60.000000000000,0.000000000000
60.000000000000,60.000000000000,60.000000000000
60.000000000000,60.000000000000,0.000000000000
0.000000000000,60.000000000000,60.000000000000
60.000000000000,60.000000000000,60.000000000000
60.000000000000,60.000000000000,60.000000000000
60.000000000000,60.000000000000,0.000000000000
60.000000000000,60.000000000000,60.000000000000
60.000000000000,60.000000000000,60.000000000000
51.741526617453,4.597334425106,6.158079885065
60.000000000000,60.000000000000,60.000000000000
60.000000000000,60.000000000000,0.000000000000
58.798550735006,7.135440281462,2.531142175552
60.000000000000,60.000000000000,60.000000000000
60.000000000000,60.000000000000,60.000000000000
36.655912936339,60.000000000000,17.468316358084
60.000000000000,60.000000000000,0.000000000000
60.000000000000,60.000000000000,60.000000000000
60.000000000000,31.978709821009,60.000000000000
60.000000000000,60.000000000000,60.000000000000
60.000000000000,60.000000000000,60.000000000000
60.000000000000,60.000000000000,60.000000000000
60.000000000000,60.000000000000,60.000000000000
60.000000000000,60.000000000000,60.000000000000
60.000000000000,60.000000000000,60.000000000000
60.000000000000,60.000000000000,60.000000000000
17.441497008702,0.000000000000,60.000000000000
60.000000000000,60.000000000000,60.000000000000
60.000000000000,60.000000000000,0.000000000000
60.000000000000,60.000000000000,60.000000000000
60.000000000000,60.000000000000,60.000000000000
60.000000000000,60.000000000000,60.000000000000
60.000000000000,60.000000000000,60.000000000000
36.041356399299,23.532498809323,43.836955873183
60.000000000000,60.000000000000,60.000000000000
60.000000000000,60.000000000000,60.000000000000
49.965527278774,4.154160899800,57.092959128527
49.055710681715,0.920263139365,0.409609192266
60.000000000000,60.000000000000,60.000000000000
60.000000000000,60.000000000000,60.000000000000
60.000000000000,60.000000000000,60.000000000000
60.000000000000,60.000000000000,60.000000000000
0.000000000000,60.000000000000,60.000000000000
60.000000000000,60.000000000000,60.000000000000
60.000000000000,60.000000000000,0.000000000000
60.000000000000,60.000000000000,60.000000000000
60.000000000000,60.000000000000,60.000000000000
60.000000000000,60.000000000000,60.000000000000
60.000000000000,60.000000000000,60.000000000000
9.774953940930,16.911604290497,4.429876178893
16.389020271841,24.690305662445,28.261156062960
60.000000000000,60.000000000000,60.000000000000
60.000000000000,60.000000000000,60.000000000000
49.371155087871,48.172041749369,22.604480522804
60.000000000000,60.000000000000,60.000000000000
60.000000000000,0.000000000000,19.226658843997
60.000000000000,60.000000000000,60.000000000000
11.902191043285,36.462566906964,58.225495812062
60.000000000000,60.000000000000,60.000000000000
4.617643026534,15.645040278011,24.030645374816
60.000000000000,60.000000000000,60.000000000000
60.000000000000,60.000000000000,0.000000000000
35.741661097194,13.302332422624,38.168139394701
54.467960197699,49.232547767732,2.884533245591
60.000000000000,60.000000000000,60.000000000000
60.000000000000,60.000000000000,60.000000000000
33.811556490499,48.117203170878,19.780244334145
60.000000000000,60.000000000000,60.000000000000
60.000000000000,60.000000000000,60.000000000000
60.000000000000,60.000000000000,60.000000000000
60.000000000000,60.000000000000,60.000000000000
60.000000000000,60.000000000000,60.000000000000
60.000000000000,60.000000000000,60.000000000000
60.000000000000,0.000000000000,0.000000000000
60.000000000000,60.000000000000,60.000000000000
60.000000000000,60.000000000000,60.000000000000
60.000000000000,60.000000000000,60.000000000000
60.000000000000,60.000000000000,60.000000000000
60.000000000000,60.000000000000,60.000000000000
60.000000000000,0.000000000000,15.640832377421
60.000000000000,60.000000000000,60.000000000000
60.000000000000,60.000000000000,60.000000000000
57.620426768747,13.525890466461,0.412675863482
60.000000000000,60.000000000000,60.000000000000
60.000000000000,60.000000000000,60.000000000000
5.540824256870,59.358068601872,16.154458550036
15.473030801329,60.000000000000,60.000000000000
60.000000000000,60.000000000000,60.000000000000
60.000000000000,60.000000000000,0.000000000000
0.000000000000,60.000000000000,60.000000000000
15.075281643315,9.447550870185,17.156836114570
60.000000000000,60.000000000000,60.000000000000
1.386230124446,5.213488728149,38.335483188486
33.717503753466,8.370897489205,6.783722244210
60.000000000000,60.000000000000,60.000000000000
44.312175491338,32.036047219279,27.270249788225
60.000000000000,60.000000000000,60.000000000000
27.623163766953,2.082926097335,25.934586203902
33.994839345221,28.208951046830,35.177751566590
41.204444947620,4.626248707154,30.277917684638
60.000000000000,60.000000000000,60.000000000000
60.000000000000,60.000000000000,60.000000000000
60.000000000000,60.000000000000,0.000000000000
60.000000000000,60.000000000000,60.000000000000
60.000000000000,60.000000000000,60.000000000000
60.000000000000,60.000000000000,60.000000000000
60.000000000000,60.000000000000,60.000000000000
60.000000000000,60.000000000000,60.000000000000
60.000000000000,60.000000000000,60.000000000000
60.000000000000,60.000000000000,60.000000000000
60.000000000000,60.000000000000,60.000000000000
60.000000000000,60.000000000000,0.000000000000
56.122735631158,48.456469953791,34.971226031052
60.000000000000,60.000000000000,0.000000000000
59.601687668949,23.964263831753,16.754092610088
15.786194331207,16.645714456644,41.326056310417
60.000000000000,60.000000000000,60.000000000000
12.406287383020,0.518783643688,12.786777101044
60.000000000000,60.000000000000,60.000000000000
60.000000000000,6.253906383685,24.129709597876
60.000000000000,60.000000000000,60.000000000000
60.000000000000,60.000000000000,60.000000000000
12.670450946910,47.572074978699,31.770674956076
60.000000000000,60.000000000000,60.000000000000
30.268772274225,32.297208879747,38.054529540454
0.000000000000,60.000000000000,60.000000000000
60.000000000000,60.000000000000,60.000000000000
44.040086213906,40.123780091301,27.725330660510
37.659515223776,19.955353637655,32.328625018644
60.000000000000,60.000000000000,0.000000000000
60.000000000000,60.000000000000,60.000000000000
60.000000000000,60.000000000000,60.000000000000
60.000000000000,60.000000000000,0.000000000000
60.000000000000,60.000000000000,60.000000000000
60.000000000000,60.000000000000,0.000000000000
60.000000000000,60.000000000000,60.000000000000
60.000000000000,60.000000000000,60.000000000000
60.000000000000,60.000000000000,60.000000000000
60.000000000000,60.000000000000,0.000000000000
60.000000000000,0.228012177521,3.666020786984
60.000000000000,60.000000000000,60.000000000000
60.000000000000,60.000000000000,60.000000000000
10.197378848004,56.152191548350,3.592368630951
60.000000000000,60.000000000000,60.000000000000
60.000000000000,60.000000000000,60.000000000000
60.000000000000,60.000000000000,60.000000000000
60.000000000000,60.000000000000,60.000000000000
60.000000000000,60.000000000000,60.000000000000
60.000000000000,60.000000000000,60.000000000000
60.000000000000,60.000000000000,60.000000000000
60.000000000000,60.000000000000,60.000000000000
60.000000000000,60.000000000000,60.000000000000
60.000000000000,60.000000000000,60.000000000000
60.000000000000,60.000000000000,60.000000000000
60.000000000000,60.000000000000,0.000000000000
60.000000000000,60.000000000000,60.000000000000
60.000000000000,60.000000000000,60.000000000000
60.000000000000,60.000000000000,60.000000000000
60.000000000000,60.000000000000,60.000000000000
60.000000000000,60.000000000000,0.000000000000
60.000000000000,60.000000000000,0.000000000000
36.384325902470,45.953524721787,26.157525696130
60.000000000000,47.855345957781,60.000000000000
60.000000000000,60.000000000000,0.000000000000
60.000000000000,60.000000000000,0.000000000000
0.000000000000,60.000000000000,60.000000000000
60.000000000000,60.000000000000,60.000000000000
60.000000000000,60.000000000000,60.000000000000
60.000000000000,60.000000000000,0.000000000000
60.000000000000,60.000000000000,60.000000000000
60.000000000000,60.000000000000,0.000000000000
55.600508000689,32.127259603208,28.259735442907
58.071523940675,33.802332018054,0.269518450998
60.000000000000,60.000000000000,60.000000000000
60.000000000000,60.000000000000,0.000000000000
0.647738355437,6.064442415011,24.444969105604
60.000000000000,60.000000000000,60.000000000000
38.252380678951,19.931881007695,48.265834572454
60.000000000000,60.000000000000,60.000000000000
60.000000000000,60.000000000000,60.000000000000
60.000000000000,60.000000000000,60.000000000000
60.000000000000,60.000000000000,60.000000000000
60.000000000000,60.000000000000,60.000000000000
60.000000000000,60.000000000000,60.000000000000
60.000000000000,60.000000000000,60.000000000000
60.000000000000,60.000000000000,60.000000000000
60.000000000000,60.000000000000,0.000000000000
60.000000000000,60.000000000000,60.000000000000
60.000000000000,60.000000000000,0.000000000000
32.239240402118,43.413024551332,56.946473232118
60.000000000000,60.000000000000,0.000000000000
60.000000000000,60.000000000000,60.000000000000
60.000000000000,60.000000000000,0.000000000000
60.000000000000,60.000000000000,60.000000000000
1.236246935245,13.732261970451,35.601667884759
60.000000000000,60.000000000000,60.000000000000
60.000000000000,60.000000000000,60.000000000000
60.000000000000,60.000000000000,60.000000000000
60.000000000000,60.000000000000,60.000000000000
60.000000000000,60.000000000000,60.000000000000
60.000000000000,0.000000000000,60.000000000000
60.000000000000,60.000000000000,60.000000000000
60.000000000000,60.000000000000,60.000000000000
60.000000000000,60.000000000000,60.000000000000
60.000000000000,60.000000000000,60.000000000000
60.000000000000,60.000000000000,60.000000000000
60.000000000000,60.000000000000,60.000000000000
60.000000000000,60.000000000000,60.000000000000
60.000000000000,60.000000000000,60.000000000000
60.000000000000,60.000000000000,60.000000000000
6.364136060516,50.875242522003,4.613302284184
60.000000000000,60.000000000000,60.000000000000
60.000000000000,60.000000000000,60.000000000000
60.000000000000,60.000000000000,60.000000000000
60.000000000000,60.000000000000,60.000000000000
60.000000000000,60.000000000000,60.000000000000
60.000000000000,60.000000000000,60.000000000000
60.000000000000,60.000000000000,60.000000000000
60.000000000000,60.000000000000,60.000000000000
1.734747113295,23.416193592849,37.245312897886
60.000000000000,60.000000000000,60.000000000000
60.000000000000,60.000000000000,60.000000000000
43.326992671338,6.338525567579,49.436282299288
27.356372174118,48.984063354079,53.160146199560
60.000000000000,60.000000000000,60.000000000000
60.000000000000,60.000000000000,60.000000000000
60.000000000000,60.000000000000,60.000000000000
60.000000000000,60.000000000000,60.000000000000
60.000000000000,60.000000000000,60.000000000000
29.662357735102,0.254981194026,25.606655017847
0.000000000000,56.235530582824,60.000000000000
60.000000000000,60.000000000000,60.000000000000
60.000000000000,60.000000000000,0.000000000000
29.170157229289,29.254666150904,50.110344106795
0.642621825227,16.479980282525,21.064252753667
60.000000000000,60.000000000000,60.000000000000
23.837199734171,25.629972352667,22.299171341565
60.000000000000,60.000000000000,60.000000000000
16.009099715975,18.931770240648,35.522837509437
60.000000000000,60.000000000000,60.000000000000
60.000000000000,0.000000000000,60.000000000000
60.000000000000,60.000000000000,60.000000000000
55.454059288031,22.827689917293,52.535696249419
60.000000000000,60.000000000000,60.000000000000
60.000000000000,60.000000000000,60.000000000000
22.835891014532,24.227565591160,11.924939217429
50.313665613608,49.017507560471,11.486457663641
17.778605188890,55.106825287301,34.704995935773
60.000000000000,60.000000000000,60.000000000000
60.000000000000,60.000000000000,60.000000000000
60.000000000000,60.000000000000,60.000000000000
60.000000000000,60.000000000000,60.000000000000
3.124919596370,46.220992195835,37.891694356280
60.000000000000,60.000000000000,0.000000000000
0.000000000000,0.000000000000,0.000000000000
51.929919477082,49.526496823800,50.872903406429
60.000000000000,60.000000000000,60.000000000000
26.288241495515,41.749683990052,29.022558997401
59.292682624542,1.299469651069,43.796009944825
50.720284189013,30.584540062898,17.589194196704
60.000000000000,60.000000000000,0.000000000000
30.728241916579,4.235261118188,38.118989109630
60.000000000000,60.000000000000,60.000000000000
16.405289757769,60.000000000000,60.000000000000
16.758098695413,12.268173621015,34.834223010569
46.180144192079,15.355802969399,54.978356563368
60.000000000000,60.000000000000,0.000000000000
60.000000000000,60.000000000000,60.000000000000
14.739002839180,47.226489027613,48.613797434393
60.000000000000,60.000000000000,60.000000000000
60.000000000000,60.000000000000,60.000000000000
60.000000000000,60.000000000000,60.000000000000
11.258157145376,46.632949949392,33.793816047380
60.000000000000,60.000000000000,60.000000000000
36.561312912462,32.512631852985,18.883989768210
60.000000000000,60.000000000000,60.000000000000
60.000000000000,60.000000000000,0.000000000000
60.000000000000,60.000000000000,60.000000000000
60.000000000000,60.000000000000,0.000000000000
60.000000000000,60.000000000000,60.000000000000
31.484635254843,36.624270932625,25.262229534906
0.000000000000,60.000000000000,60.000000000000
60.000000000000,60.000000000000,60.000000000000
60.000000000000,60.000000000000,60.000000000000
60.000000000000,60.000000000000,60.000000000000
60.000000000000,60.000000000000,60.000000000000
60.000000000000,60.000000000000,60.000000000000
28.712979531156,50.824994887300,27.526900788531
0.000000000000,0.000000000000,0.000000000000
60.000000000000,60.000000000000,60.000000000000
60.000000000000,60.000000000000,60.000000000000
60.000000000000,60.000000000000,60.000000000000
55.381790587801,59.128948283593,50.069970924792
60.000000000000,60.000000000000,60.000000000000
60.000000000000,40.200480789219,6.327110164860
60.000000000000,60.000000000000,60.000000000000
60.000000000000,60.000000000000,60.000000000000
60.000000000000,60.000000000000,60.000000000000
60.000000000000,60.000000000000,60.000000000000
34.421939250236,47.295761286395,36.481604580571
60.000000000000,60.000000000000,60.000000000000
60.000000000000,60.000000000000,60.000000000000
60.000000000000,60.000000000000,60.000000000000
60.000000000000,60.000000000000,60.000000000000
60.000000000000,60.000000000000,60.000000000000
60.000000000000,60.000000000000,0.000000000000
60.000000000000,60.000000000000,60.000000000000
60.000000000000,60.000000000000,60.000000000000
1.697724555816,15.680996695342,54.733426153418
0.000000000000,4.780771852076,2.060491621044
60.000000000000,60.000000000000,0.000000000000
60.000000000000,60.000000000000,60.000000000000
60.000000000000,60.000000000000,60.000000000000
60.000000000000,60.000000000000,60.000000000000
60.000000000000,60.000000000000,60.000000000000
60.000000000000,60.000000000000,60.000000000000
60.000000000000,60.000000000000,60.000000000000
60.000000000000,60.000000000000,60.000000000000
60.000000000000,60.000000000000,60.000000000000
60.000000000000,60.000000000000,60.000000000000
13.511427559293,18.870811703116,20.675586520095
60.000000000000,60.000000000000,60.000000000000
60.000000000000,60.000000000000,60.000000000000
60.000000000000,60.000000000000,60.000000000000
60.000000000000,60.000000000000,60.000000000000
60.000000000000,60.000000000000,60.000000000000
60.000000000000,60.000000000000,60.000000000000
41.061150367071,26.556203949935,57.298989033337
60.000000000000,60.000000000000,0.000000000000
60.000000000000,60.000000000000,60.000000000000
0.000000000000,56.398595213569,60.000000000000
53.847037082073,42.337512513471,27.840882734598
60.000000000000,60.000000000000,60.000000000000
60.000000000000,60.000000000000,0.000000000000
60.000000000000,60.000000000000,60.000000000000
44.909473632973,16.041232188721,19.357342584551
37.036663351694,48.296714958300,35.559157304434
60.000000000000,60.000000000000,0.000000000000
60.000000000000,60.000000000000,60.000000000000
60.000000000000,60.000000000000,60.000000000000
60.000000000000,60.000000000000,60.000000000000
19.391973408473,23.990259273049,47.615794508709
60.000000000000,60.000000000000,60.000000000000
60.000000000000,60.000000000000,0.000000000000
60.000000000000,60.000000000000,60.000000000000
60.000000000000,60.000000000000,60.000000000000
60.000000000000,60.000000000000,60.000000000000
60.000000000000,60.000000000000,60.000000000000
60.000000000000,60.000000000000,0.000000000000
60.000000000000,60.000000000000,60.000000000000
60.000000000000,60.000000000000,0.000000000000
60.000000000000,60.000000000000,60.000000000000
60.000000000000,60.000000000000,60.000000000000
7.005021131260,39.420498784306,0.000000000000
60.000000000000,60.000000000000,60.000000000000
57.503144732884,14.834339397390,49.351705193964
60.000000000000,60.000000000000,60.000000000000
60.000000000000,60.000000000000,60.000000000000
60.000000000000,60.000000000000,60.000000000000
43.082536035475,44.291491616954,7.837868684692
60.000000000000,60.000000000000,60.000000000000
0.000000000000,60.000000000000,60.000000000000
60.000000000000,60.000000000000,60.000000000000
46.206821309996,8.967322544908,51.835818709561
60.000000000000,60.000000000000,60.000000000000
38.814554688904,20.973462126081,60.000000000000
43.735080000827,44.606341683652,44.321017282028
60.000000000000,60.000000000000,60.000000000000
12.698973869626,25.811652922281,26.032791315333
60.000000000000,60.000000000000,60.000000000000
60.000000000000,60.000000000000,60.000000000000
60.000000000000,60.000000000000,60.000000000000
60.000000000000,60.000000000000,60.000000000000
34.925637168026,22.875242221224,30.409200284809
60.000000000000,60.000000000000,60.000000000000
60.000000000000,60.000000000000,60.000000000000
60.000000000000,60.000000000000,60.000000000000
60.000000000000,60.000000000000,60.000000000000
60.000000000000,60.000000000000,60.000000000000
60.000000000000,60.000000000000,60.000000000000
60.000000000000,60.000000000000,60.000000000000
19.597629154074,39.217737035148,22.699379016039
60.000000000000,12.851986580674,0.000000000000
60.000000000000,60.000000000000,0.000000000000
60.000000000000,60.000000000000,60.000000000000
60.000000000000,60.000000000000,60.000000000000
60.000000000000,60.000000000000,60.000000000000
11.291365271851,33.604060257438,40.627513859688
60.000000000000,60.000000000000,60.000000000000
12.524362511290,60.000000000000,33.218391208428
60.000000000000,60.000000000000,60.000000000000
36.558611040915,29.592426703826,46.485725225947
60.000000000000,60.000000000000,60.000000000000
60.000000000000,60.000000000000,60.000000000000
60.000000000000,60.000000000000,60.000000000000
60.000000000000,60.000000000000,60.000000000000
60.000000000000,60.000000000000,60.000000000000
60.000000000000,60.000000000000,60.000000000000
60.000000000000,60.000000000000,60.000000000000
60.000000000000,60.000000000000,60.000000000000
46.152824727896,21.856457282378,35.834864486372
60.000000000000,60.000000000000,60.000000000000
53.016405056701,53.470561457161,14.617591005414
54.323779205260,47.633906805307,32.680572321327
60.000000000000,60.000000000000,0.000000000000
60.000000000000,60.000000000000,60.000000000000
60.000000000000,60.000000000000,0.000000000000
22.168800265954,16.365218786145,36.772848672632
60.000000000000,60.000000000000,60.000000000000
42.996070995164,5.554974239380,40.448206900910
60.000000000000,60.000000000000,0.000000000000
60.000000000000,60.000000000000,60.000000000000
60.000000000000,60.000000000000,60.000000000000
60.000000000000,60.000000000000,60.000000000000
60.000000000000,60.000000000000,60.000000000000
45.930733032004,50.224514058658,11.480953902807
3.661372606403,38.974320105705,6.510862728769
50.045243935897,33.606099614744,6.951714827648
60.000000000000,60.000000000000,60.000000000000
60.000000000000,60.000000000000,0.000000000000
13.525485391086,16.171122873043,29.937433343392
60.000000000000,60.000000000000,60.000000000000
60.000000000000,60.000000000000,60.000000000000
60.000000000000,60.000000000000,60.000000000000
60.000000000000,60.000000000000,60.000000000000
16.862719713820,29.984487198207,46.861722077678
60.000000000000,60.000000000000,60.000000000000
60.000000000000,60.000000000000,60.000000000000
36.363620937699,30.171787445754,16.482475493984
60.000000000000,60.000000000000,60.000000000000
60.000000000000,60.000000000000,0.000000000000
43.338356218722,60.000000000000,32.796686808068
60.000000000000,60.000000000000,0.000000000000
60.000000000000,60.000000000000,60.000000000000
60.000000000000,60.000000000000,60.000000000000
60.000000000000,60.000000000000,60.000000000000
60.000000000000,60.000000000000,60.000000000000
60.000000000000,60.000000000000,60.000000000000
60.000000000000,60.000000000000,60.000000000000
60.000000000000,60.000000000000,60.000000000000
60.000000000000,60.000000000000,60.000000000000
60.000000000000,60.000000000000,0.000000000000
60.000000000000,60.000000000000,60.000000000000
60.000000000000,60.000000000000,60.000000000000
60.000000000000,60.000000000000,0.000000000000
60.000000000000,0.000000000000,60.000000000000
60.000000000000,60.000000000000,60.000000000000
39.722264118893,31.465690829401,39.488058574856
60.000000000000,60.000000000000,0.000000000000
60.000000000000,60.000000000000,60.000000000000
9.588475393873,16.015479426365,34.190368019632
60.000000000000,60.000000000000,60.000000000000
60.000000000000,60.000000000000,60.000000000000
60.000000000000,60.000000000000,60.000000000000
60.000000000000,60.000000000000,60.000000000000
60.000000000000,60.000000000000,60.000000000000
60.000000000000,60.000000000000,60.000000000000
60.000000000000,60.000000000000,60.000000000000
60.000000000000,60.000000000000,60.000000000000
60.000000000000,60.000000000000,60.000000000000
0.000000000000,60.000000000000,60.000000000000
60.000000000000,60.000000000000,60.000000000000
60.000000000000,0.000000000000,0.000000000000
60.000000000000,60.000000000000,60.000000000000
60.000000000000,60.000000000000,60.000000000000
60.000000000000,60.000000000000,60.000000000000
60.000000000000,60.000000000000,60.000000000000
60.000000000000,60.000000000000,60.000000000000
60.000000000000,60.000000000000,60.000000000000
60.000000000000,60.000000000000,60.000000000000
60.000000000000,60.000000000000,60.000000000000
60.000000000000,60.000000000000,60.000000000000
31.326700260753,46.233858472888,36.488894595821
31.962387916240,38.496279195010,30.872567364491
60.000000000000,60.000000000000,60.000000000000
60.000000000000,60.000000000000,60.000000000000
60.000000000000,60.000000000000,60.000000000000
60.000000000000,60.000000000000,60.000000000000
60.000000000000,60.000000000000,0.000000000000
60.000000000000,60.000000000000,60.000000000000
60.000000000000,60.000000000000,60.000000000000
24.737153678234,22.088613651070,44.060302071854
60.000000000000,60.000000000000,60.000000000000
60.000000000000,60.000000000000,60.000000000000
60.000000000000,60.000000000000,60.000000000000
60.000000000000,60.000000000000,60.000000000000
60.000000000000,60.000000000000,60.000000000000
60.000000000000,60.000000000000,60.000000000000
14.289529443108,9.918718246051,37.721374950987
60.000000000000,60.000000000000,60.000000000000
60.000000000000,60.000000000000,60.000000000000
60.000000000000,60.000000000000,60.000000000000
60.000000000000,60.000000000000,60.000000000000
60.000000000000,60.000000000000,60.000000000000
59.048682553207,8.905137801324,23.200452497427
60.000000000000,60.000000000000,60.000000000000
60.000000000000,60.000000000000,60.000000000000
60.000000000000,60.000000000000,60.000000000000
60.000000000000,60.000000000000,60.000000000000
60.000000000000,60.000000000000,60.000000000000
60.000000000000,60.000000000000,60.000000000000
60.000000000000,60.000000000000,60.000000000000
27.940852829244,22.894537015767,51.267492255096
24.795070358329,13.913592112448,18.907630414383
60.000000000000,52.088918753176,28.806764506356
19.681882907680,38.295419101348,45.475248673382
60.000000000000,60.000000000000,60.000000000000
60.000000000000,60.000000000000,60.000000000000
60.000000000000,60.000000000000,0.000000000000
23.006648844160,59.427702367185,40.847611013931
60.000000000000,60.000000000000,60.000000000000
60.000000000000,60.000000000000,60.000000000000
49.746060900731,25.240799265693,35.306815096105
60.000000000000,60.000000000000,60.000000000000
60.000000000000,60.000000000000,60.000000000000
60.000000000000,60.000000000000,60.000000000000
60.000000000000,60.000000000000,60.000000000000
11.400125692403,60.000000000000,60.000000000000
60.000000000000,60.000000000000,60.000000000000
60.000000000000,60.000000000000,60.000000000000
60.000000000000,60.000000000000,60.000000000000
60.000000000000,60.000000000000,60.000000000000
60.000000000000,60.000000000000,60.000000000000
60.000000000000,60.000000000000,60.000000000000
60.000000000000,60.000000000000,60.000000000000
37.260097861030,9.515641622558,29.221126039941
21.429921912952,30.291581292865,9.123105863454
60.000000000000,60.000000000000,60.000000000000
60.000000000000,60.000000000000,60.000000000000
60.000000000000,60.000000000000,60.000000000000
60.000000000000,60.000000000000,60.000000000000
60.000000000000,60.000000000000,60.000000000000
60.000000000000,60.000000000000,60.000000000000
21.360507010267,22.406988585049,19.923346486871
60.000000000000,60.000000000000,60.000000000000
20.402188662870,42.597264189287,39.874103754340
60.000000000000,60.000000000000,60.000000000000
60.000000000000,60.000000000000,60.000000000000
60.000000000000,60.000000000000,60.000000000000
60.000000000000,60.000000000000,60.000000000000
60.000000000000,60.000000000000,60.000000000000
17.996421789101,44.659275439433,35.748525323868
60.000000000000,60.000000000000,0.000000000000
60.000000000000,60.000000000000,60.000000000000
30.654202925026,52.318138274542,39.391730833567
60.000000000000,60.000000000000,60.000000000000
60.000000000000,60.000000000000,60.000000000000
60.000000000000,60.000000000000,60.000000000000
8.878346219546,10.947461954070,23.636636495380
5.374055158371,21.429845943006,49.277535019873
60.000000000000,60.000000000000,60.000000000000
55.811243600017,15.872241160745,30.852529924173
60.000000000000,60.000000000000,60.000000000000
60.000000000000,60.000000000000,60.000000000000
60.000000000000,60.000000000000,60.000000000000
33.225193573609,35.846794094673,9.363344906249
60.000000000000,60.000000000000,60.000000000000
39.828306379921,19.278878736456,17.295309474129
60.000000000000,60.000000000000,60.000000000000
60.000000000000,60.000000000000,60.000000000000
60.000000000000,60.000000000000,60.000000000000
30.809083819342,4.402485485440,58.590476504596
60.000000000000,60.000000000000,60.000000000000
60.000000000000,60.000000000000,60.000000000000
60.000000000000,60.000000000000,60.000000000000
60.000000000000,60.000000000000,60.000000000000
60.000000000000,60.000000000000,60.000000000000
60.000000000000,60.000000000000,60.000000000000
60.000000000000,60.000000000000,60.000000000000
43.397822575115,44.449124707765,15.479893967385
60.000000000000,60.000000000000,60.000000000000
60.000000000000,60.000000000000,60.000000000000
60.000000000000,60.000000000000,60.000000000000
60.000000000000,60.000000000000,60.000000000000
14.098434459709,44.804432512754,60.000000000000
60.000000000000,60.000000000000,60.000000000000
60.000000000000,60.000000000000,60.000000000000
13.482114271701,57.521834085922,52.151129955242
33.788932142274,48.716757170642,48.453563169561
60.000000000000,60.000000000000,60.000000000000
60.000000000000,60.000000000000,60.000000000000
60.000000000000,60.000000000000,60.000000000000
60.000000000000,60.000000000000,60.000000000000
60.000000000000,60.000000000000,60.000000000000
54.289144648047,42.838855945908,56.718714057282
20.460326297287,30.830986580070,12.757774695341
60.000000000000,60.000000000000,60.000000000000
60.000000000000,60.000000000000,60.000000000000
60.000000000000,60.000000000000,60.000000000000
60.000000000000,9.476676942277,32.109070853276
60.000000000000,60.000000000000,60.000000000000
60.000000000000,60.000000000000,60.000000000000
60.000000000000,60.000000000000,60.000000000000
60.000000000000,60.000000000000,60.000000000000
34.763260752700,29.977532387898,37.837083159355
40.096982784041,60.000000000000,23.401675434585
60.000000000000,60.000000000000,60.000000000000
56.000000000000,57.534482914942,60.000000000000
60.000000000000,60.000000000000,60.000000000000
5.593274186919,0.987966473202,4.977098587915
60.000000000000,60.000000000000,60.000000000000
60.000000000000,60.000000000000,60.000000000000
60.000000000000,60.000000000000,60.000000000000
60.000000000000,60.000000000000,60.000000000000
60.000000000000,60.000000000000,60.000000000000
60.000000000000,60.000000000000,60.000000000000
49.806474312787,8.657216766905,22.848937364113
1.276973465887,56.558199485081,22.210359450385
60.000000000000,60.000000000000,60.000000000000
60.000000000000,60.000000000000,60.000000000000
20.473906853227,19.495391933891,15.564136872074
60.000000000000,60.000000000000,60.000000000000
60.000000000000,60.000000000000,60.000000000000
20.705162328586,46.991274751564,40.342032742887
60.000000000000,60.000000000000,60.000000000000
22.027519761204,33.469227949627,28.199660167753
60.000000000000,60.000000000000,60.000000000000
14.943348501417,17.833387111698,21.094998641034
60.000000000000,60.000000000000,60.000000000000
60.000000000000,60.000000000000,60.000000000000
60.000000000000,60.000000000000,60.000000000000
60.000000000000,60.000000000000,60.000000000000
60.000000000000,60.000000000000,60.000000000000
60.000000000000,60.000000000000,60.000000000000
57.463842213188,24.943246048413,56.325759141117
60.000000000000,60.000000000000,60.000000000000
31.745681104165,3.372685798497,56.009924363308
60.000000000000,60.000000000000,60.000000000000
0.000000000000,60.000000000000,9.868581957203
0.000000000000,60.000000000000,60.000000000000
60.000000000000,60.000000000000,60.000000000000
60.000000000000,60.000000000000,60.000000000000
30.796578075131,58.149938276779,5.309793296655
7.070338735800,14.397961974981,37.085345428295
60.000000000000,60.000000000000,60.000000000000
31.732872590700,52.733050717094,17.627253445020
60.000000000000,60.000000000000,60.000000000000
56.660556319748,46.213010474619,11.866152548803
60.000000000000,60.000000000000,60.000000000000
60.000000000000,60.000000000000,60.000000000000
60.000000000000,60.000000000000,60.000000000000
60.000000000000,60.000000000000,60.000000000000
60.000000000000,60.000000000000,0.000000000000
27.303916210476,38.783300964730,30.186711084114
38.014120063629,26.712462293945,10.692735765915
60.000000000000,60.000000000000,60.000000000000
60.000000000000,60.000000000000,60.000000000000
60.000000000000,60.000000000000,60.000000000000
60.000000000000,60.000000000000,60.000000000000
60.000000000000,60.000000000000,60.000000000000
60.000000000000,60.000000000000,60.000000000000
33.992316461350,2.085592367000,28.912361155501
60.000000000000,60.000000000000,0.000000000000
60.000000000000,60.000000000000,60.000000000000
60.000000000000,60.000000000000,60.000000000000
26.889569925348,24.567780877446,0.481751256893
60.000000000000,60.000000000000,60.000000000000
60.000000000000,60.000000000000,60.000000000000
24.866910097128,52.258962060911,17.476254871840
37.268572383131,32.690226776883,56.340189259169
19.990353600698,12.135279970324,5.586565271145
60.000000000000,60.000000000000,60.000000000000
37.670174294784,12.729591019015,17.790231428479
60.000000000000,60.000000000000,60.000000000000
60.000000000000,60.000000000000,60.000000000000
60.000000000000,60.000000000000,60.000000000000
0.000000000000,0.000000000000,0.000000000000
11.116771231539,20.357525374473,5.875928003775
60.000000000000,60.000000000000,60.000000000000
9.424518994365,53.959644599591,45.302312288520
52.366372990210,25.848587700074,38.464422674139
60.000000000000,60.000000000000,60.000000000000
60.000000000000,60.000000000000,60.000000000000
60.000000000000,60.000000000000,60.000000000000
60.000000000000,60.000000000000,60.000000000000
60.000000000000,60.000000000000,60.000000000000
60.000000000000,60.000000000000,60.000000000000
60.000000000000,60.000000000000,60.000000000000
60.000000000000,60.000000000000,60.000000000000
60.000000000000,60.000000000000,60.000000000000
60.000000000000,60.000000000000,60.000000000000
12.026447390311,13.225177058815,3.478525557073
12.806126005186,28.495225652036,39.907172579691
60.000000000000,60.000000000000,60.000000000000
27.191029548818,39.031806908996,45.710377630139
60.000000000000,60.000000000000,60.000000000000
60.000000000000,60.000000000000,60.000000000000
60.000000000000,60.000000000000,60.000000000000
60.000000000000,60.000000000000,60.000000000000
60.000000000000,60.000000000000,60.000000000000
60.000000000000,60.000000000000,60.000000000000
58.344968833593,42.501183408791,24.972754896679
60.000000000000,60.000000000000,60.000000000000
52.626444605090,29.770276630582,42.786416998430
60.000000000000,60.000000000000,60.000000000000
60.000000000000,60.000000000000,60.000000000000
60.000000000000,60.000000000000,60.000000000000
60.000000000000,60.000000000000,60.000000000000
60.000000000000,60.000000000000,60.000000000000
2.639317647817,17.072343464953,56.722738820840
38.913708452691,31.319428357633,3.163282617560
5.724867081059,4.622281323141,0.995160491821
60.000000000000,60.000000000000,60.000000000000
60.000000000000,60.000000000000,60.000000000000
0.000000000000,0.000000000000,0.000000000000
60.000000000000,60.000000000000,60.000000000000
60.000000000000,60.000000000000,60.000000000000
60.000000000000,60.000000000000,60.000000000000
60.000000000000,60.000000000000,60.000000000000
60.000000000000,60.000000000000,60.000000000000
59.637147476139,0.330445368527,37.128610571214
60.000000000000,60.000000000000,60.000000000000
60.000000000000,60.000000000000,60.000000000000
60.000000000000,60.000000000000,60.000000000000
60.000000000000,60.000000000000,60.000000000000
60.000000000000,60.000000000000,60.000000000000
60.000000000000,60.000000000000,60.000000000000
15.456733807038,60.000000000000,3.254586691122
60.000000000000,60.000000000000,6.615387887066
60.000000000000,60.000000000000,60.000000000000
60.000000000000,60.000000000000,60.000000000000
60.000000000000,60.000000000000,60.000000000000
60.000000000000,60.000000000000,60.000000000000
60.000000000000,60.000000000000,60.000000000000
30.806696026423,5.780368973456,57.763677451170
60.000000000000,60.000000000000,60.000000000000
56.909149889865,35.715601705828,33.487448903748
55.505144436749,9.740072572859,21.078456091673
54.947599316132,18.397317024364,15.709296716429
41.926947479371,49.844285444916,34.316836684771
60.000000000000,60.000000000000,60.000000000000
1.979967680560,16.456284035963,34.857023226337
60.000000000000,60.000000000000,60.000000000000
60.000000000000,60.000000000000,60.000000000000
27.353215890952,11.212990827374,13.032885169089
60.000000000000,60.000000000000,60.000000000000
35.619213554436,17.644130417133,40.746748715606
60.000000000000,60.000000000000,60.000000000000
60.000000000000,60.000000000000,60.000000000000
60.000000000000,60.000000000000,60.000000000000
60.000000000000,60.000000000000,60.000000000000
60.000000000000,60.000000000000,60.000000000000
53.194730207374,57.822871384419,39.445071596442
60.000000000000,0.000000000000,60.000000000000
60.000000000000,60.000000000000,0.000000000000
60.000000000000,60.000000000000,60.000000000000
60.000000000000,60.000000000000,60.000000000000
60.000000000000,60.000000000000,0.000000000000
60.000000000000,60.000000000000,60.000000000000
11.410949103414,49.761729083460,57.141661277090
6.862899741872,22.252277655826,12.967216777106
60.000000000000,60.000000000000,60.000000000000
32.180891882985,4.682618096115,26.437778853585
60.000000000000,60.000000000000,60.000000000000
60.000000000000,60.000000000000,60.000000000000
60.000000000000,60.000000000000,60.000000000000
44.636077846719,20.147349505600,18.580305749479
55.431780878660,60.000000000000,30.909227908903
6.290282358632,2.019507872874,53.497953879872
0.000000000000,60.000000000000,60.000000000000
40.360930404090,20.107120366737,32.553974467330
60.000000000000,60.000000000000,60.000000000000
60.000000000000,60.000000000000,60.000000000000
60.000000000000,60.000000000000,60.000000000000
60.000000000000,60.000000000000,60.000000000000
41.178030017411,45.618849878332,39.622513044182
60.000000000000,2.903381100582,13.928666446117
60.000000000000,60.000000000000,60.000000000000
60.000000000000,60.000000000000,60.000000000000
60.000000000000,60.000000000000,60.000000000000
60.000000000000,60.000000000000,60.000000000000
60.000000000000,60.000000000000,60.000000000000
60.000000000000,60.000000000000,60.000000000000
60.000000000000,60.000000000000,60.000000000000
0.000000000000,60.000000000000,60.000000000000
60.000000000000,60.000000000000,60.000000000000
60.000000000000,60.000000000000,60.000000000000
60.000000000000,60.000000000000,60.000000000000
60.000000000000,60.000000000000,60.000000000000
60.000000000000,60.000000000000,60.000000000000
60.000000000000,60.000000000000,60.000000000000
60.000000000000,60.000000000000,60.000000000000
60.000000000000,60.000000000000,60.000000000000
60.000000000000,60.000000000000,60.000000000000
60.000000000000,60.000000000000,60.000000000000
32.667606810776,32.291521889006,27.216502933521
11.223556540992,24.101721613685,17.662539658813
60.000000000000,60.000000000000,60.000000000000
6.976693962728,12.179104660349,48.264027260255
60.000000000000,60.000000000000,60.000000000000
0.000000000000,60.000000000000,53.361735716990
60.000000000000,60.000000000000,60.000000000000
60.000000000000,60.000000000000,60.000000000000
60.000000000000,60.000000000000,60.000000000000
60.000000000000,60.000000000000,60.000000000000
15.649877955454,14.690311636744,54.667551992448
60.000000000000,60.000000000000,60.000000000000
60.000000000000,60.000000000000,60.000000000000
60.000000000000,60.000000000000,60.000000000000
60.000000000000,60.000000000000,60.000000000000
60.000000000000,60.000000000000,60.000000000000
60.000000000000,60.000000000000,60.000000000000
60.000000000000,60.000000000000,60.000000000000
60.000000000000,60.000000000000,60.000000000000
60.000000000000,60.000000000000,60.000000000000
60.000000000000,60.000000000000,60.000000000000
15.524756920822,12.435801351749,18.839194783212
60.000000000000,60.000000000000,60.000000000000
60.000000000000,60.000000000000,60.000000000000
17.022656503919,40.843119058464,6.428562429594
60.000000000000,60.000000000000,60.000000000000
60.000000000000,60.000000000000,60.000000000000
60.000000000000,60.000000000000,60.000000000000
29.596491672554,31.496148917947,57.402241211823
60.000000000000,60.000000000000,60.000000000000
60.000000000000,60.000000000000,60.000000000000
60.000000000000,60.000000000000,60.000000000000
8.396141263924,9.208031713119,22.294465596350
60.000000000000,60.000000000000,60.000000000000
60.000000000000,60.000000000000,60.000000000000
60.000000000000,60.000000000000,60.000000000000
60.000000000000,60.000000000000,60.000000000000
55.548365361046,58.289259376088,21.528805972484
60.000000000000,60.000000000000,60.000000000000
0.000000000000,60.000000000000,60.000000000000
60.000000000000,60.000000000000,60.000000000000
42.819446318350,14.208818977419,21.565847743044
60.000000000000,60.000000000000,60.000000000000
10.960253262061,7.677219830278,21.017137887432
60.000000000000,60.000000000000,60.000000000000
60.000000000000,60.000000000000,60.000000000000
60.000000000000,60.000000000000,60.000000000000
60.000000000000,60.000000000000,60.000000000000
60.000000000000,60.000000000000,60.000000000000
60.000000000000,60.000000000000,60.000000000000
60.000000000000,60.000000000000,60.000000000000
31.670816946250,37.723824742921,33.612142917901
60.000000000000,0.000000000000,60.000000000000
60.000000000000,60.000000000000,60.000000000000
60.000000000000,60.000000000000,60.000000000000
60.000000000000,60.000000000000,60.000000000000
60.000000000000,60.000000000000,60.000000000000
60.000000000000,60.000000000000,60.000000000000
60.000000000000,60.000000000000,60.000000000000
14.553312424272,57.995946961413,43.241200035904
60.000000000000,60.000000000000,60.000000000000
60.000000000000,0.000000000000,20.539085436837
60.000000000000,60.000000000000,60.000000000000
60.000000000000,13.149138700144,40.625509925226
29.062870009202,8.075735086960,38.109857252917
60.000000000000,60.000000000000,0.000000000000
1.761933408843,60.000000000000,0.000000000000
60.000000000000,60.000000000000,60.000000000000
60.000000000000,60.000000000000,60.000000000000
60.000000000000,60.000000000000,60.000000000000
60.000000000000,60.000000000000,60.000000000000
26.548148139492,0.000000000000,60.000000000000
60.000000000000,60.000000000000,60.000000000000
60.000000000000,60.000000000000,60.000000000000
60.000000000000,60.000000000000,60.000000000000
60.000000000000,60.000000000000,60.000000000000
31.466575055323,10.895104626850,25.579405631124
60.000000000000,60.000000000000,60.000000000000
60.000000000000,60.000000000000,60.000000000000
60.000000000000,60.000000000000,60.000000000000
60.000000000000,60.000000000000,60.000000000000
60.000000000000,60.000000000000,60.000000000000
38.480630856151,32.160521058816,55.602182256513
60.000000000000,15.819093866305,60.000000000000
2.004301263201,48.925836347572,57.094121155812
60.000000000000,60.000000000000,60.000000000000
60.000000000000,60.000000000000,60.000000000000
60.000000000000,60.000000000000,60.000000000000
60.000000000000,60.000000000000,60.000000000000
60.000000000000,60.000000000000,60.000000000000
60.000000000000,60.000000000000,60.000000000000
60.000000000000,60.000000000000,60.000000000000
47.261538984319,21.846507620338,23.954579945265
60.000000000000,60.000000000000,60.000000000000
43.293793174065,9.252906783225,22.792179538629
60.000000000000,60.000000000000,60.000000000000
60.000000000000,60.000000000000,60.000000000000
60.000000000000,60.000000000000,60.000000000000
20.866423796943,25.896314663524,43.899434661151
60.000000000000,60.000000000000,60.000000000000
26.447352414444,40.020848557471,15.254958853695
60.000000000000,60.000000000000,60.000000000000
15.179734167508,41.647274152312,60.000000000000
60.000000000000,60.000000000000,60.000000000000
60.000000000000,60.000000000000,60.000000000000
46.554528169559,39.914750051174,37.842406334854
43.448689502897,41.176126313542,41.235249812798
60.000000000000,60.000000000000,60.000000000000
60.000000000000,60.000000000000,60.000000000000
2.046166218999,7.522159691517,5.860041078823
16.103576394508,2.098538885734,15.110514196394
60.000000000000,60.000000000000,0.000000000000
60.000000000000,60.000000000000,60.000000000000
60.000000000000,0.000000000000,0.000000000000
42.701885555688,40.279456656349,59.242526274932
60.000000000000,60.000000000000,0.000000000000
60.000000000000,60.000000000000,60.000000000000
60.000000000000,60.000000000000,60.000000000000
60.000000000000,60.000000000000,60.000000000000
53.982831865304,33.568680012876,3.257241640757
21.523273012740,9.353608780752,4.348380647021
0.000000000000,60.000000000000,24.689546606331
14.727321657574,15.321476965631,7.202091077093
60.000000000000,60.000000000000,60.000000000000
34.090720849533,29.061576522381,23.133349905962
60.000000000000,60.000000000000,60.000000000000
60.000000000000,60.000000000000,60.000000000000
60.000000000000,60.000000000000,60.000000000000
60.000000000000,60.000000000000,60.000000000000
24.735043553149,2.661512861310,50.190499356517
60.000000000000,60.000000000000,60.000000000000
60.000000000000,60.000000000000,60.000000000000
60.000000000000,60.000000000000,60.000000000000
60.000000000000,60.000000000000,60.000000000000
60.000000000000,60.000000000000,60.000000000000
18.471810707890,13.330919996901,41.640649761907
60.000000000000,60.000000000000,60.000000000000
60.000000000000,60.000000000000,60.000000000000
60.000000000000,0.000000000000,0.000000000000
60.000000000000,60.000000000000,60.000000000000
60.000000000000,60.000000000000,60.000000000000
60.000000000000,60.000000000000,60.000000000000
50.779332841375,31.097326427546,11.910288384609
60.000000000000,60.000000000000,60.000000000000
60.000000000000,60.000000000000,60.000000000000
60.000000000000,60.000000000000,60.000000000000
60.000000000000,60.000000000000,60.000000000000
60.000000000000,60.000000000000,60.000000000000
2.223830074547,2.086677583619,9.267912620671
60.000000000000,60.000000000000,60.000000000000
60.000000000000,60.000000000000,60.000000000000
12.985272767456,34.897146155461,1.939545530361
60.000000000000,60.000000000000,60.000000000000
60.000000000000,60.000000000000,60.000000000000
60.000000000000,60.000000000000,60.000000000000
60.000000000000,60.000000000000,60.000000000000
60.000000000000,60.000000000000,60.000000000000
10.985459909759,34.367450517098,51.156642748854
60.000000000000,60.000000000000,60.000000000000
60.000000000000,60.000000000000,0.000000000000
60.000000000000,60.000000000000,0.000000000000
15.677941331179,34.674588895708,14.449841043197
60.000000000000,60.000000000000,60.000000000000
60.000000000000,60.000000000000,60.000000000000
60.000000000000,60.000000000000,60.000000000000
34.919879155436,25.688317990227,12.078321990417
60.000000000000,60.000000000000,0.000000000000
60.000000000000,60.000000000000,60.000000000000
60.000000000000,60.000000000000,60.000000000000
60.000000000000,60.000000000000,60.000000000000
29.908762276821,35.057620190370,10.358668976056
60.000000000000,60.000000000000,60.000000000000
37.055427496676,54.764642528358,1.360190879235
60.000000000000,60.000000000000,60.000000000000
45.459684526192,14.115954618393,26.418248018374
60.000000000000,60.000000000000,60.000000000000
60.000000000000,60.000000000000,60.000000000000
60.000000000000,60.000000000000,60.000000000000
60.000000000000,60.000000000000,60.000000000000
60.000000000000,60.000000000000,60.000000000000
60.000000000000,54.097814069110,60.000000000000
49.496807160627,20.871574268878,20.873055562738
20.383442860952,36.528022840953,37.118479874737
60.000000000000,60.000000000000,60.000000000000
60.000000000000,60.000000000000,60.000000000000
60.000000000000,60.000000000000,60.000000000000
60.000000000000,60.000000000000,60.000000000000
1.340124236704,57.869489516090,3.814418545845
60.000000000000,60.000000000000,60.000000000000
60.000000000000,60.000000000000,60.000000000000
60.000000000000,60.000000000000,60.000000000000
60.000000000000,60.000000000000,60.000000000000
60.000000000000,60.000000000000,60.000000000000
60.000000000000,60.000000000000,60.000000000000
60.000000000000,60.000000000000,60.000000000000
9.855728575995,60.000000000000,3.243787931214
14.760871334640,9.895846103856,41.369129673773
60.000000000000,60.000000000000,60.000000000000
60.000000000000,60.000000000000,60.000000000000
60.000000000000,60.000000000000,60.000000000000
60.000000000000,60.000000000000,60.000000000000
60.000000000000,60.000000000000,60.000000000000
60.000000000000,60.000000000000,60.000000000000
60.000000000000,60.000000000000,60.000000000000
60.000000000000,60.000000000000,60.000000000000
44.138619984182,31.084755183085,29.593322168169
48.424250679057,14.919759683632,50.534745111216
60.000000000000,60.000000000000,60.000000000000
58.709917481605,37.589885881462,28.088211258623
60.000000000000,60.000000000000,60.000000000000
60.000000000000,47.776655601326,60.000000000000
7.422272462473,5.112696422166,8.285037918558
60.000000000000,60.000000000000,60.000000000000
60.000000000000,60.000000000000,60.000000000000
60.000000000000,60.000000000000,60.000000000000
9.278990391283,30.649879637231,10.679808318077
56.246535092559,48.292922001922,16.462285419404
21.841693428588,0.000000000000,0.000000000000
60.000000000000,60.000000000000,60.000000000000
17.424557407066,7.608045287518,13.984008976014
52.260508230246,2.515971599979,37.142656963698
60.000000000000,60.000000000000,60.000000000000
60.000000000000,60.000000000000,60.000000000000
60.000000000000,60.000000000000,60.000000000000
14.243179081406,33.233194244853,27.317738764188
39.612282233550,27.155419477018,42.887050451484
60.000000000000,60.000000000000,60.000000000000
60.000000000000,60.000000000000,60.000000000000
29.586202379521,60.000000000000,60.000000000000
20.919512418427,19.261825484075,21.683943153705
60.000000000000,60.000000000000,60.000000000000
51.540304349970,42.580772594776,34.493205721392
60.000000000000,60.000000000000,60.000000000000
60.000000000000,60.000000000000,60.000000000000
60.000000000000,60.000000000000,60.000000000000
60.000000000000,60.000000000000,60.000000000000
60.000000000000,60.000000000000,60.000000000000
0.000000000000,60.000000000000,60.000000000000
60.000000000000,60.000000000000,60.000000000000
60.000000000000,60.000000000000,60.000000000000
0.000000000000,60.000000000000,60.000000000000
15.694275613239,9.976463130104,30.314427291355
60.000000000000,60.000000000000,60.000000000000
60.000000000000,60.000000000000,60.000000000000
60.000000000000,60.000000000000,60.000000000000
60.000000000000,60.000000000000,60.000000000000
60.000000000000,60.000000000000,60.000000000000
50.591184051099,58.029527493166,37.235443481934
60.000000000000,60.000000000000,60.000000000000
60.000000000000,60.000000000000,60.000000000000
60.000000000000,60.000000000000,60.000000000000
60.000000000000,60.000000000000,60.000000000000
60.000000000000,60.000000000000,60.000000000000
60.000000000000,60.000000000000,60.000000000000
5.611434197979,26.775657210251,28.935410349345
60.000000000000,60.000000000000,60.000000000000
60.000000000000,60.000000000000,60.000000000000
60.000000000000,60.000000000000,0.000000000000
60.000000000000,60.000000000000,60.000000000000
60.000000000000,60.000000000000,0.000000000000
23.009190533620,49.105898917008,47.732537104550
60.000000000000,60.000000000000,60.000000000000
60.000000000000,60.000000000000,60.000000000000
54.960648607427,26.589397321558,60.000000000000
60.000000000000,60.000000000000,60.000000000000
60.000000000000,60.000000000000,60.000000000000
60.000000000000,60.000000000000,60.000000000000
26.213183692999,6.434458752301,10.788075044789
15.905299790907,60.000000000000,60.000000000000
60.000000000000,60.000000000000,60.000000000000
60.000000000000,60.000000000000,60.000000000000
60.000000000000,60.000000000000,60.000000000000
60.000000000000,60.000000000000,60.000000000000
60.000000000000,60.000000000000,60.000000000000
60.000000000000,60.000000000000,60.000000000000
60.000000000000,60.000000000000,60.000000000000
60.000000000000,60.000000000000,60.000000000000
60.000000000000,60.000000000000,60.000000000000
60.000000000000,60.000000000000,60.000000000000
60.000000000000,60.000000000000,60.000000000000
60.000000000000,60.000000000000,60.000000000000
60.000000000000,60.000000000000,60.000000000000
60.000000000000,60.000000000000,60.000000000000
11.099301659323,32.294768086372,38.740150616447
60.000000000000,60.000000000000,60.000000000000
60.000000000000,60.000000000000,60.000000000000
60.000000000000,60.000000000000,60.000000000000
30.453057904408,46.387126479027,1.686644676797
60.000000000000,60.000000000000,60.000000000000
60.000000000000,60.000000000000,60.000000000000
23.311301373571,24.284858925996,44.658553054921
60.000000000000,60.000000000000,60.000000000000
60.000000000000,60.000000000000,60.000000000000
60.000000000000,60.000000000000,60.000000000000
60.000000000000,60.000000000000,60.000000000000
60.000000000000,60.000000000000,60.000000000000
60.000000000000,60.000000000000,60.000000000000
60.000000000000,60.000000000000,60.000000000000
58.424551205801,45.987652041760,35.976651530441
60.000000000000,60.000000000000,60.000000000000
60.000000000000,60.000000000000,60.000000000000
60.000000000000,60.000000000000,60.000000000000
25.510741849904,56.140627174398,47.988477290346
60.000000000000,60.000000000000,60.000000000000
60.000000000000,60.000000000000,60.000000000000
60.000000000000,60.000000000000,60.000000000000
60.000000000000,60.000000000000,60.000000000000
60.000000000000,60.000000000000,60.000000000000
53.443349988048,0.050967607521,12.158142853557
60.000000000000,60.000000000000,60.000000000000
60.000000000000,60.000000000000,60.000000000000
0.000000000000,60.000000000000,60.000000000000
60.000000000000,60.000000000000,60.000000000000
60.000000000000,60.000000000000,60.000000000000
60.000000000000,60.000000000000,60.000000000000
60.000000000000,60.000000000000,60.000000000000
60.000000000000,60.000000000000,60.000000000000
27.795906100673,60.000000000000,60.000000000000
60.000000000000,60.000000000000,60.000000000000
0.000000000000,60.000000000000,60.000000000000
60.000000000000,60.000000000000,60.000000000000
49.158810397991,23.268033428923,0.000000000000
60.000000000000,60.000000000000,60.000000000000
60.000000000000,60.000000000000,60.000000000000
60.000000000000,60.000000000000,60.000000000000
60.000000000000,60.000000000000,60.000000000000
60.000000000000,60.000000000000,60.000000000000
4.684308680060,38.888709267431,19.823339555436
60.000000000000,60.000000000000,60.000000000000
60.000000000000,60.000000000000,60.000000000000
25.916983445245,23.164371352112,21.120420884222
60.000000000000,60.000000000000,60.000000000000
48.477275672241,56.931952932649,33.579253606992
60.000000000000,60.000000000000,60.000000000000
60.000000000000,60.000000000000,60.000000000000
60.000000000000,60.000000000000,60.000000000000
60.000000000000,60.000000000000,60.000000000000
60.000000000000,60.000000000000,60.000000000000
60.000000000000,60.000000000000,60.000000000000
49.774673138487,25.597984445854,30.017096255379
60.000000000000,60.000000000000,60.000000000000
8.863737463316,12.110716481734,45.750479384601
60.000000000000,8.334352176132,60.000000000000
60.000000000000,60.000000000000,60.000000000000
19.046588788982,27.582469185173,37.565974128817
60.000000000000,60.000000000000,60.000000000000
52.582553189464,20.146820960658,17.578315910937
60.000000000000,60.000000000000,60.000000000000
60.000000000000,60.000000000000,60.000000000000
60.000000000000,60.000000000000,60.000000000000
19.656240598809,13.987758354835,2.780532736146
26.708132363492,38.919653149508,46.236166223338
60.000000000000,60.000000000000,60.000000000000
30.328660174955,43.319164862943,2.906889323551
19.525965835212,29.626279357887,30.031102502216
60.000000000000,60.000000000000,60.000000000000
60.000000000000,60.000000000000,60.000000000000
60.000000000000,60.000000000000,60.000000000000
60.000000000000,60.000000000000,60.000000000000
60.000000000000,60.000000000000,60.000000000000
60.000000000000,60.000000000000,60.000000000000
60.000000000000,60.000000000000,60.000000000000
60.000000000000,60.000000000000,60.000000000000
28.303449567994,46.745150568961,31.496808821461
27.359489030029,10.612808983468,52.273713663889
60.000000000000,60.000000000000,60.000000000000
60.000000000000,60.000000000000,60.000000000000
60.000000000000,60.000000000000,60.000000000000
60.000000000000,60.000000000000,60.000000000000
54.883100925528,30.277451165228,36.148238818577
60.000000000000,60.000000000000,60.000000000000
60.000000000000,60.000000000000,0.000000000000
60.000000000000,60.000000000000,60.000000000000
60.000000000000,60.000000000000,60.000000000000
60.000000000000,60.000000000000,60.000000000000
60.000000000000,60.000000000000,0.000000000000
60.000000000000,60.000000000000,60.000000000000
60.000000000000,60.000000000000,60.000000000000
49.535791068033,28.500924320455,30.556935880176
0.000000000000,60.000000000000,60.000000000000
0.000000000000,60.000000000000,60.000000000000
60.000000000000,60.000000000000,60.000000000000
60.000000000000,60.000000000000,60.000000000000
60.000000000000,60.000000000000,60.000000000000
60.000000000000,60.000000000000,60.000000000000
60.000000000000,60.000000000000,60.000000000000
60.000000000000,60.000000000000,60.000000000000
60.000000000000,60.000000000000,0.000000000000
60.000000000000,60.000000000000,60.000000000000
60.000000000000,60.000000000000,0.000000000000
60.000000000000,60.000000000000,60.000000000000
60.000000000000,60.000000000000,60.000000000000
60.000000000000,60.000000000000,0.000000000000
60.000000000000,60.000000000000,60.000000000000
60.000000000000,60.000000000000,60.000000000000
60.000000000000,60.000000000000,0.000000000000
60.000000000000,60.000000000000,60.000000000000
60.000000000000,60.000000000000,60.000000000000
53.705964599154,8.459307745457,3.690258334600
60.000000000000,60.000000000000,60.000000000000
52.829200728288,34.838912933562,46.657921108810
60.000000000000,60.000000000000,0.000000000000
60.000000000000,60.000000000000,60.000000000000
26.898282473789,32.162886768558,41.404096840316
60.000000000000,60.000000000000,0.000000000000
0.000000000000,60.000000000000,60.000000000000
33.268301916181,24.668029549630,54.188191108405
47.529641957724,31.473220539370,23.269250690866
60.000000000000,60.000000000000,0.000000000000
60.000000000000,60.000000000000,60.000000000000
60.000000000000,60.000000000000,60.000000000000
30.829917153256,27.687314301321,3.860414515275
60.000000000000,60.000000000000,60.000000000000
60.000000000000,60.000000000000,60.000000000000
60.000000000000,60.000000000000,60.000000000000
60.000000000000,60.000000000000,60.000000000000
60.000000000000,60.000000000000,60.000000000000
60.000000000000,60.000000000000,60.000000000000
15.924442259787,26.779340252845,47.285424748896
10.588591555129,31.658879990190,16.842576937689
60.000000000000,60.000000000000,60.000000000000
60.000000000000,60.000000000000,60.000000000000
45.525858358522,16.008767899741,58.066572973427
58.166787645543,22.708325072612,59.908243539783
60.000000000000,60.000000000000,60.000000000000
26.233449904423,36.445806817131,39.839730127835
60.000000000000,60.000000000000,60.000000000000
60.000000000000,60.000000000000,60.000000000000
49.421751417290,22.385572032361,5.279007097216
60.000000000000,60.000000000000,60.000000000000
60.000000000000,60.000000000000,60.000000000000
60.000000000000,60.000000000000,60.000000000000
60.000000000000,60.000000000000,0.000000000000
60.000000000000,60.000000000000,0.000000000000
60.000000000000,60.000000000000,60.000000000000
60.000000000000,60.000000000000,60.000000000000
60.000000000000,60.000000000000,60.000000000000
60.000000000000,60.000000000000,60.000000000000
60.000000000000,60.000000000000,60.000000000000
6.280107282303,50.024966816941,16.709360320979
29.973109087858,30.132795921259,36.969765670857
60.000000000000,60.000000000000,60.000000000000
60.000000000000,60.000000000000,0.000000000000
30.961659376488,47.809776616897,56.272608476593
60.000000000000,60.000000000000,60.000000000000
21.409306604752,38.524288914255,60.000000000000
60.000000000000,60.000000000000,60.000000000000
60.000000000000,60.000000000000,60.000000000000
60.000000000000,60.000000000000,44.918010896656
60.000000000000,60.000000000000,0.000000000000
60.000000000000,60.000000000000,60.000000000000
60.000000000000,60.000000000000,60.000000000000
60.000000000000,60.000000000000,0.000000000000
60.000000000000,60.000000000000,0.000000000000
49.663518629641,31.152599747796,40.093067907064
60.000000000000,60.000000000000,0.000000000000
60.000000000000,60.000000000000,60.000000000000
60.000000000000,60.000000000000,60.000000000000
60.000000000000,60.000000000000,60.000000000000
60.000000000000,60.000000000000,60.000000000000
60.000000000000,60.000000000000,60.000000000000
14.665855337519,45.664764424062,38.025503832521
60.000000000000,60.000000000000,60.000000000000
60.000000000000,60.000000000000,60.000000000000
60.000000000000,60.000000000000,60.000000000000
60.000000000000,60.000000000000,60.000000000000
24.039063982307,52.293907337944,34.489719163166
9.560703502453,2.043998872497,11.550783373683
60.000000000000,60.000000000000,60.000000000000
60.000000000000,60.000000000000,60.000000000000
60.000000000000,60.000000000000,60.000000000000
60.000000000000,60.000000000000,0.000000000000
60.000000000000,60.000000000000,60.000000000000
60.000000000000,60.000000000000,60.000000000000
60.000000000000,60.000000000000,60.000000000000
33.400214063137,34.758106853696,25.249898807270
60.000000000000,60.000000000000,60.000000000000
60.000000000000,60.000000000000,60.000000000000
60.000000000000,60.000000000000,60.000000000000
60.000000000000,60.000000000000,60.000000000000
60.000000000000,60.000000000000,60.000000000000
60.000000000000,60.000000000000,60.000000000000
60.000000000000,60.000000000000,60.000000000000
0.000000000000,60.000000000000,60.000000000000
60.000000000000,60.000000000000,60.000000000000
60.000000000000,60.000000000000,60.000000000000
60.000000000000,60.000000000000,60.000000000000
60.000000000000,60.000000000000,60.000000000000
49.156643704231,56.868191366078,11.808086986607
60.000000000000,60.000000000000,60.000000000000
60.000000000000,21.543739578362,37.901301004483
60.000000000000,60.000000000000,60.000000000000
60.000000000000,60.000000000000,0.000000000000
60.000000000000,60.000000000000,60.000000000000
60.000000000000,60.000000000000,60.000000000000
60.000000000000,60.000000000000,60.000000000000
60.000000000000,60.000000000000,60.000000000000
15.452384008018,23.340936580804,51.378895625940
60.000000000000,60.000000000000,60.000000000000
43.706577121274,59.929257250756,30.268128500827
60.000000000000,60.000000000000,60.000000000000
60.000000000000,60.000000000000,60.000000000000
60.000000000000,60.000000000000,60.000000000000
60.000000000000,60.000000000000,60.000000000000
0.000000000000,60.000000000000,60.000000000000
60.000000000000,60.000000000000,60.000000000000
60.000000000000,60.000000000000,0.000000000000
60.000000000000,60.000000000000,60.000000000000
60.000000000000,60.000000000000,60.000000000000
60.000000000000,60.000000000000,60.000000000000
60.000000000000,60.000000000000,60.000000000000
21.124212551757,4.214706717719,60.000000000000
40.224099783942,51.959189177010,44.393926724373
60.000000000000,60.000000000000,60.000000000000
60.000000000000,60.000000000000,60.000000000000
60.000000000000,60.000000000000,60.000000000000
60.000000000000,60.000000000000,60.000000000000
60.000000000000,60.000000000000,0.000000000000
48.392971855540,40.112079626676,9.509959660480
60.000000000000,60.000000000000,60.000000000000
60.000000000000,60.000000000000,60.000000000000
60.000000000000,60.000000000000,60.000000000000
1.085324826587,8.349107821090,42.738314852778
60.000000000000,60.000000000000,0.000000000000
57.458691005952,15.072408929228,45.323180021248
60.000000000000,60.000000000000,60.000000000000
60.000000000000,60.000000000000,0.000000000000
60.000000000000,60.000000000000,60.000000000000
60.000000000000,60.000000000000,10.325697645747
60.000000000000,60.000000000000,60.000000000000
60.000000000000,60.000000000000,60.000000000000
60.000000000000,60.000000000000,60.000000000000
60.000000000000,60.000000000000,60.000000000000
60.000000000000,60.000000000000,60.000000000000
60.000000000000,60.000000000000,60.000000000000
21.178732489681,57.473910263971,51.994476831447
47.092569934413,20.627672512400,0.139086447378
60.000000000000,60.000000000000,60.000000000000
13.208292956318,48.269818501650,0.088013560879
60.000000000000,60.000000000000,60.000000000000
60.000000000000,60.000000000000,60.000000000000
60.000000000000,1.461091297350,45.655080825577
60.000000000000,60.000000000000,60.000000000000
60.000000000000,60.000000000000,60.000000000000
60.000000000000,60.000000000000,0.000000000000
60.000000000000,60.000000000000,0.000000000000
0.467507965255,13.453005636705,26.628755578777
29.922918175000,1.403413752020,20.966787158907
60.000000000000,60.000000000000,60.000000000000
60.000000000000,60.000000000000,60.000000000000
39.036643543847,60.000000000000,28.474118085791
60.000000000000,60.000000000000,0.000000000000
60.000000000000,60.000000000000,0.000000000000
60.000000000000,60.000000000000,60.000000000000
60.000000000000,60.000000000000,60.000000000000
60.000000000000,60.000000000000,60.000000000000
