x,y,z
9.347241450437,29.111217293318,20.655455948320
8.911231538864,35.516010131931,33.192708474918
1.570678441442,19.707021024258,56.055774453801
44.513360659610,40.244151938088,49.769561121928
27.612110555742,33.091418050563,50.722193401667
60.000000000000,60.000000000000,60.000000000000
38.613842017170,13.474623232979,3.318457232928
3.075007405670,34.308532949592,35.551528308296
60.000000000000,60.000000000000,60.000000000000
60.000000000000,51.196673887685,12.604931367217
9.239717207861,38.787468684242,37.395230695035
60.000000000000,60.000000000000,60.000000000000
24.419288905422,21.705327131891,4.072447702197
28.889717918454,6.212076712000,37.564803372755
44.054972340437,33.735336194441,2.260343097917
60.000000000000,60.000000000000,0.000000000000
7.895406177311,8.986206510065,52.446035667123
48.325788860308,60.000000000000,32.287299122534
60.000000000000,60.000000000000,0.000000000000
58.401737712050,34.118181801668,2.245866835698
60.000000000000,60.000000000000,60.000000000000
53.858298169049,54.020233971808,50.559454554417
11.957471836009,47.390695060999,1.526289493909
56.581362653184,33.596983229561,8.781144632384
3.584615607864,34.413374888842,51.469806902074
28.925481531183,10.553965523950,52.671341296383
60.000000000000,60.000000000000,60.000000000000
60.000000000000,60.000000000000,0.000000000000
0.795592361354,57.582913909031,36.887198685478
21.300405378917,13.664054909345,55.429979945464
0.091272682013,46.974124487913,49.479411309285
60.000000000000,60.000000000000,60.000000000000
2.828341568705,4.642557329068,2.551470302272
0.045271040296,38.367921744619,18.041510679542
60.000000000000,60.000000000000,60.000000000000
60.000000000000,60.000000000000,0.000000000000
60.000000000000,60.000000000000,60.000000000000
3.930713788274,17.143180548306,36.050964395520
1.426265307070,10.200675930643,41.411436750087
60.000000000000,60.000000000000,60.000000000000
25.341955788075,25.515058159197,26.900888958902
60.000000000000,60.000000000000,0.000000000000
52.841201260509,3.200571404963,29.183793052904
16.018371271426,26.196396368993,13.315968028287
2.615496299453,0.576989074223,30.199919152112
10.906596216935,57.282973930446,3.971682439913
50.438537967918,18.499374123103,53.951766967103
24.172807153412,34.038001553753,37.707472443697
46.447416915290,9.091417408712,14.289625694497
60.000000000000,60.000000000000,60.000000000000
2.030856769685,35.453304359058,50.249744458563
60.000000000000,60.000000000000,60.000000000000
3.423024227551,9.839320460018,52.173392277892
32.010852823037,1.223939598937,7.335216702776
50.500451135940,14.058840768830,4.388559691959
60.000000000000,60.000000000000,60.000000000000
60.000000000000,60.000000000000,60.000000000000
0.000000000000,60.000000000000,60.000000000000
60.000000000000,60.000000000000,0.000000000000
22.033875321896,2.915210562266,23.802910006499
60.000000000000,60.000000000000,60.000000000000
1.491890331195,34.080870768220,24.716731169305
60.000000000000,60.000000000000,60.000000000000
54.183523663935,20.479730989478,20.962674575284
2.668056345118,37.321826472884,56.416409886407
0.000000000000,60.000000000000,60.000000000000
60.000000000000,60.000000000000,60.000000000000
27.052151986882,35.132885353615,29.868054997568
60.000000000000,14.788679749948,55.972440809604
60.000000000000,60.000000000000,60.000000000000
60.000000000000,60.000000000000,60.000000000000
60.000000000000,60.000000000000,60.000000000000
60.000000000000,60.000000000000,60.000000000000
60.000000000000,60.000000000000,0.000000000000
1.479838728134,41.627910000205,51.196055627460
60.000000000000,60.000000000000,60.000000000000
60.000000000000,60.000000000000,1.827860661422
60.000000000000,60.000000000000,60.000000000000
60.000000000000,60.000000000000,60.000000000000
60.000000000000,60.000000000000,0.000000000000
60.000000000000,60.000000000000,60.000000000000
34.409228695417,19.972926543722,55.094432349534
9.486156881784,37.962511842140,7.451840263715
5.176585901853,34.652586298852,15.079946713900
50.173908329154,30.252927159013,14.296068457228
5.608461735312,39.293929628396,30.063766933219
5.533084661150,16.554576202877,44.772523929710
60.000000000000,60.000000000000,60.000000000000
56.315590246217,7.209225210726,46.130328532236
60.000000000000,60.000000000000,60.000000000000
60.000000000000,60.000000000000,60.000000000000
60.000000000000,60.000000000000,60.000000000000
60.000000000000,60.000000000000,0.000000000000
1.419652203485,21.392560698890,28.813275096297
2.381350586986,17.321673259518,15.362895392375
60.000000000000,60.000000000000,0.000000000000
7.598165461232,24.941571563158,51.084360203556
0.936791069171,16.679647784764,31.802397331427
2.103122541906,55.954247012534,39.229693060212
27.092556122825,51.287441499814,55.193026348448
6.719075743748,55.361488774621,36.150832185054
60.000000000000,60.000000000000,60.000000000000
60.000000000000,60.000000000000,60.000000000000
60.000000000000,60.000000000000,60.000000000000
46.170544272202,36.339487864283,13.551666008686
60.000000000000,60.000000000000,60.000000000000
60.000000000000,60.000000000000,60.000000000000
14.603068307638,4.913348440240,11.977058433570
22.775047578183,29.923129257450,5.050117087760
60.000000000000,60.000000000000,60.000000000000
60.000000000000,60.000000000000,60.000000000000
60.000000000000,60.000000000000,60.000000000000
60.000000000000,60.000000000000,60.000000000000
20.893346160457,24.097930535925,44.495304338734
60.000000000000,60.000000000000,60.000000000000
60.000000000000,60.000000000000,0.000000000000
60.000000000000,60.000000000000,0.000000000000
43.084406551010,34.222541690348,16.285133794357
34.356149063627,35.196387776129,7.792651896484
4.264064589833,39.134483996096,12.784016326264
60.000000000000,60.000000000000,0.000000000000
60.000000000000,60.000000000000,60.000000000000
42.644988663756,25.820195969456,43.512989077361
10.262804468371,32.556683561052,27.349487110385
60.000000000000,60.000000000000,60.000000000000
60.000000000000,60.000000000000,60.000000000000
21.593941844062,24.354619706758,1.646166806183
23.389408698896,32.779639823505,42.498729069635
4.364817682058,13.026593027995,6.434830437549
35.307395280987,5.082482263532,17.666019997670
60.000000000000,60.000000000000,60.000000000000
6.204434500713,25.996642454984,32.549385159815
6.869611199939,42.354891570835,5.496861540686
13.829988851728,42.736338984412,24.847352175518
23.001832106607,43.314860995201,54.909477606185
60.000000000000,60.000000000000,60.000000000000
60.000000000000,60.000000000000,60.000000000000
0.000000000000,60.000000000000,37.233612765792
14.366336887639,3.508119874102,0.546160970175
60.000000000000,60.000000000000,0.000000000000
24.717976234324,60.000000000000,15.754074156054
48.354853366034,20.759724396286,60.000000000000
60.000000000000,60.000000000000,60.000000000000
12.179721849414,38.492107187793,31.428937169865
60.000000000000,60.000000000000,60.000000000000
13.649936085563,13.053808756114,57.676179610902
16.757727969652,6.158061010109,25.669443431389
56.616066433528,1.069427654000,31.743904447544
59.701066575349,9.705875886589,47.527470441244
60.000000000000,60.000000000000,60.000000000000
31.790265425544,56.373750531516,60.000000000000
60.000000000000,60.000000000000,60.000000000000
55.269340536740,2.315085123469,17.572056026413
15.123293398567,16.633099744339,15.913785551827
60.000000000000,60.000000000000,60.000000000000
60.000000000000,60.000000000000,60.000000000000
4.253773431921,40.983881123514,9.008223925878
60.000000000000,60.000000000000,0.000000000000
5.251044562733,12.173239876900,3.577811606922
60.000000000000,60.000000000000,0.000000000000
34.636951817657,51.109869675973,10.612859609127
60.000000000000,60.000000000000,0.000000000000
0.000000000000,60.000000000000,60.000000000000
60.000000000000,60.000000000000,60.000000000000
60.000000000000,60.000000000000,60.000000000000
60.000000000000,60.000000000000,0.000000000000
3.292675192641,33.385130620616,40.836409083492
60.000000000000,60.000000000000,60.000000000000
25.270652086947,28.051146306390,2.634276494797
60.000000000000,60.000000000000,60.000000000000
60.000000000000,60.000000000000,0.000000000000
11.833296016791,35.184608102395,37.873754584894
60.000000000000,60.000000000000,60.000000000000
11.955256495174,29.088926604374,21.701073883732
3.655515828472,29.869691031564,16.300013058868
60.000000000000,60.000000000000,0.000000000000
60.000000000000,60.000000000000,60.000000000000
37.673580073233,34.649894730067,39.105256654285
27.231743674701,26.593091425082,21.840377946106
9.934594153461,38.939715187479,40.210772291415
60.000000000000,60.000000000000,60.000000000000
60.000000000000,60.000000000000,60.000000000000
60.000000000000,60.000000000000,60.000000000000
60.000000000000,60.000000000000,60.000000000000
60.000000000000,60.000000000000,60.000000000000
38.559670890458,13.632851533041,11.274853513951
60.000000000000,60.000000000000,60.000000000000
60.000000000000,60.000000000000,0.000000000000
60.000000000000,60.000000000000,60.000000000000
60.000000000000,60.000000000000,60.000000000000
60.000000000000,60.000000000000,60.000000000000
60.000000000000,60.000000000000,60.000000000000
13.724195370989,46.831209903949,46.794839600439
27.994276643869,17.176553796545,60.000000000000
20.353759113845,8.256560658814,32.209693626232
4.662148920961,24.265808526458,50.701173709035
7.467840583173,30.571605274427,13.557243903928
60.000000000000,60.000000000000,60.000000000000
60.000000000000,60.000000000000,60.000000000000
60.000000000000,60.000000000000,60.000000000000
60.000000000000,60.000000000000,60.000000000000
0.000000000000,60.000000000000,60.000000000000
60.000000000000,60.000000000000,60.000000000000
60.000000000000,60.000000000000,0.000000000000
20.349614447115,16.977115401138,11.115088737421
60.000000000000,60.000000000000,60.000000000000
60.000000000000,60.000000000000,60.000000000000
6.594891338589,60.000000000000,8.123476440028
11.338126370440,8.220236969502,12.743303794009
23.878257746423,27.923151009232,59.693281253709
46.734421106238,1.453274957446,28.161054556650
60.000000000000,60.000000000000,60.000000000000
12.822256628631,20.130315033495,54.884046279433
60.000000000000,60.000000000000,60.000000000000
0.064149782134,39.303750969558,14.724349971091
60.000000000000,60.000000000000,60.000000000000
6.543498550478,32.313815185165,55.339950933867
44.867070664791,51.025393838914,59.920941635817
57.631977193012,47.698846085884,2.910227216927
60.000000000000,60.000000000000,60.000000000000
60.000000000000,60.000000000000,0.000000000000
6.562274090982,49.336590053758,15.278326324400
7.541082112594,40.986017083833,39.081596399725
60.000000000000,60.000000000000,60.000000000000
60.000000000000,60.000000000000,60.000000000000
59.538246500963,37.432143893991,7.579930030423
60.000000000000,60.000000000000,60.000000000000
60.000000000000,60.000000000000,60.000000000000
60.000000000000,60.000000000000,60.000000000000
27.926059917211,58.864852551661,23.126256659208
50.190045207138,14.557534112742,50.415033952967
55.600377652521,50.526265570529,36.551488094415
16.283993212669,40.941946978793,12.222430191047
60.000000000000,60.000000000000,60.000000000000
60.000000000000,60.000000000000,60.000000000000
60.000000000000,60.000000000000,60.000000000000
27.233478680804,50.108852683550,25.043014591395
46.922874634063,13.750172334984,47.942627400687
15.417031399799,48.496562405869,9.099533595200
60.000000000000,60.000000000000,60.000000000000
60.000000000000,60.000000000000,60.000000000000
1.754133365848,21.000109003107,22.599128913248
12.728792978756,56.000882326963,20.311178891645
60.000000000000,60.000000000000,60.000000000000
8.153963547320,56.390329017082,17.157675472528
14.149785987851,13.001730661498,27.658547062532
2.207565165570,0.545382076608,4.867884740356
60.000000000000,60.000000000000,0.000000000000
20.784177009696,35.689819806674,43.171566048386
54.117765104205,17.907388511141,47.255632378208
60.000000000000,60.000000000000,60.000000000000
55.647334025955,46.865793895615,54.293715069861
19.321967158652,21.427810473185,20.910075289065
2.988721864343,33.845861963738,29.134029455848
25.424313477358,17.204154910592,11.348356571380
60.000000000000,60.000000000000,60.000000000000
37.440042446901,57.829133315710,19.711845025735
18.004487450011,21.598899645121,32.857729710841
43.213136084799,12.008024910395,29.423046221617
54.853654048135,25.437125859748,45.673764199202
60.000000000000,60.000000000000,60.000000000000
60.000000000000,60.000000000000,0.000000000000
60.000000000000,60.000000000000,60.000000000000
60.000000000000,60.000000000000,60.000000000000
60.000000000000,60.000000000000,60.000000000000
60.000000000000,60.000000000000,60.000000000000
4.969012958113,11.454612423176,3.688382420317
60.000000000000,60.000000000000,60.000000000000
60.000000000000,60.000000000000,60.000000000000
54.338902551379,8.076532695827,60.000000000000
60.000000000000,60.000000000000,0.000000000000
12.685798123691,17.365970251320,7.924292707681
60.000000000000,60.000000000000,0.000000000000
10.804400510552,33.283978241363,30.556006214047
21.944296149079,2.588623334932,6.466525336720
9.709796030842,16.265194831104,18.209631055883
0.434941009194,41.751312810900,4.228199001975
16.074987100696,3.587211779480,2.857585899334
12.862651145094,43.203221931228,3.911283515879
60.000000000000,60.000000000000,60.000000000000
60.000000000000,60.000000000000,60.000000000000
9.519994736087,43.008440523907,27.229900223160
60.000000000000,60.000000000000,60.000000000000
32.947324031475,25.003724036000,38.740527875708
11.691075626182,48.947476913697,49.349538635536
60.000000000000,60.000000000000,60.000000000000
0.347139638811,26.231530326624,37.826717221902
29.983577742446,42.383966761514,53.719051869514
60.000000000000,60.000000000000,0.000000000000
60.000000000000,60.000000000000,60.000000000000
11.053506453240,24.090995427156,28.826813696095
60.000000000000,60.000000000000,0.000000000000
60.000000000000,60.000000000000,60.000000000000
60.000000000000,60.000000000000,0.000000000000
60.000000000000,60.000000000000,60.000000000000
60.000000000000,60.000000000000,60.000000000000
7.936782665338,51.032483365367,45.326089997245
60.000000000000,60.000000000000,0.000000000000
21.639564294588,21.261726448109,19.211657896813
60.000000000000,60.000000000000,60.000000000000
42.054010973123,56.883222449166,5.752707790475
49.795561659932,21.266957667828,0.612643438499
60.000000000000,60.000000000000,60.000000000000
43.655293217111,6.560391351483,35.727835772988
60.000000000000,60.000000000000,60.000000000000
12.854911681266,21.756789127253,21.981975489673
60.000000000000,10.402196671084,11.432800824152
60.000000000000,60.000000000000,60.000000000000
60.000000000000,60.000000000000,60.000000000000
60.000000000000,60.000000000000,60.000000000000
60.000000000000,60.000000000000,60.000000000000
1.103029254596,24.595157586621,49.983991847514
60.000000000000,60.000000000000,60.000000000000
60.000000000000,60.000000000000,0.000000000000
60.000000000000,60.000000000000,60.000000000000
16.323313772202,45.307096364846,29.996101748497
60.000000000000,60.000000000000,60.000000000000
60.000000000000,60.000000000000,60.000000000000
60.000000000000,60.000000000000,0.000000000000
60.000000000000,60.000000000000,0.000000000000
50.335937820777,3.820555076310,21.550089311916
1.734813845255,47.347911881400,20.498710192143
60.000000000000,60.000000000000,0.000000000000
60.000000000000,60.000000000000,0.000000000000
33.739231931860,39.612114324068,36.366161484355
60.000000000000,60.000000000000,60.000000000000
6.271117686390,33.978033585776,11.217713805322
60.000000000000,60.000000000000,0.000000000000
42.477476693399,56.942669672684,60.000000000000
60.000000000000,60.000000000000,0.000000000000
36.339785611014,40.196607491060,21.956224228490
2.658557363505,11.122608833854,1.078150265321
60.000000000000,60.000000000000,60.000000000000
60.000000000000,60.000000000000,0.000000000000
40.450108383884,44.480536758054,3.367030100499
32.509082626375,44.332561235714,24.356632601197
14.868684190721,1.491311905765,38.803005553823
60.000000000000,60.000000000000,60.000000000000
15.114310705459,46.648758826649,50.528123749760
60.000000000000,60.000000000000,60.000000000000
60.000000000000,60.000000000000,60.000000000000
60.000000000000,60.000000000000,60.000000000000
60.000000000000,60.000000000000,60.000000000000
60.000000000000,60.000000000000,60.000000000000
10.802506194749,17.450132765805,57.907126150477
60.000000000000,60.000000000000,0.000000000000
60.000000000000,60.000000000000,60.000000000000
60.000000000000,60.000000000000,0.000000000000
16.076990807419,32.516784295948,18.433778330257
60.000000000000,60.000000000000,0.000000000000
57.101403907043,39.921395627206,47.157184813753
60.000000000000,60.000000000000,0.000000000000
49.666123517587,26.470106263143,60.000000000000
6.983504396581,21.516392844499,43.520041717684
13.920853469196,3.578093830575,59.115204117483
60.000000000000,60.000000000000,60.000000000000
60.000000000000,60.000000000000,60.000000000000
60.000000000000,60.000000000000,60.000000000000
14.600762359884,53.853884663286,18.886841546826
0.505284571347,1.859051503251,58.827066465702
60.000000000000,60.000000000000,60.000000000000
60.000000000000,60.000000000000,60.000000000000
60.000000000000,60.000000000000,60.000000000000
49.891050032816,11.375680075330,34.655266612097
60.000000000000,60.000000000000,60.000000000000
60.000000000000,60.000000000000,60.000000000000
14.396257685624,16.755409620006,29.267789729065
60.000000000000,60.000000000000,60.000000000000
39.116225524236,40.965189405575,9.524646235749
4.181195104782,47.052661411611,46.659456437053
9.869888290806,8.973511956328,24.059852043277
56.150962943781,37.588352033781,41.606983787213
60.000000000000,60.000000000000,60.000000000000
60.000000000000,60.000000000000,60.000000000000
15.099882089971,6.452050909209,21.401504052759
20.204795003039,41.244249471752,1.826363518245
60.000000000000,60.000000000000,60.000000000000
0.259510507514,20.942273223503,42.522172853298
24.272334578412,60.000000000000,3.560603858009
60.000000000000,60.000000000000,60.000000000000
12.137785479544,38.226089911236,1.824476772011
15.165728300260,54.252863557204,52.427389237377
12.406672650485,28.722061932739,8.547308271589
60.000000000000,60.000000000000,60.000000000000
60.000000000000,60.000000000000,60.000000000000
24.121876497965,33.494970049839,28.351603691863
49.896131328179,2.874325412119,32.400998827371
60.000000000000,60.000000000000,60.000000000000
12.245732894793,4.875281112793,32.200617261899
0.000000000000,56.238425722118,60.000000000000
60.000000000000,60.000000000000,60.000000000000
60.000000000000,60.000000000000,0.000000000000
43.474181913985,40.895085092145,16.447919566428
12.162567923461,24.906482334554,26.426649039580
60.000000000000,60.000000000000,60.000000000000
16.786877674962,29.153939551056,21.189066393659
6.869117502042,0.746902114101,27.022269280811
11.992594226958,23.219334670247,29.061789150992
60.000000000000,60.000000000000,60.000000000000
60.000000000000,0.000000000000,60.000000000000
60.000000000000,60.000000000000,60.000000000000
13.288571120917,10.356481137480,21.610717985126
60.000000000000,60.000000000000,60.000000000000
12.925768353118,27.325719709640,51.624283339270
21.265807793686,6.996370168358,48.884435862528
10.115136526350,30.498758646090,31.427531524923
19.393274215815,55.125974014286,40.915599775868
60.000000000000,60.000000000000,60.000000000000
60.000000000000,60.000000000000,60.000000000000
60.000000000000,60.000000000000,60.000000000000
60.000000000000,60.000000000000,60.000000000000
11.840766385385,37.164933519538,38.722773980925
57.569589572313,3.621819559999,57.548653489167
0.000000000000,0.000000000000,0.000000000000
13.009847383319,20.156895949339,21.154366267477
60.000000000000,60.000000000000,60.000000000000
28.235814035107,48.119678330466,29.500299564808
1.016854703642,58.767146413735,48.009373383066
17.158432540747,10.252043934369,29.849441936394
22.186255815128,28.934511290303,5.157152934654
57.452297308692,42.510892474931,2.787079535930
4.426269293050,21.639873037866,34.299308827008
17.335385576345,23.825845630608,48.203374980211
12.858652233984,9.790642102221,35.137566939347
57.370834955758,42.814920086747,7.831493765271
60.000000000000,60.000000000000,0.000000000000
60.000000000000,60.000000000000,60.000000000000
16.207327130439,41.497936462264,43.885407115628
60.000000000000,60.000000000000,60.000000000000
15.050052935729,42.537857975180,36.401968062361
27.076318398422,23.107776696069,37.923384056365
6.345996620747,31.489950449443,3.309555875718
60.000000000000,60.000000000000,60.000000000000
17.509422683093,40.646636461102,18.521024694373
60.000000000000,60.000000000000,60.000000000000
60.000000000000,60.000000000000,0.000000000000
20.199506055554,18.660717680223,42.715853811790
60.000000000000,60.000000000000,0.000000000000
60.000000000000,60.000000000000,60.000000000000
26.159623335733,37.651173509202,27.034815815630
8.381592989100,13.459069911920,60.000000000000
60.000000000000,60.000000000000,60.000000000000
60.000000000000,60.000000000000,60.000000000000
60.000000000000,60.000000000000,60.000000000000
50.204428241877,49.679141186813,20.910184355966
11.768853634461,23.647338142597,25.429816881995
28.800468050460,13.259023443598,19.928677158898
0.000000000000,0.000000000000,0.000000000000
53.019080782082,40.916783070255,3.153778710423
60.000000000000,60.000000000000,60.000000000000
60.000000000000,60.000000000000,60.000000000000
41.770040357852,44.319815475881,10.361044692078
8.766973876825,9.485944893702,12.802207730312
37.863788076777,31.405830322342,49.234774780146
60.000000000000,60.000000000000,60.000000000000
36.947256267496,1.928388556119,9.606392873249
60.000000000000,60.000000000000,60.000000000000
24.061223451166,60.000000000000,1.119073875840
22.192364823973,2.225580437330,47.907325590366
45.695654904674,7.574305152345,19.068966790754
46.492941004447,15.029501238460,44.092019437218
60.000000000000,60.000000000000,60.000000000000
9.207455914108,27.698476636787,17.559721311537
60.000000000000,60.000000000000,60.000000000000
15.571730619870,37.097713315729,52.856090331715
12.616646706352,31.933146020556,51.330165540151
60.000000000000,60.000000000000,60.000000000000
7.422461620403,27.236796252599,34.403489539698
0.000000000000,4.850333014543,1.996079083522
60.000000000000,60.000000000000,0.000000000000
32.458687345558,31.204810447964,58.728740342759
60.000000000000,60.000000000000,60.000000000000
60.000000000000,60.000000000000,10.692764796647
44.417307567233,40.462644241007,41.809952086586
60.000000000000,40.955753057656,51.463425374875
13.701103823602,21.040869397960,25.057369702590
60.000000000000,60.000000000000,60.000000000000
60.000000000000,60.000000000000,60.000000000000
4.397035395308,60.000000000000,38.191124084611
14.680496215007,19.275818518607,21.510948286824
48.485563670203,10.922039204937,49.563999739665
4.048033143491,45.005237204052,45.043915774181
3.226992100289,50.282199207800,13.435682054326
1.252622111613,22.871052867859,15.984995490396
60.000000000000,60.000000000000,60.000000000000
60.000000000000,60.000000000000,60.000000000000
0.902780637725,12.021488967526,30.118549944087
60.000000000000,60.000000000000,0.000000000000
8.955239931846,28.414356996472,30.498050452329
0.000000000000,0.310422360734,60.000000000000
15.530048963921,47.511903657053,41.223482725164
26.641132831768,21.880840367232,16.486875181283
60.000000000000,60.000000000000,0.000000000000
60.000000000000,60.000000000000,60.000000000000
49.889810230799,46.866409066752,2.507658483496
29.804790898497,0.420379458220,31.182756394753
60.000000000000,60.000000000000,0.000000000000
22.238218828516,24.149228759678,26.890395935223
60.000000000000,60.000000000000,60.000000000000
60.000000000000,60.000000000000,60.000000000000
23.809768303558,32.831688616013,49.115549317590
60.000000000000,60.000000000000,60.000000000000
60.000000000000,60.000000000000,0.000000000000
60.000000000000,60.000000000000,60.000000000000
60.000000000000,60.000000000000,60.000000000000
60.000000000000,60.000000000000,60.000000000000
21.148775717723,58.830791971157,53.763856357539
60.000000000000,60.000000000000,0.000000000000
60.000000000000,60.000000000000,60.000000000000
60.000000000000,60.000000000000,0.000000000000
60.000000000000,60.000000000000,60.000000000000
4.127302351290,29.439066206271,57.326963491379
6.958039152402,43.125250170662,0.000000000000
21.481732045950,36.050734057500,31.208720659845
9.201645463951,55.429389049121,17.649728149731
60.000000000000,60.000000000000,60.000000000000
21.839543652811,57.054220315544,10.598115334348
60.000000000000,60.000000000000,60.000000000000
24.649404748774,11.602939744150,10.848127325431
60.000000000000,60.000000000000,60.000000000000
0.000000000000,60.000000000000,1.013177538012
60.000000000000,60.000000000000,60.000000000000
26.265050096194,34.986087700955,17.613978974347
60.000000000000,60.000000000000,60.000000000000
50.199398101118,32.486656545089,51.644866922498
21.881187052915,44.161311440589,20.276999338467
60.000000000000,60.000000000000,60.000000000000
19.188490104362,54.737747185340,18.911536918319
60.000000000000,60.000000000000,60.000000000000
24.400707465839,56.382755439862,44.587607426893
60.000000000000,60.000000000000,60.000000000000
60.000000000000,60.000000000000,60.000000000000
25.643734920319,14.264146233822,3.224236374084
60.000000000000,60.000000000000,60.000000000000
60.000000000000,60.000000000000,60.000000000000
24.187610605558,1.962637802491,55.961164239723
60.000000000000,60.000000000000,60.000000000000
60.000000000000,60.000000000000,60.000000000000
41.242592750125,4.822252054356,59.286712603755
24.764613219091,36.421360627836,37.916635775992
22.342205076229,59.893258181774,28.107880993452
60.000000000000,34.297176223604,0.000000000000
60.000000000000,60.000000000000,0.000000000000
1.259960244214,11.100439067593,50.922880360748
60.000000000000,60.000000000000,60.000000000000
19.523903874607,52.115551965318,29.205485596311
0.718207590821,27.350073238803,36.304356094455
60.000000000000,60.000000000000,60.000000000000
20.679877157983,9.575867427962,8.061902600335
60.000000000000,60.000000000000,60.000000000000
26.235217268990,24.887128859186,31.369854149399
60.000000000000,60.000000000000,60.000000000000
18.018552912198,16.747944976324,51.905093233433
60.000000000000,60.000000000000,60.000000000000
60.000000000000,60.000000000000,60.000000000000
60.000000000000,60.000000000000,60.000000000000
60.000000000000,60.000000000000,60.000000000000
22.287415306272,39.820367484715,30.243110490744
60.000000000000,60.000000000000,60.000000000000
9.178542851926,12.173136617780,53.555576037333
60.000000000000,60.000000000000,60.000000000000
53.407992706075,30.553523916052,47.486302696648
32.206950677222,57.250595919089,21.705369869014
60.000000000000,60.000000000000,0.000000000000
60.000000000000,60.000000000000,60.000000000000
60.000000000000,60.000000000000,0.000000000000
21.826172366221,17.007247634102,37.542368498976
60.000000000000,60.000000000000,60.000000000000
22.323791784267,0.036455651893,31.420038653639
60.000000000000,60.000000000000,0.000000000000
20.755136681996,9.388267298537,26.832099741422
60.000000000000,60.000000000000,60.000000000000
60.000000000000,60.000000000000,60.000000000000
20.399425453105,5.132659192877,31.476174024576
21.586347493385,11.585105704722,17.709950656018
43.795150764807,9.629349998758,45.304830322553
50.863339231063,40.213177189447,49.177893703413
60.000000000000,60.000000000000,60.000000000000
20.721771787775,10.793745820907,48.065354548146
48.702916023748,12.584401033517,18.568539677603
60.000000000000,60.000000000000,60.000000000000
60.000000000000,60.000000000000,60.000000000000
60.000000000000,60.000000000000,60.000000000000
46.891104665509,14.430168379505,6.035683328891
17.379986336055,31.762682653541,45.898635151716
16.432280417477,27.867293434505,60.000000000000
48.350757261313,59.147706356072,39.072546552678
48.707437520919,53.570984593452,41.129859279781
60.000000000000,60.000000000000,35.965105760411
60.000000000000,60.000000000000,0.000000000000
36.058023744575,44.679705254813,36.638387694220
60.000000000000,60.000000000000,0.000000000000
11.554154179444,11.319330399273,31.344010820951
25.580049470048,27.096960623683,20.328554706183
24.812702484602,43.471255509708,31.609562203469
60.000000000000,60.000000000000,60.000000000000
60.000000000000,60.000000000000,60.000000000000
60.000000000000,60.000000000000,60.000000000000
60.000000000000,60.000000000000,60.000000000000
60.000000000000,60.000000000000,60.000000000000
60.000000000000,60.000000000000,0.000000000000
60.000000000000,60.000000000000,60.000000000000
11.753248865873,6.128945863415,23.702357682943
60.000000000000,60.000000000000,0.000000000000
51.245021510458,58.274692670963,42.027201823199
48.746054731837,60.000000000000,34.737602256887
22.840979273173,15.950958971706,23.101318247439
60.000000000000,60.000000000000,0.000000000000
60.000000000000,60.000000000000,60.000000000000
19.076110633238,27.224254972278,23.805713201536
60.000000000000,60.000000000000,60.000000000000
29.643073837884,30.739741340516,42.468981507711
60.000000000000,60.000000000000,60.000000000000
60.000000000000,60.000000000000,60.000000000000
60.000000000000,60.000000000000,60.000000000000
60.000000000000,60.000000000000,60.000000000000
60.000000000000,60.000000000000,60.000000000000
60.000000000000,60.000000000000,60.000000000000
60.000000000000,60.000000000000,60.000000000000
49.367751555115,29.640804654544,44.854313996027
18.149984510182,58.755649763655,24.229030615547
53.349988391164,2.512758437313,60.000000000000
60.000000000000,60.000000000000,60.000000000000
60.000000000000,60.000000000000,60.000000000000
60.000000000000,60.000000000000,60.000000000000
60.000000000000,60.000000000000,60.000000000000
60.000000000000,60.000000000000,60.000000000000
60.000000000000,41.597690637230,60.000000000000
60.000000000000,60.000000000000,60.000000000000
60.000000000000,60.000000000000,60.000000000000
3.283307164477,0.982719850057,41.668614325700
29.001873574591,42.790249195957,36.080428281970
29.394859715297,36.581268286904,17.661874113174
60.000000000000,60.000000000000,60.000000000000
38.049400021571,9.645968748501,31.829798048583
60.000000000000,60.000000000000,60.000000000000
60.000000000000,60.000000000000,60.000000000000
60.000000000000,60.000000000000,0.000000000000
32.844777769778,50.032317771504,49.346335262359
60.000000000000,60.000000000000,60.000000000000
42.906356560806,12.296644025687,34.502964454388
40.559484057386,30.843548470277,30.602970879276
60.000000000000,60.000000000000,60.000000000000
60.000000000000,60.000000000000,60.000000000000
60.000000000000,60.000000000000,60.000000000000
20.939248849536,29.622526664208,33.476112568833
60.000000000000,60.000000000000,60.000000000000
26.207352103798,11.011674074959,29.282255268162
24.004510010140,5.119167296112,51.732348191609
60.000000000000,60.000000000000,60.000000000000
60.000000000000,60.000000000000,60.000000000000
52.069092644387,39.318580866538,44.151855448351
60.000000000000,60.000000000000,60.000000000000
52.914325670390,19.276652604818,20.948156440277
60.000000000000,60.000000000000,60.000000000000
60.000000000000,60.000000000000,60.000000000000
60.000000000000,60.000000000000,60.000000000000
26.802176281303,11.328781064714,48.827971267004
60.000000000000,60.000000000000,60.000000000000
60.000000000000,60.000000000000,60.000000000000
29.180032793475,10.413634829292,5.021651607952
52.475510447326,2.675688881669,20.486935617979
24.191823898892,13.221407402863,11.169046026591
60.000000000000,56.251871593635,29.366246473509
17.561829961198,22.923689174578,10.670400356479
52.816583130835,22.758717090198,45.656325938877
25.881644603019,11.356802797482,15.921055226402
60.000000000000,60.000000000000,0.000000000000
15.911333094743,25.391231284808,8.173238333123
60.000000000000,60.000000000000,60.000000000000
25.584837313885,30.854676119242,52.945176128175
4.396439124040,44.109751465449,13.979769427585
16.010235357722,29.582154338435,54.361013441415
60.000000000000,60.000000000000,60.000000000000
60.000000000000,60.000000000000,60.000000000000
18.447597783120,53.537001804527,59.750631663992
24.447879498355,9.612272860794,34.679454044207
60.000000000000,60.000000000000,60.000000000000
6.271820616097,15.245967375360,32.098811748775
60.000000000000,51.492052319155,24.609693033996
60.000000000000,60.000000000000,60.000000000000
60.000000000000,60.000000000000,60.000000000000
60.000000000000,60.000000000000,60.000000000000
57.337439881432,27.576739545936,49.967476008872
8.436414530427,34.082376362610,22.358141333965
22.084909139402,23.959111957867,28.060707447511
30.219947344173,14.654840198975,25.484502615880
60.000000000000,60.000000000000,60.000000000000
60.000000000000,60.000000000000,60.000000000000
8.442387302506,6.863550602777,53.600747283478
58.083375206001,58.413437217972,54.830546426906
60.000000000000,60.000000000000,60.000000000000
46.300858328833,9.068914274671,35.526789338049
15.086646510369,47.601390431432,57.628978679310
33.992367638491,45.200813297786,22.551163376178
60.000000000000,60.000000000000,60.000000000000
60.000000000000,60.000000000000,60.000000000000
60.000000000000,60.000000000000,60.000000000000
13.466712884931,3.466484022553,30.329135399519
60.000000000000,60.000000000000,60.000000000000
30.183520260513,56.863048221198,40.394386082087
60.000000000000,60.000000000000,0.000000000000
59.007584088145,4.921374355802,28.259736353545
30.418891384704,43.233243208344,29.305997425796
60.000000000000,60.000000000000,60.000000000000
1.255244182916,32.075042703842,47.428155050099
46.328733929318,25.992754336508,51.225237271639
4.234202811012,42.224466308530,33.977861280807
27.270143362897,22.248493625061,24.206061993295
37.489105276052,43.078281780040,37.448145299622
60.000000000000,53.661226433184,51.993744300194
34.501451167337,39.803225914380,43.978148445290
40.408107851405,17.060442866958,60.000000000000
60.000000000000,60.000000000000,60.000000000000
37.813989011868,52.299820988391,10.528403358632
60.000000000000,60.000000000000,60.000000000000
32.286541545174,16.032202880658,18.920418395227
42.936562607112,28.999728882746,58.486250296965
41.007481434676,44.335657313932,29.281433449091
60.000000000000,60.000000000000,60.000000000000
31.057244283225,12.539368371237,58.232564984550
60.000000000000,60.000000000000,60.000000000000
22.866586432844,41.315817070071,26.156175301462
60.000000000000,60.000000000000,60.000000000000
41.051518502198,38.123821942800,39.204759446683
60.000000000000,60.000000000000,60.000000000000
5.169747772625,36.149269394211,45.031163333758
60.000000000000,60.000000000000,23.609909494887
31.700865573395,26.854520371215,22.900273232761
60.000000000000,60.000000000000,60.000000000000
60.000000000000,60.000000000000,60.000000000000
60.000000000000,53.213236840278,60.000000000000
1.331145603095,56.194997235755,56.685440471184
3.729114922427,37.677049438173,16.664858242235
60.000000000000,60.000000000000,60.000000000000
60.000000000000,60.000000000000,60.000000000000
52.803874950021,28.298687170218,18.152912559566
35.691542464317,31.386677268301,22.324657939775
60.000000000000,60.000000000000,60.000000000000
60.000000000000,60.000000000000,60.000000000000
60.000000000000,60.000000000000,60.000000000000
60.000000000000,60.000000000000,60.000000000000
60.000000000000,60.000000000000,60.000000000000
58.625653287499,10.648137585330,26.024436817429
46.642680549094,42.395608159284,30.181939310612
60.000000000000,60.000000000000,60.000000000000
60.000000000000,60.000000000000,60.000000000000
5.467125297299,55.322174098736,15.230125939566
31.020914432806,55.495462781081,57.953848189425
47.562998313484,29.470748055776,60.000000000000
6.326206639370,38.152345962451,37.029362952986
60.000000000000,60.000000000000,60.000000000000
60.000000000000,60.000000000000,60.000000000000
31.639952612537,24.740990425535,29.666351817711
28.881409523040,38.859268537579,13.261063029039
60.000000000000,60.000000000000,60.000000000000
38.023013333753,56.587661396240,42.636346016002
19.084245968590,33.391785337790,40.549333414668
58.633307474266,20.321342025562,25.039125832562
60.000000000000,60.000000000000,60.000000000000
60.000000000000,60.000000000000,60.000000000000
60.000000000000,60.000000000000,60.000000000000
60.000000000000,60.000000000000,60.000000000000
38.973883072556,28.124437557012,29.890484770939
50.658327568177,60.000000000000,4.797110341428
48.520740407027,31.946173803226,38.135379353741
33.908426965465,54.998521764713,28.044768701541
60.000000000000,60.000000000000,60.000000000000
33.028755194762,60.000000000000,6.765737725723
26.580866514108,8.979021384743,26.553633674941
60.000000000000,60.000000000000,60.000000000000
60.000000000000,60.000000000000,60.000000000000
5.890017222332,37.002267214737,2.719918012713
48.142711215776,26.970411142489,28.259542331960
28.695565104311,30.312331523997,43.747876084148
18.871324524994,16.058249118751,18.614150064101
17.121638168636,41.070115414828,49.827178334690
46.911135473877,11.578485139986,5.338209734599
60.000000000000,60.000000000000,60.000000000000
60.000000000000,60.000000000000,60.000000000000
24.626392715217,20.222774053413,22.323269949633
60.000000000000,60.000000000000,60.000000000000
60.000000000000,60.000000000000,60.000000000000
52.101612898696,18.500649939022,32.784511012291
8.875989640772,54.748302945665,33.706533985247
23.871209593017,13.204201791623,42.517367970642
60.000000000000,60.000000000000,60.000000000000
27.602054534827,30.719257268986,33.022296957759
0.000000000000,60.000000000000,60.000000000000
60.000000000000,60.000000000000,60.000000000000
20.041879348112,44.626229761064,46.577727292485
36.194761864048,27.553601546311,39.991076859441
30.021159527430,16.460098734511,1.162395535758
60.000000000000,60.000000000000,60.000000000000
30.717865971127,54.239996229297,20.481866210160
60.000000000000,60.000000000000,60.000000000000
0.194119323818,36.364058774053,57.233984964283
60.000000000000,60.000000000000,34.268974612611
60.000000000000,60.000000000000,60.000000000000
60.000000000000,60.000000000000,60.000000000000
60.000000000000,60.000000000000,60.000000000000
60.000000000000,60.000000000000,0.000000000000
48.778650364946,33.048152706072,55.615972288008
21.936987809397,42.275912764902,5.647144659515
1.145071085944,50.213814636439,54.340523565700
60.000000000000,60.000000000000,60.000000000000
60.000000000000,60.000000000000,60.000000000000
0.460304697912,56.344673867443,6.252618441730
60.000000000000,60.000000000000,60.000000000000
60.000000000000,60.000000000000,60.000000000000
32.264164500068,4.440896588060,31.187818250169
60.000000000000,60.000000000000,0.000000000000
0.074632132174,42.095316905413,55.037022437005
60.000000000000,60.000000000000,60.000000000000
18.383205690461,30.875146582521,13.504780480759
35.711624696763,19.048065285249,35.011526145835
60.000000000000,60.000000000000,60.000000000000
33.488526512183,9.181104620424,58.383045374911
46.526546202006,14.882094475737,45.047293988972
34.844190435495,47.652105097247,46.979912344042
60.000000000000,60.000000000000,60.000000000000
42.700925757356,55.410360572398,34.137387115149
60.000000000000,60.000000000000,60.000000000000
60.000000000000,60.000000000000,60.000000000000
60.000000000000,60.000000000000,60.000000000000
0.000000000000,0.000000000000,0.000000000000
35.788509939187,0.191749192485,14.779444085642
28.262773105420,55.604783032159,46.086593392030
32.138079109277,43.133682003977,9.263269337739
51.102892245902,41.068000154726,31.152524811720
16.405940225090,5.356008504937,9.073853654997
60.000000000000,60.000000000000,60.000000000000
60.000000000000,30.413007699592,31.033532651492
9.935142425288,14.000490665055,56.677544811421
60.000000000000,60.000000000000,51.754660997149
60.000000000000,0.682017854082,45.459705891399
35.735496428336,26.003195607847,57.184286554640
11.505320892144,45.297422931616,57.641505282429
60.000000000000,60.000000000000,60.000000000000
60.000000000000,60.000000000000,60.000000000000
52.764021798018,14.118717243348,4.168695886519
32.001319102015,40.313486761032,37.127441403983
60.000000000000,60.000000000000,60.000000000000
29.746389066115,36.831976576781,41.172621458146
42.838015048743,4.555063535511,53.371038567794
60.000000000000,60.000000000000,60.000000000000
51.632931040414,48.273055060167,31.057124112668
60.000000000000,60.000000000000,60.000000000000
29.293195467208,24.671084540528,7.498737547220
60.000000000000,60.000000000000,60.000000000000
47.057532811507,35.688599651192,4.771827606671
26.107565642047,3.682694903146,41.442992034766
26.102782465713,48.010747275123,16.617685371473
60.000000000000,60.000000000000,60.000000000000
59.397810692711,56.228305593581,45.270172105749
60.000000000000,60.000000000000,60.000000000000
24.476641655157,41.095536228753,43.192686375383
60.000000000000,60.000000000000,60.000000000000
36.414148819403,6.566933237264,29.702045642846
49.284512984476,1.823403153375,42.189098416546
34.823969847775,0.115154171747,19.774811665404
60.000000000000,60.000000000000,60.000000000000
60.000000000000,60.000000000000,60.000000000000
0.000000000000,0.000000000000,0.000000000000
30.201435336376,37.322866109122,3.451074544827
60.000000000000,60.000000000000,60.000000000000
60.000000000000,60.000000000000,60.000000000000
60.000000000000,60.000000000000,60.000000000000
60.000000000000,60.000000000000,60.000000000000
37.245256609373,6.233928605195,21.670777051387
47.597067521810,4.535834852585,53.954809310907
37.514606642312,36.054597115292,40.442481653371
33.663903476969,0.643109312614,23.006406464698
47.392795329671,24.027655182327,43.798228300777
4.531249166785,37.207695239470,23.106364411427
60.000000000000,60.000000000000,60.000000000000
28.729708881677,31.143167411549,11.051681707946
36.781672849975,29.729597098693,23.639575760520
60.000000000000,47.042597955602,55.648544337231
60.000000000000,60.000000000000,60.000000000000
35.555518355388,17.680073936593,39.249645473830
60.000000000000,60.000000000000,60.000000000000
34.205816667404,34.743103666792,15.156517183198
53.422159099155,29.151666225955,31.385434319173
30.084971231320,34.951306902734,23.849036436622
54.339784925489,5.512945449230,34.487816419438
29.510249305635,47.088886026889,15.025128415808
45.038498675239,6.558265659669,42.894468844017
14.639809066149,56.952293208101,59.116684402758
60.000000000000,60.000000000000,60.000000000000
51.105269879252,43.078160202848,29.570984545795
60.000000000000,60.000000000000,60.000000000000
60.000000000000,60.000000000000,60.000000000000
39.801694968859,58.215710405577,55.751814026911
45.318669542220,56.376971418160,56.558902032324
38.109702834173,23.033718766687,39.911937849036
60.000000000000,60.000000000000,60.000000000000
60.000000000000,60.000000000000,60.000000000000
6.646213973970,57.537533138960,50.281602805787
60.000000000000,60.000000000000,60.000000000000
60.000000000000,60.000000000000,60.000000000000
42.640234718918,42.597064718401,41.958827738460
21.418928232428,16.921024813376,3.902101769602
60.000000000000,60.000000000000,0.000000000000
60.000000000000,60.000000000000,60.000000000000
51.006731515472,28.727886350248,28.788322175337
60.000000000000,60.000000000000,0.000000000000
60.000000000000,60.000000000000,60.000000000000
9.708510910797,6.141312499549,34.985668157363
4.781774153875,41.697736593960,28.651325891977
55.679631520232,60.000000000000,21.865610393665
43.899717697516,44.131256383223,16.326823075228
60.000000000000,60.000000000000,60.000000000000
17.915957033432,40.540454349040,5.107311828191
8.151906170574,49.348572640822,20.376792379253
39.730011056296,28.386985257797,23.634582037545
34.538480540969,16.924650108271,30.464483398201
42.419207487529,31.702462714191,35.353782772747
28.930228041866,58.928800789572,58.400958560664
37.839693839269,40.935974649351,3.893584431511
42.675080533983,22.348602738143,36.159311100167
16.369861344014,54.623577576804,29.429359105222
60.000000000000,60.000000000000,60.000000000000
54.559737780294,50.210216268708,3.558613276196
13.319026303212,15.705247659968,44.845212952778
37.497218023875,29.687894311897,37.182028354554
40.299243916278,6.020093798470,30.933100594932
60.000000000000,60.000000000000,60.000000000000
60.000000000000,60.000000000000,60.000000000000
60.000000000000,60.000000000000,60.000000000000
60.000000000000,60.000000000000,60.000000000000
53.533112786306,33.196098186993,47.924305445128
60.000000000000,60.000000000000,60.000000000000
0.000000000000,60.000000000000,60.000000000000
60.000000000000,60.000000000000,60.000000000000
60.000000000000,60.000000000000,60.000000000000
60.000000000000,60.000000000000,60.000000000000
60.000000000000,60.000000000000,60.000000000000
60.000000000000,60.000000000000,60.000000000000
60.000000000000,60.000000000000,60.000000000000
60.000000000000,60.000000000000,60.000000000000
60.000000000000,60.000000000000,60.000000000000
11.466211340397,53.693229783305,10.464788704328
60.000000000000,60.000000000000,60.000000000000
42.945036257868,13.874658589246,24.546138416628
35.068308200854,22.887754489391,25.035415970451
15.690336389006,24.489349451458,45.623222550404
35.853497655202,48.755784580974,60.000000000000
38.200227841343,36.803872775733,12.268398774559
0.000000000000,60.000000000000,7.804740410901
38.750695646960,7.190871790378,12.763457314383
55.109452363586,10.632867945591,24.882969520846
39.059578424988,36.877791166420,0.001826102533
60.000000000000,60.000000000000,60.000000000000
41.244447000403,18.928374180212,10.352152259862
60.000000000000,60.000000000000,60.000000000000
31.827956080194,46.442139102073,4.157153561364
60.000000000000,60.000000000000,60.000000000000
39.005587586321,22.284787566214,36.697858046035
60.000000000000,60.000000000000,60.000000000000
24.574436656133,43.636256802155,7.972844858558
60.000000000000,60.000000000000,60.000000000000
36.385305023332,9.670369168001,45.263742673790
60.000000000000,42.528019258148,31.790741942668
36.163969108434,18.883552341010,45.060912896845
35.752896038183,22.868920459535,39.886148670492
27.147681601656,19.697523036055,26.218564543241
60.000000000000,60.000000000000,60.000000000000
37.647474451638,16.540091443727,1.997056120334
60.000000000000,60.000000000000,60.000000000000
60.000000000000,60.000000000000,60.000000000000
32.180172036373,40.609725525346,27.778287840092
34.054050948079,43.965736628955,30.058090521806
55.126867979021,5.149098210549,50.473819541055
49.096890287418,14.607831145826,31.998010340046
60.000000000000,60.000000000000,60.000000000000
41.537457596010,48.798250376457,2.960031599891
60.000000000000,60.000000000000,60.000000000000
22.290478762820,47.571876505641,29.526100184585
60.000000000000,60.000000000000,60.000000000000
60.000000000000,60.000000000000,60.000000000000
35.066192995237,40.114945940604,12.727799819494
60.000000000000,60.000000000000,60.000000000000
0.000000000000,60.000000000000,60.000000000000
60.000000000000,60.000000000000,60.000000000000
36.640047662364,35.719282273018,36.958902110616
60.000000000000,60.000000000000,60.000000000000
45.840509533286,30.049689276631,9.152265626805
60.000000000000,60.000000000000,60.000000000000
60.000000000000,60.000000000000,60.000000000000
60.000000000000,60.000000000000,60.000000000000
60.000000000000,60.000000000000,60.000000000000
60.000000000000,60.000000000000,60.000000000000
35.457870845522,31.229375454278,30.945857360814
37.002336328311,1.560426681548,19.290909286312
35.854457984144,39.603546278227,34.281570898252
37.888193930229,9.268741808015,11.979352578702
60.000000000000,60.000000000000,60.000000000000
60.000000000000,60.000000000000,60.000000000000
23.041973264811,54.207787056252,28.005716235460
60.000000000000,60.000000000000,60.000000000000
60.000000000000,60.000000000000,60.000000000000
60.000000000000,60.000000000000,60.000000000000
4.755120546835,13.850166366743,28.684647662292
60.000000000000,60.000000000000,60.000000000000
60.000000000000,0.000000000000,20.539366948895
19.565212362193,16.640933148970,22.454696616375
53.864212944420,23.784651524481,12.906516451146
36.338659298113,12.724768381994,48.518532365673
60.000000000000,60.000000000000,0.000000000000
1.491460902124,60.000000000000,0.000000000000
60.000000000000,60.000000000000,60.000000000000
60.000000000000,60.000000000000,60.000000000000
27.709177107866,4.846215136389,16.527781662965
60.000000000000,60.000000000000,60.000000000000
19.705083347225,43.372306906364,13.354687052097
35.925445489416,3.437869990185,15.069361621880
47.284285514910,46.972220885476,41.988874938444
60.000000000000,60.000000000000,60.000000000000
60.000000000000,60.000000000000,60.000000000000
46.122740369143,22.483083875652,0.712130049605
60.000000000000,60.000000000000,60.000000000000
60.000000000000,60.000000000000,60.000000000000
60.000000000000,60.000000000000,60.000000000000
60.000000000000,60.000000000000,60.000000000000
45.364023082769,22.820967363634,25.894641324365
40.827112427442,29.360416403404,49.584138108464
29.692925896548,3.234376537214,50.473842038473
43.299942955632,9.902908028585,18.662846391932
17.969086131579,41.141066761495,8.043294078536
60.000000000000,60.000000000000,60.000000000000
60.000000000000,60.000000000000,60.000000000000
60.000000000000,60.000000000000,60.000000000000
60.000000000000,60.000000000000,60.000000000000
60.000000000000,60.000000000000,60.000000000000
3.607001706255,51.124425033131,56.196051019786
42.755939569231,21.135698046712,28.361394964829
60.000000000000,60.000000000000,60.000000000000
43.217633348938,9.958480755707,22.633146949015
41.234243952923,26.038314680998,24.131873377863
60.000000000000,60.000000000000,60.000000000000
41.929876786525,26.280527214579,20.799723367382
11.592486084393,5.406464336717,0.925521973967
35.319973204850,23.281849877833,28.590295886340
43.027089577056,36.589334074734,49.587680690120
60.000000000000,60.000000000000,60.000000000000
59.958870660600,11.755696647066,46.997603535443
60.000000000000,60.000000000000,60.000000000000
31.867951040795,14.741986537445,34.120292591882
8.112106703826,19.910180847972,39.514137079644
36.164958194685,12.938435655356,7.648076825911
32.946755907855,43.620542136848,54.560452240621
60.000000000000,60.000000000000,60.000000000000
23.341117209501,25.835552858012,41.597130521235
47.288167365668,44.765343783308,20.841794457552
26.715273630679,53.395877399312,41.066412336607
60.000000000000,60.000000000000,60.000000000000
38.841241040136,49.897019114288,12.078061384036
50.528852660359,47.220886751207,31.219563259764
60.000000000000,60.000000000000,0.000000000000
60.000000000000,60.000000000000,60.000000000000
60.000000000000,60.000000000000,60.000000000000
60.000000000000,60.000000000000,60.000000000000
31.482481961665,15.592208655706,50.995688903424
51.270005446372,23.814340651033,21.594378129242
4.743931360040,33.087852141060,23.605374232368
59.904128454171,36.017267164444,11.121481786113
60.000000000000,60.000000000000,60.000000000000
52.500099330631,60.000000000000,49.696797682691
60.000000000000,60.000000000000,60.000000000000
60.000000000000,60.000000000000,60.000000000000
46.023427958610,40.236287584031,35.320062357516
35.749531546822,36.383507535344,36.853570899290
47.724985216561,40.613235737959,21.839384766006
60.000000000000,60.000000000000,60.000000000000
60.000000000000,60.000000000000,60.000000000000
41.444040985265,29.102757827028,38.388303783261
60.000000000000,60.000000000000,60.000000000000
60.000000000000,60.000000000000,60.000000000000
24.662286063663,37.380380137578,26.981186766028
60.000000000000,39.790103715263,39.950783388203
34.194174171413,21.428663801120,21.207933946221
33.603697206928,45.043422228778,31.539418359418
60.000000000000,60.000000000000,60.000000000000
60.000000000000,60.000000000000,60.000000000000
60.000000000000,60.000000000000,60.000000000000
29.526487249716,27.233607364435,51.317149824506
60.000000000000,60.000000000000,60.000000000000
60.000000000000,60.000000000000,60.000000000000
60.000000000000,60.000000000000,60.000000000000
41.054322728917,19.865585427763,3.172381100172
60.000000000000,60.000000000000,60.000000000000
41.514571082757,33.157099444358,46.774848605932
60.000000000000,60.000000000000,60.000000000000
60.000000000000,60.000000000000,60.000000000000
17.165247819763,34.604183694639,33.223944063357
60.000000000000,60.000000000000,60.000000000000
60.000000000000,60.000000000000,60.000000000000
38.334158876642,11.949702075803,24.252617848565
60.000000000000,60.000000000000,60.000000000000
60.000000000000,60.000000000000,60.000000000000
38.150821148276,31.712284124241,26.053518884760
60.000000000000,60.000000000000,60.000000000000
60.000000000000,60.000000000000,0.000000000000
60.000000000000,60.000000000000,0.000000000000
29.647355648350,13.729195447146,18.662971373691
60.000000000000,60.000000000000,60.000000000000
41.421057998338,0.426004969416,47.142741208416
60.000000000000,60.000000000000,60.000000000000
45.488363623341,45.134770381582,33.947942070253
60.000000000000,60.000000000000,0.000000000000
60.000000000000,60.000000000000,60.000000000000
29.749857273184,28.736563544537,29.555128839836
9.376235779899,4.486500149493,25.979428225778
41.575277858410,41.974121455747,2.583752249054
60.000000000000,60.000000000000,60.000000000000
40.442504114177,18.637976895135,25.572818744406
60.000000000000,60.000000000000,60.000000000000
44.788342338698,16.257364956049,26.467846600972
60.000000000000,60.000000000000,60.000000000000
60.000000000000,60.000000000000,60.000000000000
49.896386806036,15.514681995543,29.811857992347
60.000000000000,60.000000000000,60.000000000000
60.000000000000,60.000000000000,60.000000000000
0.928736893058,9.246216333630,23.212946789533
48.377061819971,21.086361978936,21.525914009621
48.384055996984,51.398212585813,4.704108266655
41.047921752863,16.315971014429,8.639350238131
60.000000000000,60.000000000000,60.000000000000
60.000000000000,60.000000000000,60.000000000000
60.000000000000,60.000000000000,60.000000000000
52.135519180633,55.051450841455,27.825346978351
33.052972733351,48.886686160791,20.874614503577
0.340334782446,2.030233549260,8.193309521907
60.000000000000,60.000000000000,60.000000000000
60.000000000000,60.000000000000,60.000000000000
60.000000000000,60.000000000000,60.000000000000
57.033371338799,20.690318311896,28.105344294867
60.000000000000,60.000000000000,60.000000000000
41.819995161776,29.566928569366,32.017150339848
16.416801074745,60.000000000000,39.527735512747
60.000000000000,60.000000000000,60.000000000000
60.000000000000,60.000000000000,60.000000000000
10.814410127962,47.410560695076,60.000000000000
25.836351901294,23.030054985374,4.932672943355
60.000000000000,60.000000000000,60.000000000000
60.000000000000,60.000000000000,60.000000000000
22.902081195367,5.367764012012,26.925438649274
42.850187358353,56.822611466021,37.770879990188
43.283908906769,27.222122749437,23.154767393602
48.320991013524,24.324344415711,10.909762767039
60.000000000000,60.000000000000,60.000000000000
3.874748463817,50.801798842077,54.201167222572
40.331960397115,60.000000000000,12.542455351894
22.334704425126,43.552267394486,57.077392211504
30.566691527353,40.665310495720,40.441943340911
60.000000000000,60.000000000000,60.000000000000
60.000000000000,60.000000000000,60.000000000000
35.191139184302,10.476194725477,58.985008552399
57.886613018517,31.491929052920,1.562255257195
27.942368346765,50.352934387605,13.999501082404
38.991597628080,35.437976578265,21.769694478340
60.000000000000,60.000000000000,60.000000000000
37.564524879754,12.453314191302,8.910040523983
47.059987169035,51.924688071589,43.243441897143
60.000000000000,60.000000000000,60.000000000000
60.000000000000,60.000000000000,60.000000000000
60.000000000000,60.000000000000,60.000000000000
15.817428561307,59.039424265177,25.460722326177
20.899610275021,15.035305187645,48.173337233138
33.057655845891,38.364457344799,51.510414947104
46.178763157528,26.709198724027,34.063538358678
45.660953986396,54.368432532699,53.256567306532
13.233172329343,51.208994751988,12.297698876178
60.000000000000,60.000000000000,60.000000000000
50.904237816750,33.941938142404,41.864757394685
60.000000000000,60.000000000000,60.000000000000
60.000000000000,60.000000000000,60.000000000000
60.000000000000,60.000000000000,60.000000000000
60.000000000000,60.000000000000,60.000000000000
19.500139775576,32.955891533029,41.806125084742
29.954410726146,33.796806377233,8.916751353437
60.000000000000,60.000000000000,60.000000000000
40.567036463953,48.289802342666,25.154301352917
0.000000000000,60.000000000000,60.000000000000
55.718456003479,48.033340092008,9.459765707505
36.272767831388,45.529192764596,29.706637265997
60.000000000000,60.000000000000,60.000000000000
60.000000000000,60.000000000000,60.000000000000
60.000000000000,60.000000000000,60.000000000000
60.000000000000,60.000000000000,60.000000000000
35.572121886548,42.637543965604,47.766511001205
60.000000000000,60.000000000000,60.000000000000
43.976799303794,27.234030557671,39.213556744985
60.000000000000,14.586683179760,44.380765519125
60.000000000000,60.000000000000,60.000000000000
60.000000000000,60.000000000000,60.000000000000
60.000000000000,60.000000000000,60.000000000000
35.384018527656,35.967743737230,14.866056413086
33.897835746229,21.737592920622,59.292140786355
53.028313638028,53.186071125735,28.961217750771
60.000000000000,60.000000000000,0.000000000000
10.254794773909,60.000000000000,22.800075427864
60.000000000000,60.000000000000,0.000000000000
35.656181080076,7.380628362847,34.020552280506
60.000000000000,60.000000000000,60.000000000000
60.000000000000,60.000000000000,60.000000000000
46.187308162881,39.753435644425,51.588715932960
60.000000000000,60.000000000000,60.000000000000
43.334706778790,7.977510442710,44.363930916131
60.000000000000,60.000000000000,60.000000000000
40.604788561121,15.148489134380,15.639496092465
49.020447057882,3.518458247513,31.007020140567
60.000000000000,60.000000000000,60.000000000000
48.010884156297,14.703115371618,42.104579279707
7.298459616715,53.281553472636,13.614731497925
51.464998942363,0.267082554065,42.478819056027
60.000000000000,60.000000000000,60.000000000000
60.000000000000,60.000000000000,60.000000000000
21.865605347293,8.932699046914,40.817597858291
18.608201536609,21.579367352202,20.645650148477
55.472803986898,26.772026341730,21.480753257483
26.615934883352,28.750345895216,55.301719449898
54.399102242991,50.417938963762,0.963836259424
60.000000000000,60.000000000000,60.000000000000
60.000000000000,60.000000000000,60.000000000000
60.000000000000,60.000000000000,60.000000000000
26.760341697530,5.214272509996,26.957290759984
60.000000000000,60.000000000000,60.000000000000
60.000000000000,60.000000000000,60.000000000000
60.000000000000,60.000000000000,60.000000000000
30.260824137663,32.432095866445,60.000000000000
58.864835290433,32.481772940930,52.598489153154
43.536947582603,53.451931961117,47.648795108961
46.781892823031,44.418281141725,59.546493195498
60.000000000000,60.000000000000,60.000000000000
47.110790366798,37.378817784617,0.947194105472
60.000000000000,60.000000000000,60.000000000000
16.603512390863,43.334196150274,15.162730618279
60.000000000000,60.000000000000,60.000000000000
60.000000000000,60.000000000000,60.000000000000
60.000000000000,60.000000000000,60.000000000000
48.986262338512,3.658151157462,42.519427426052
60.000000000000,60.000000000000,60.000000000000
60.000000000000,60.000000000000,60.000000000000
52.185444006529,56.555058812403,24.756083787842
33.945551970555,56.394248015952,58.569081011516
60.000000000000,60.000000000000,60.000000000000
31.578486725498,16.877889906315,21.969486695784
60.000000000000,60.000000000000,60.000000000000
60.000000000000,60.000000000000,60.000000000000
60.000000000000,60.000000000000,60.000000000000
52.776911603951,3.037802788987,19.378932342114
21.780447688991,16.608589835342,44.043069605783
18.707314171452,10.094708861789,46.444631577058
49.831287024073,33.954776846439,18.266422773581
55.015244618581,30.117730612285,7.481517161830
60.000000000000,32.061920276456,60.000000000000
52.147635659424,34.784819912392,54.548262758890
41.394408171051,23.467932959725,39.283464898553
60.000000000000,60.000000000000,60.000000000000
21.301777916149,16.455323999263,39.252204177238
60.000000000000,60.000000000000,60.000000000000
0.000000000000,32.217561618636,60.000000000000
60.000000000000,60.000000000000,60.000000000000
4.240453536272,20.788491133751,0.000000000000
60.000000000000,60.000000000000,60.000000000000
22.623714487649,2.243151817203,10.292383234167
60.000000000000,60.000000000000,60.000000000000
60.000000000000,60.000000000000,60.000000000000
60.000000000000,60.000000000000,60.000000000000
57.786310790759,18.249307863191,31.020710974853
60.000000000000,0.972008825858,28.394650304008
60.000000000000,60.000000000000,60.000000000000
46.391718220001,51.367526926881,43.101228025655
60.000000000000,60.000000000000,60.000000000000
51.933775532766,54.548692503263,42.145584549451
60.000000000000,60.000000000000,60.000000000000
15.653762391980,60.000000000000,24.821079227324
7.333743266420,32.786193732735,60.000000000000
56.919722088923,10.329369522462,16.262805265264
44.381131552820,25.567141090651,16.793157633266
49.767652171950,32.288350146127,19.014214439592
27.363674229394,26.241713283862,5.542384170328
60.000000000000,60.000000000000,60.000000000000
22.655334235195,10.538837546997,28.220723425045
36.090791599827,60.000000000000,42.940417906836
60.000000000000,60.000000000000,60.000000000000
28.579748810929,59.728522838285,23.541504662099
60.000000000000,60.000000000000,60.000000000000
31.185359999604,10.114769893177,9.429385375543
39.752122482266,39.526864772533,24.865458208206
60.000000000000,60.000000000000,60.000000000000
60.000000000000,60.000000000000,60.000000000000
21.750329974451,39.975082244228,19.887969839132
22.116510416058,1.110393463753,28.824037315920
60.000000000000,60.000000000000,60.000000000000
44.754033638595,59.308350908788,28.974525173745
50.375018805058,41.204085663765,45.031682462612
60.000000000000,60.000000000000,60.000000000000
60.000000000000,60.000000000000,60.000000000000
1.158867281195,0.638676061553,18.997860419902
43.801851344957,14.004524605639,38.818980231882
60.000000000000,60.000000000000,60.000000000000
60.000000000000,60.000000000000,60.000000000000
60.000000000000,47.202417898196,38.149247035116
60.000000000000,60.000000000000,60.000000000000
55.565059615914,36.536213161060,27.003453013079
55.309132776382,1.867611143008,8.581037890474
60.000000000000,60.000000000000,60.000000000000
60.000000000000,60.000000000000,60.000000000000
60.000000000000,60.000000000000,60.000000000000
60.000000000000,60.000000000000,60.000000000000
0.971959666740,2.478500550873,10.673930868409
60.000000000000,60.000000000000,60.000000000000
60.000000000000,60.000000000000,0.000000000000
60.000000000000,6.907920551023,10.885124198022
60.000000000000,60.000000000000,60.000000000000
27.696596199356,26.110091318237,17.420348394216
60.000000000000,60.000000000000,0.000000000000
16.192497268061,60.000000000000,29.024634926441
60.000000000000,60.000000000000,60.000000000000
52.044356934777,32.375398489698,39.486708718838
0.000000000000,60.000000000000,60.000000000000
43.656451541501,56.561817246985,3.520864640541
60.000000000000,60.000000000000,60.000000000000
10.684966380183,26.823035026393,15.581566492228
60.000000000000,60.000000000000,60.000000000000
60.000000000000,60.000000000000,60.000000000000
8.568976680532,31.696433609324,21.779954393396
53.571329929925,16.293287568195,54.865682090344
60.000000000000,60.000000000000,0.000000000000
60.000000000000,60.000000000000,60.000000000000
60.000000000000,60.000000000000,0.000000000000
60.000000000000,60.000000000000,60.000000000000
60.000000000000,60.000000000000,60.000000000000
60.000000000000,60.000000000000,0.000000000000
60.000000000000,60.000000000000,60.000000000000
56.330441689831,50.710883857902,27.135192413592
60.000000000000,60.000000000000,0.000000000000
60.000000000000,60.000000000000,60.000000000000
60.000000000000,60.000000000000,60.000000000000
54.020764423230,19.543114316448,25.177008967233
4.900259985148,39.768547715084,60.000000000000
32.292149301731,45.572984503651,47.977955338863
60.000000000000,60.000000000000,0.000000000000
0.000000000000,60.000000000000,60.000000000000
57.902568083181,24.529571322494,26.573435467693
60.000000000000,60.000000000000,0.000000000000
0.000000000000,60.000000000000,60.000000000000
55.724824563824,48.963629182325,36.864043947892
39.112499912053,16.898168824458,27.080819834516
60.000000000000,60.000000000000,0.000000000000
53.909937201708,20.436551178803,20.694201017497
54.671813336736,31.056457606927,11.817920390960
59.481377262609,34.671133093437,37.443276027965
60.000000000000,60.000000000000,60.000000000000
29.516324183546,47.226838030748,10.907502459978
60.000000000000,60.000000000000,60.000000000000
21.435594766187,53.127338216726,53.592053449248
40.052074259311,33.781861564295,10.314351364867
60.000000000000,60.000000000000,60.000000000000
48.164349246611,17.999245889217,42.132453718060
48.404568306662,38.757274409196,33.704518335886
60.000000000000,60.000000000000,60.000000000000
60.000000000000,60.000000000000,60.000000000000
54.091596135970,17.499407753856,16.600394279139
53.550835516462,39.639549761469,28.427152179245
10.861485086092,4.372258744852,34.159613153375
6.680303612570,6.234150723045,19.584070158148
53.821125969998,7.253236244575,4.932908761212
54.668905438162,22.654015081840,34.381243441019
56.150925365614,27.148895084401,7.700602411924
60.000000000000,60.000000000000,60.000000000000
60.000000000000,28.277833551013,42.310231993215
60.000000000000,60.000000000000,60.000000000000
60.000000000000,60.000000000000,0.000000000000
60.000000000000,60.000000000000,0.000000000000
42.642121150851,2.034034902508,32.911708385531
60.000000000000,60.000000000000,60.000000000000
60.000000000000,60.000000000000,60.000000000000
60.000000000000,60.000000000000,60.000000000000
58.451954533346,42.101549612147,20.431682254647
33.477465244049,22.927929347493,15.539426254119
22.361547445546,25.163145200099,37.188933348938
60.000000000000,60.000000000000,60.000000000000
60.000000000000,60.000000000000,0.000000000000
3.561375212725,10.745325506105,36.079045407006
24.035062857958,35.547670035563,8.560734671593
13.490237771882,52.081847793586,15.826384232112
59.940729111613,58.441228032077,22.246121862499
60.000000000000,60.000000000000,60.000000000000
60.000000000000,30.521908729446,31.413526014438
60.000000000000,60.000000000000,0.000000000000
60.000000000000,60.000000000000,60.000000000000
60.000000000000,60.000000000000,60.000000000000
60.000000000000,60.000000000000,0.000000000000
60.000000000000,60.000000000000,0.000000000000
53.955480796781,28.943990047234,49.909672602224
60.000000000000,60.000000000000,0.000000000000
60.000000000000,60.000000000000,60.000000000000
60.000000000000,14.459056328866,40.733121918632
60.000000000000,1.442200761502,42.878294054391
60.000000000000,60.000000000000,60.000000000000
60.000000000000,60.000000000000,60.000000000000
12.692898148827,31.574875569861,28.227830920474
40.193931895878,0.194793933006,16.870105316391
2.624810856386,18.714947405475,3.527996229974
60.000000000000,48.011077456469,25.900215947880
60.000000000000,60.000000000000,20.334192455340
56.913765326195,10.467859733490,5.708418393720
57.852158603138,12.914786602563,13.287692823245
60.000000000000,60.000000000000,60.000000000000
50.155310959610,7.342275325550,55.569498159856
60.000000000000,60.000000000000,60.000000000000
60.000000000000,60.000000000000,0.000000000000
60.000000000000,60.000000000000,60.000000000000
60.000000000000,60.000000000000,60.000000000000
57.956722851618,8.126407460675,6.914122610426
47.075924923065,15.904670689313,29.903976086957
60.000000000000,60.000000000000,60.000000000000
60.000000000000,60.000000000000,60.000000000000
56.316505797968,37.329106152848,10.490162224571
60.000000000000,60.000000000000,60.000000000000
60.000000000000,60.000000000000,60.000000000000
60.000000000000,60.000000000000,60.000000000000
60.000000000000,60.000000000000,60.000000000000
0.000000000000,3.803898114931,16.927415132310
60.000000000000,60.000000000000,60.000000000000
11.216542221427,16.780747478140,58.647516790594
37.022143559476,21.042770775000,32.839277100996
60.000000000000,60.000000000000,60.000000000000
54.476832488030,57.997954527060,13.121205077495
60.000000000000,60.000000000000,60.000000000000
5.785511723936,42.510638807451,7.113976424928
60.000000000000,60.000000000000,60.000000000000
60.000000000000,60.000000000000,0.000000000000
60.000000000000,60.000000000000,60.000000000000
60.000000000000,60.000000000000,60.000000000000
7.218737508174,22.405084136141,33.625953324722
60.000000000000,60.000000000000,60.000000000000
49.659199808094,38.133901760827,29.463824288127
34.526493945908,53.076149467591,54.465250623879
2.486707604303,29.959173937603,34.947397806894
60.000000000000,60.000000000000,60.000000000000
60.000000000000,60.000000000000,60.000000000000
23.807574465143,20.295064922590,6.305149793646
44.428229177084,21.777394175116,22.457171033649
37.094784249876,60.000000000000,28.245490311277
60.000000000000,60.000000000000,60.000000000000
60.000000000000,50.328024221088,34.298369384441
60.000000000000,60.000000000000,60.000000000000
60.000000000000,60.000000000000,60.000000000000
17.251582717055,20.313999785941,17.574632533132
60.000000000000,60.000000000000,60.000000000000
60.000000000000,51.231804205075,11.070838849291
7.981407288914,40.173161668043,35.526659976133
52.228035521092,33.026742011620,31.008268045206
9.059417715911,55.302819556641,58.946285771192
40.846734360731,33.732787629199,50.140878510663
55.144236710625,11.988960238588,8.342872958196
60.000000000000,60.000000000000,0.000000000000
35.232843053903,52.396576593594,26.767016158258
60.000000000000,60.000000000000,60.000000000000
60.000000000000,60.000000000000,60.000000000000
60.000000000000,60.000000000000,60.000000000000
34.915154829427,11.600709062480,41.483907790328
60.000000000000,60.000000000000,0.000000000000
47.672279643627,0.145176910789,26.563213480587
60.000000000000,60.000000000000,60.000000000000
60.000000000000,60.000000000000,0.000000000000
60.000000000000,60.000000000000,60.000000000000
57.796955789098,58.394510429255,21.133202622375
60.000000000000,60.000000000000,60.000000000000
60.000000000000,60.000000000000,60.000000000000
60.000000000000,60.000000000000,60.000000000000
42.136364965566,28.279935324858,17.046845309867
60.000000000000,32.189409091637,7.557956749401
58.620260496370,43.932973994398,6.910909227152
48.695949418764,40.890955955210,51.492266770034
56.144245395260,25.371652873880,0.741978873645
60.000000000000,60.000000000000,60.000000000000
57.406139744169,19.785304101887,28.062956477227
60.000000000000,60.000000000000,60.000000000000
12.388715138552,24.071859897051,23.430371581982
58.593774816396,32.811888107527,15.717140108765
15.518735278610,36.874042585785,12.591184320637
21.767885645995,36.379753939785,60.000000000000
60.000000000000,60.000000000000,0.000000000000
60.000000000000,60.000000000000,0.000000000000
56.299267298724,19.324075716067,8.635910676682
33.831909103582,28.328652061165,47.004322100236
7.109671943529,7.622704927440,60.000000000000
60.000000000000,60.000000000000,60.000000000000
44.757923554193,4.492064588637,34.501737561172
60.000000000000,60.000000000000,0.000000000000
60.000000000000,60.000000000000,0.000000000000
60.000000000000,60.000000000000,60.000000000000
6.234765315738,55.451935345700,28.053763531934
60.000000000000,60.000000000000,60.000000000000
