x,y,z
19.111123291527,33.906640097692,47.927355760056
60.000000000000,60.000000000000,60.000000000000
60.000000000000,60.000000000000,60.000000000000
7.321113201711,15.428967360630,20.144306875209
38.137989636836,52.363197118161,0.100434909288
60.000000000000,60.000000000000,60.000000000000
27.723228616492,60.000000000000,60.000000000000
27.011856638557,32.138546599738,18.193177671654
60.000000000000,60.000000000000,60.000000000000
60.000000000000,60.000000000000,60.000000000000
53.527870709571,25.695881694009,5.925622193706
60.000000000000,60.000000000000,60.000000000000
2.789397768239,21.895897696561,14.551854467265
0.184219980228,45.739782691510,34.951169427740
3.561620915683,1.251531168761,58.178398105321
60.000000000000,60.000000000000,0.000000000000
60.000000000000,60.000000000000,60.000000000000
60.000000000000,60.000000000000,60.000000000000
60.000000000000,60.000000000000,0.000000000000
38.900784682647,58.973887702840,16.323847042283
60.000000000000,60.000000000000,60.000000000000
60.000000000000,60.000000000000,60.000000000000
38.678168162028,9.129632237974,59.676872115614
57.698455416119,5.215267190132,7.219478912451
0.738579061022,27.039842570475,56.788395339886
60.000000000000,60.000000000000,60.000000000000
60.000000000000,60.000000000000,60.000000000000
60.000000000000,60.000000000000,0.000000000000
1.922419254489,55.106854419567,36.867272777185
5.163559093350,24.976925185866,47.108777366625
0.935097495981,49.996533276330,56.849925566836
60.000000000000,60.000000000000,60.000000000000
2.282767991419,5.423267036168,1.684251022306
17.332509587883,51.672738248918,23.038986170888
60.000000000000,60.000000000000,60.000000000000
60.000000000000,60.000000000000,0.000000000000
60.000000000000,60.000000000000,60.000000000000
44.764763572726,0.170190921933,37.981395964640
8.023102237583,11.693146924520,30.580869340687
60.000000000000,60.000000000000,60.000000000000
34.677915496747,43.317459976818,53.535648852005
60.000000000000,60.000000000000,0.000000000000
60.000000000000,60.000000000000,60.000000000000
13.641358173574,19.261529312931,7.939268042224
60.000000000000,60.000000000000,60.000000000000
27.011153726640,57.931894359116,19.965156798421
31.395540539805,4.501776157626,53.924986627882
24.042933643324,27.965657244923,22.926020848581
8.676295190304,59.484759873045,5.765026503770
60.000000000000,60.000000000000,60.000000000000
0.334698492477,26.608057887110,48.759853572694
60.000000000000,60.000000000000,60.000000000000
8.071706479230,9.170370031512,28.559231065984
1.800104211643,23.184550220034,42.497674139829
16.948375691640,29.414115760601,43.761609817785
60.000000000000,60.000000000000,60.000000000000
60.000000000000,60.000000000000,60.000000000000
0.000000000000,60.000000000000,60.000000000000
60.000000000000,60.000000000000,0.000000000000
38.476547368956,0.131401538929,20.153272237568
60.000000000000,60.000000000000,60.000000000000
60.000000000000,60.000000000000,60.000000000000
60.000000000000,60.000000000000,60.000000000000
60.000000000000,24.382865642734,31.797654656564
49.687856772411,7.701973473170,33.577518880106
0.000000000000,60.000000000000,60.000000000000
60.000000000000,60.000000000000,60.000000000000
20.751380009133,35.824678775378,9.807077142877
44.324330838033,17.955911753828,27.428568835899
60.000000000000,60.000000000000,60.000000000000
60.000000000000,60.000000000000,60.000000000000
60.000000000000,60.000000000000,60.000000000000
60.000000000000,60.000000000000,60.000000000000
60.000000000000,60.000000000000,0.000000000000
6.219897426035,19.832970928994,8.500993211605
60.000000000000,60.000000000000,60.000000000000
60.000000000000,60.000000000000,60.000000000000
60.000000000000,60.000000000000,60.000000000000
60.000000000000,60.000000000000,60.000000000000
60.000000000000,60.000000000000,0.000000000000
60.000000000000,60.000000000000,60.000000000000
57.387741548652,31.442464936817,49.114213697466
13.601675952078,39.387587642490,10.594431041105
28.416032668685,9.475567172340,14.585537164202
10.848514060067,41.851890819049,20.514008687596
60.000000000000,60.000000000000,60.000000000000
12.217713016835,16.823710533222,25.116538906635
60.000000000000,60.000000000000,60.000000000000
29.598318717444,15.259772220932,30.989386337978
60.000000000000,60.000000000000,60.000000000000
60.000000000000,60.000000000000,60.000000000000
60.000000000000,60.000000000000,60.000000000000
60.000000000000,60.000000000000,0.000000000000
25.057699202145,35.347235546309,49.779758786631
6.252934499956,15.711981016683,16.881496378901
60.000000000000,60.000000000000,0.000000000000
45.770416540763,15.089975503399,27.338967513451
22.858693677892,8.743578015581,47.835127922126
13.796489715639,45.049836318943,32.273197285892
60.000000000000,60.000000000000,60.000000000000
6.276830856424,55.198401153517,33.105578966458
60.000000000000,60.000000000000,60.000000000000
60.000000000000,60.000000000000,60.000000000000
60.000000000000,60.000000000000,60.000000000000
60.000000000000,60.000000000000,60.000000000000
60.000000000000,60.000000000000,60.000000000000
60.000000000000,60.000000000000,60.000000000000
60.000000000000,60.000000000000,60.000000000000
29.396330258795,57.188776339360,10.001740327728
60.000000000000,60.000000000000,60.000000000000
60.000000000000,60.000000000000,60.000000000000
60.000000000000,60.000000000000,60.000000000000
60.000000000000,60.000000000000,60.000000000000
60.000000000000,60.000000000000,60.000000000000
60.000000000000,60.000000000000,60.000000000000
60.000000000000,60.000000000000,0.000000000000
60.000000000000,60.000000000000,0.000000000000
60.000000000000,60.000000000000,60.000000000000
6.578758808309,42.690467667799,43.496688476332
4.274828135073,39.166716946616,8.835840096075
60.000000000000,60.000000000000,0.000000000000
60.000000000000,60.000000000000,60.000000000000
60.000000000000,38.662783574657,13.009269408781
12.419328720301,32.181885572412,30.389382805794
60.000000000000,60.000000000000,60.000000000000
60.000000000000,60.000000000000,60.000000000000
33.190878866157,31.188355428338,15.622658655139
15.780945109853,35.835871270646,0.069101287928
3.327417873073,16.121673189818,19.715499998473
60.000000000000,60.000000000000,60.000000000000
60.000000000000,60.000000000000,60.000000000000
17.731910937066,19.572619532748,28.633887763496
60.000000000000,60.000000000000,60.000000000000
3.100072741943,8.062043256946,37.769810305286
25.883079376898,37.871810334468,60.000000000000
60.000000000000,60.000000000000,60.000000000000
60.000000000000,60.000000000000,60.000000000000
0.000000000000,60.000000000000,27.025892829553
60.000000000000,60.000000000000,60.000000000000
60.000000000000,60.000000000000,0.000000000000
60.000000000000,60.000000000000,60.000000000000
60.000000000000,60.000000000000,60.000000000000
60.000000000000,60.000000000000,60.000000000000
51.106846007360,27.118910229458,28.029267629276
60.000000000000,60.000000000000,60.000000000000
54.838268789780,13.057791681101,42.052662672764
54.156505376864,8.151678947027,58.283278514697
6.080365916844,22.240165446147,60.000000000000
60.000000000000,60.000000000000,60.000000000000
60.000000000000,60.000000000000,60.000000000000
22.345544887538,46.427449225686,26.521162966577
60.000000000000,60.000000000000,60.000000000000
60.000000000000,7.268103776893,60.000000000000
60.000000000000,60.000000000000,60.000000000000
60.000000000000,60.000000000000,60.000000000000
60.000000000000,60.000000000000,60.000000000000
60.000000000000,60.000000000000,60.000000000000
60.000000000000,60.000000000000,0.000000000000
7.549536430521,60.000000000000,14.279430871113
60.000000000000,60.000000000000,0.000000000000
57.435895636347,6.389808736853,60.000000000000
60.000000000000,60.000000000000,0.000000000000
0.000000000000,60.000000000000,60.000000000000
60.000000000000,60.000000000000,60.000000000000
60.000000000000,60.000000000000,60.000000000000
60.000000000000,60.000000000000,0.000000000000
60.000000000000,60.000000000000,60.000000000000
60.000000000000,60.000000000000,60.000000000000
3.746540770904,27.241660150684,3.285572058126
60.000000000000,60.000000000000,60.000000000000
60.000000000000,60.000000000000,0.000000000000
38.210190511190,20.576108997619,20.467851400871
60.000000000000,60.000000000000,60.000000000000
60.000000000000,60.000000000000,60.000000000000
3.168261798761,29.791310000893,15.274937864240
60.000000000000,60.000000000000,0.000000000000
60.000000000000,60.000000000000,60.000000000000
10.228829617290,32.223411087608,60.000000000000
32.362549731576,44.287746306520,4.770914776504
60.000000000000,60.000000000000,60.000000000000
60.000000000000,60.000000000000,60.000000000000
60.000000000000,60.000000000000,60.000000000000
60.000000000000,60.000000000000,60.000000000000
60.000000000000,60.000000000000,60.000000000000
60.000000000000,60.000000000000,60.000000000000
17.486031062129,60.000000000000,39.280395062332
60.000000000000,60.000000000000,60.000000000000
60.000000000000,60.000000000000,0.000000000000
60.000000000000,60.000000000000,60.000000000000
60.000000000000,60.000000000000,60.000000000000
60.000000000000,60.000000000000,60.000000000000
60.000000000000,60.000000000000,60.000000000000
52.952058502852,46.553818640086,17.775275863321
44.941880596707,60.000000000000,14.617961848552
41.771682757457,9.311117231144,17.814250196013
13.340016563691,47.472168547577,38.976517291102
55.147082179553,2.035603801771,7.147391019291
60.000000000000,60.000000000000,60.000000000000
60.000000000000,60.000000000000,60.000000000000
60.000000000000,60.000000000000,60.000000000000
60.000000000000,60.000000000000,60.000000000000
0.000000000000,60.000000000000,60.000000000000
60.000000000000,60.000000000000,60.000000000000
60.000000000000,60.000000000000,0.000000000000
20.364812770583,22.865616053973,11.319336179582
60.000000000000,60.000000000000,60.000000000000
60.000000000000,60.000000000000,60.000000000000
60.000000000000,60.000000000000,60.000000000000
14.024982374128,5.650158477188,13.533008945061
26.159157722340,48.538539615874,19.756231005428
60.000000000000,60.000000000000,60.000000000000
60.000000000000,60.000000000000,60.000000000000
14.761452918014,55.892253269967,55.222162775392
60.000000000000,60.000000000000,60.000000000000
6.689368714791,39.305477419887,24.046484446610
60.000000000000,60.000000000000,60.000000000000
7.208079543009,33.621858946317,57.575883180794
60.000000000000,60.000000000000,60.000000000000
36.910159848553,10.365320577855,35.447996292130
60.000000000000,60.000000000000,60.000000000000
60.000000000000,60.000000000000,0.000000000000
2.681947468609,43.456741953571,7.653851289242
8.555176449243,4.802748099344,39.537418470083
60.000000000000,60.000000000000,60.000000000000
60.000000000000,60.000000000000,60.000000000000
47.191506871970,15.219932146384,35.262215988301
60.000000000000,60.000000000000,60.000000000000
60.000000000000,60.000000000000,60.000000000000
60.000000000000,60.000000000000,60.000000000000
60.000000000000,60.000000000000,60.000000000000
60.000000000000,60.000000000000,60.000000000000
60.000000000000,60.000000000000,60.000000000000
17.879405200158,52.683963083219,42.694336963150
60.000000000000,60.000000000000,60.000000000000
60.000000000000,60.000000000000,60.000000000000
60.000000000000,60.000000000000,60.000000000000
60.000000000000,60.000000000000,60.000000000000
60.000000000000,60.000000000000,60.000000000000
30.951853623710,0.000000000000,28.753313423718
60.000000000000,60.000000000000,60.000000000000
60.000000000000,60.000000000000,60.000000000000
57.533264098936,59.576165732912,31.490878146830
60.000000000000,60.000000000000,20.713002502475
60.000000000000,60.000000000000,60.000000000000
6.874583392440,57.863884695462,16.608088693043
49.245209672379,20.740240834426,60.000000000000
60.000000000000,60.000000000000,60.000000000000
60.000000000000,60.000000000000,0.000000000000
44.986147401689,48.992254390400,50.494215590943
1.548926789409,48.266045324588,12.499692856032
60.000000000000,60.000000000000,60.000000000000
1.382982802493,30.592578373441,17.781033361887
26.295073841070,49.786498636013,15.253688239962
60.000000000000,60.000000000000,60.000000000000
3.116833322759,29.145519825856,8.707652576742
60.000000000000,60.000000000000,60.000000000000
45.716667715742,26.191162228971,20.909595949743
26.392995250316,23.859965718836,33.632159613724
2.118712659822,2.551906629758,58.435212500661
60.000000000000,60.000000000000,60.000000000000
60.000000000000,60.000000000000,60.000000000000
60.000000000000,60.000000000000,0.000000000000
60.000000000000,60.000000000000,60.000000000000
60.000000000000,60.000000000000,60.000000000000
60.000000000000,60.000000000000,60.000000000000
60.000000000000,60.000000000000,60.000000000000
26.572810939580,49.673306744142,7.194461880182
60.000000000000,60.000000000000,60.000000000000
60.000000000000,60.000000000000,60.000000000000
60.000000000000,60.000000000000,60.000000000000
60.000000000000,60.000000000000,0.000000000000
40.104251996518,13.413283421544,9.038014489441
60.000000000000,60.000000000000,0.000000000000
18.715179803713,24.614410373489,53.653973035995
12.669578945056,29.922974921346,16.517299419710
60.000000000000,60.000000000000,60.000000000000
58.197944423603,35.751970618663,9.010850026040
40.272258170989,4.300227506166,53.828806585263
12.927464481552,45.411574556684,38.906437355467
60.000000000000,60.000000000000,60.000000000000
60.000000000000,60.000000000000,60.000000000000
11.127962195166,45.512849850398,29.669337020279
60.000000000000,60.000000000000,60.000000000000
56.022833885621,48.370049931958,38.401549137735
0.000000000000,60.000000000000,60.000000000000
60.000000000000,60.000000000000,60.000000000000
60.000000000000,30.904633094367,44.575124288061
32.700481533799,15.717361091690,8.904594304962
60.000000000000,60.000000000000,0.000000000000
60.000000000000,60.000000000000,60.000000000000
60.000000000000,60.000000000000,60.000000000000
60.000000000000,60.000000000000,0.000000000000
60.000000000000,60.000000000000,60.000000000000
60.000000000000,60.000000000000,0.000000000000
60.000000000000,60.000000000000,60.000000000000
60.000000000000,60.000000000000,60.000000000000
60.000000000000,60.000000000000,60.000000000000
60.000000000000,60.000000000000,0.000000000000
16.957539788098,42.199252008799,50.463968360861
60.000000000000,60.000000000000,60.000000000000
22.989723468313,34.993930500815,9.137459598430
4.660274918965,26.353641625762,46.404671760618
60.000000000000,60.000000000000,60.000000000000
57.585335226027,54.128640303972,51.507558427572
60.000000000000,60.000000000000,60.000000000000
14.005964069453,22.950430618782,22.726125627918
60.000000000000,60.000000000000,60.000000000000
60.000000000000,60.000000000000,60.000000000000
60.000000000000,60.000000000000,60.000000000000
60.000000000000,60.000000000000,60.000000000000
60.000000000000,60.000000000000,60.000000000000
11.717717629132,0.784212269512,52.849439645387
60.000000000000,60.000000000000,60.000000000000
60.000000000000,60.000000000000,0.000000000000
60.000000000000,60.000000000000,60.000000000000
20.217153391240,15.065193647452,42.457162106097
60.000000000000,60.000000000000,60.000000000000
60.000000000000,60.000000000000,60.000000000000
60.000000000000,60.000000000000,0.000000000000
60.000000000000,60.000000000000,0.000000000000
5.673333925738,0.130044618775,34.376653354947
25.248439187688,19.169116966750,42.503073480897
60.000000000000,60.000000000000,0.000000000000
60.000000000000,60.000000000000,0.000000000000
42.232544399036,8.610228168606,17.275251378534
60.000000000000,60.000000000000,60.000000000000
18.957333998544,43.313943343832,14.906332595515
60.000000000000,60.000000000000,0.000000000000
60.000000000000,60.000000000000,60.000000000000
60.000000000000,60.000000000000,0.000000000000
13.510975193863,34.031257654004,13.136408259467
46.985303899620,48.736984553182,33.506451496025
60.000000000000,60.000000000000,60.000000000000
60.000000000000,60.000000000000,0.000000000000
33.023760654097,26.135890554956,53.162716813844
60.000000000000,60.000000000000,60.000000000000
53.275752642626,33.094104867861,3.740464879403
60.000000000000,60.000000000000,60.000000000000
9.218747063068,43.383118722860,19.513486042643
60.000000000000,60.000000000000,60.000000000000
60.000000000000,60.000000000000,60.000000000000
60.000000000000,60.000000000000,60.000000000000
60.000000000000,60.000000000000,60.000000000000
60.000000000000,60.000000000000,60.000000000000
39.465114720452,29.865033064598,54.189856407604
60.000000000000,60.000000000000,0.000000000000
60.000000000000,60.000000000000,60.000000000000
60.000000000000,60.000000000000,0.000000000000
24.023897577204,40.257448358127,21.715143698083
60.000000000000,60.000000000000,0.000000000000
60.000000000000,60.000000000000,60.000000000000
60.000000000000,60.000000000000,0.000000000000
60.000000000000,60.000000000000,60.000000000000
3.516327451585,3.354612178316,54.049707671330
60.000000000000,60.000000000000,60.000000000000
60.000000000000,60.000000000000,60.000000000000
60.000000000000,60.000000000000,60.000000000000
60.000000000000,60.000000000000,60.000000000000
60.000000000000,60.000000000000,60.000000000000
60.000000000000,1.205550411926,21.480104220179
60.000000000000,60.000000000000,60.000000000000
60.000000000000,60.000000000000,60.000000000000
60.000000000000,60.000000000000,60.000000000000
60.000000000000,60.000000000000,60.000000000000
60.000000000000,60.000000000000,60.000000000000
60.000000000000,60.000000000000,60.000000000000
57.732535816371,0.962965644056,60.000000000000
60.000000000000,60.000000000000,60.000000000000
46.648329040673,3.365903579237,26.830949618476
50.114459381312,18.853348610869,24.891627691058
0.301899780270,3.244616370676,19.846969980056
9.307219733797,57.524579567784,6.016926765136
60.000000000000,60.000000000000,60.000000000000
60.000000000000,60.000000000000,60.000000000000
60.000000000000,60.000000000000,60.000000000000
60.000000000000,60.000000000000,60.000000000000
60.000000000000,60.000000000000,60.000000000000
60.000000000000,60.000000000000,60.000000000000
9.979373561997,16.537715869719,4.708372918650
60.000000000000,60.000000000000,60.000000000000
60.000000000000,60.000000000000,60.000000000000
41.871681831675,55.302735797380,55.853643944707
32.208357593349,18.924629792696,43.852462413760
60.000000000000,60.000000000000,60.000000000000
60.000000000000,60.000000000000,60.000000000000
60.000000000000,60.000000000000,60.000000000000
60.000000000000,60.000000000000,60.000000000000
60.000000000000,60.000000000000,60.000000000000
0.099652718805,30.862511809451,15.931502668958
0.000000000000,56.236980703404,60.000000000000
60.000000000000,60.000000000000,60.000000000000
60.000000000000,60.000000000000,0.000000000000
52.919357205795,43.780445051492,40.050072544596
5.270404932743,19.753295458078,23.778155782178
60.000000000000,60.000000000000,60.000000000000
22.927491006263,27.566786266359,22.186463351174
60.000000000000,60.000000000000,60.000000000000
55.055600854615,3.264171551530,58.388203067022
60.000000000000,60.000000000000,60.000000000000
60.000000000000,0.000000000000,60.000000000000
60.000000000000,60.000000000000,60.000000000000
28.953496616314,58.935537587739,53.000915787382
60.000000000000,60.000000000000,60.000000000000
32.598212438524,18.549084944047,29.485755104274
22.211388587434,16.197788641797,28.504066563657
22.940960995589,52.242078449817,21.005300093957
20.036967638631,54.777679527870,35.527557520126
60.000000000000,60.000000000000,60.000000000000
60.000000000000,60.000000000000,60.000000000000
60.000000000000,60.000000000000,60.000000000000
60.000000000000,60.000000000000,60.000000000000
7.456296680305,41.361408737586,37.211674110581
43.717667555839,6.197462532305,7.150693126972
0.000000000000,0.000000000000,0.000000000000
31.031597020107,48.148979555159,28.687706927681
60.000000000000,60.000000000000,60.000000000000
19.045458988059,31.253416299698,45.787547086384
31.477275473221,22.221305465948,3.433014862319
20.710010337268,10.208460154327,18.253604404502
60.000000000000,60.000000000000,0.000000000000
28.643506873188,60.000000000000,30.126931476532
60.000000000000,60.000000000000,60.000000000000
56.397534715629,34.424120295641,5.665311631225
11.893032319945,1.641485370493,36.358884201909
6.759580680810,47.242678600265,22.713552074744
60.000000000000,60.000000000000,0.000000000000
60.000000000000,60.000000000000,60.000000000000
20.909993114755,46.106261733822,46.296276080795
60.000000000000,60.000000000000,60.000000000000
60.000000000000,60.000000000000,60.000000000000
31.061278245072,23.138840245902,38.106643837515
6.608888999674,42.984374668043,28.365111070859
60.000000000000,60.000000000000,60.000000000000
15.113795534319,29.941967700369,22.490639868157
60.000000000000,60.000000000000,60.000000000000
60.000000000000,60.000000000000,0.000000000000
60.000000000000,60.000000000000,60.000000000000
60.000000000000,60.000000000000,0.000000000000
60.000000000000,60.000000000000,60.000000000000
29.265186147944,36.988844504163,26.086727150077
0.000000000000,60.000000000000,60.000000000000
60.000000000000,60.000000000000,60.000000000000
60.000000000000,60.000000000000,60.000000000000
60.000000000000,60.000000000000,60.000000000000
14.988153545449,27.939378485334,6.378448602784
60.000000000000,60.000000000000,60.000000000000
59.054212127581,22.134492380671,3.678889789740
0.000000000000,0.000000000000,0.000000000000
60.000000000000,60.000000000000,60.000000000000
60.000000000000,60.000000000000,60.000000000000
60.000000000000,60.000000000000,60.000000000000
54.238153960521,52.436007083563,32.072365306395
16.446581117943,42.561941631898,13.516245640815
47.557474651915,44.697170827248,29.723714471583
60.000000000000,60.000000000000,60.000000000000
60.000000000000,60.000000000000,60.000000000000
60.000000000000,60.000000000000,60.000000000000
60.000000000000,60.000000000000,60.000000000000
29.323650353020,34.918559499950,43.412346326644
60.000000000000,60.000000000000,60.000000000000
52.556735663390,2.589141552893,58.978839128198
60.000000000000,60.000000000000,60.000000000000
7.487502664209,41.733334617232,19.551186422863
60.000000000000,60.000000000000,60.000000000000
60.000000000000,58.797311367742,38.612103830430
7.191107833487,30.510744177171,55.558636793541
60.000000000000,60.000000000000,60.000000000000
14.393232033441,7.627317238845,57.325848136555
0.000000000000,4.850234811480,1.995812716467
60.000000000000,60.000000000000,0.000000000000
60.000000000000,60.000000000000,60.000000000000
60.000000000000,60.000000000000,60.000000000000
60.000000000000,60.000000000000,60.000000000000
60.000000000000,60.000000000000,60.000000000000
60.000000000000,60.000000000000,60.000000000000
60.000000000000,60.000000000000,60.000000000000
60.000000000000,60.000000000000,60.000000000000
60.000000000000,60.000000000000,60.000000000000
60.000000000000,60.000000000000,60.000000000000
14.084095028417,19.040424262003,21.130360417056
60.000000000000,60.000000000000,60.000000000000
60.000000000000,60.000000000000,60.000000000000
60.000000000000,60.000000000000,60.000000000000
60.000000000000,60.000000000000,60.000000000000
60.000000000000,60.000000000000,60.000000000000
60.000000000000,60.000000000000,60.000000000000
54.395662778483,45.441082271871,28.497676073335
60.000000000000,60.000000000000,0.000000000000
60.000000000000,1.332038611791,31.657155769907
0.000000000000,56.397647039555,60.000000000000
31.156669498995,33.824380937059,29.098112263285
34.292159949032,18.781718028544,13.920341083234
60.000000000000,60.000000000000,0.000000000000
60.000000000000,60.000000000000,60.000000000000
16.774256782528,16.116143450182,52.095102377239
59.863941319711,54.133503252935,45.912139531179
60.000000000000,60.000000000000,0.000000000000
13.484517037435,15.052463840419,26.937515266395
60.000000000000,60.000000000000,60.000000000000
60.000000000000,60.000000000000,60.000000000000
25.421357487417,30.753566084453,54.306385631166
60.000000000000,60.000000000000,60.000000000000
60.000000000000,60.000000000000,0.000000000000
60.000000000000,60.000000000000,60.000000000000
60.000000000000,60.000000000000,60.000000000000
60.000000000000,60.000000000000,60.000000000000
18.996144106334,43.691559807792,3.786886552799
60.000000000000,60.000000000000,0.000000000000
60.000000000000,60.000000000000,60.000000000000
60.000000000000,60.000000000000,0.000000000000
60.000000000000,60.000000000000,60.000000000000
60.000000000000,60.000000000000,60.000000000000
7.005552327495,42.896238971948,0.000000000000
49.747991930663,17.024276937076,29.134142553256
57.704551949997,19.617112547045,2.489027222709
60.000000000000,60.000000000000,60.000000000000
20.483015015287,57.002964048081,11.177616665668
60.000000000000,60.000000000000,60.000000000000
28.018241960477,15.649834799325,56.105831435204
60.000000000000,60.000000000000,60.000000000000
0.000000000000,60.000000000000,60.000000000000
60.000000000000,60.000000000000,60.000000000000
51.930282726319,58.002296236851,7.148653679719
60.000000000000,60.000000000000,60.000000000000
26.570322454855,13.214518475992,4.367881552207
49.889035871053,10.333876979691,53.507611128488
60.000000000000,60.000000000000,60.000000000000
47.493230225079,49.317684410716,21.590244087607
60.000000000000,60.000000000000,60.000000000000
60.000000000000,60.000000000000,60.000000000000
60.000000000000,60.000000000000,60.000000000000
60.000000000000,60.000000000000,60.000000000000
59.438260334420,6.068857047898,48.850472240108
60.000000000000,60.000000000000,60.000000000000
60.000000000000,60.000000000000,60.000000000000
60.000000000000,60.000000000000,60.000000000000
60.000000000000,60.000000000000,60.000000000000
60.000000000000,60.000000000000,60.000000000000
50.867859452495,51.569296814313,35.433945818078
28.010220375846,40.841187419734,37.711908713475
60.000000000000,31.373029064901,22.441363557535
60.000000000000,34.296697541769,0.000000000000
60.000000000000,60.000000000000,0.000000000000
60.000000000000,60.000000000000,60.000000000000
60.000000000000,60.000000000000,60.000000000000
60.000000000000,60.000000000000,60.000000000000
40.075469489359,12.506176822377,40.628355687444
60.000000000000,60.000000000000,60.000000000000
12.324488448146,2.001267473892,33.218329443797
60.000000000000,60.000000000000,60.000000000000
14.919871072717,37.606016821858,13.730932636418
60.000000000000,60.000000000000,60.000000000000
17.267335307433,12.793432019971,53.009984697577
60.000000000000,60.000000000000,60.000000000000
60.000000000000,60.000000000000,60.000000000000
60.000000000000,60.000000000000,60.000000000000
60.000000000000,60.000000000000,60.000000000000
60.000000000000,60.000000000000,60.000000000000
60.000000000000,60.000000000000,60.000000000000
15.957576440346,13.690996921914,50.806027379255
60.000000000000,60.000000000000,60.000000000000
36.474240467629,22.276257993916,33.448380384745
5.957818768516,58.359262901549,27.919929783371
60.000000000000,60.000000000000,0.000000000000
60.000000000000,60.000000000000,60.000000000000
60.000000000000,60.000000000000,0.000000000000
21.959577384300,16.691659156378,37.108839253551
60.000000000000,60.000000000000,60.000000000000
22.243428642573,0.208144109369,31.142273761222
60.000000000000,60.000000000000,0.000000000000
25.889283493185,39.842839478477,35.531885951108
60.000000000000,60.000000000000,60.000000000000
60.000000000000,60.000000000000,60.000000000000
60.000000000000,60.000000000000,60.000000000000
31.545879572144,5.018466222971,8.618852587110
37.556366627213,15.448232058348,54.427891755733
4.064055770656,0.200885477409,25.937424645863
60.000000000000,60.000000000000,60.000000000000
1.930629175127,37.793069341788,23.365310965563
14.480346500630,48.750792507506,21.331513686376
60.000000000000,60.000000000000,60.000000000000
60.000000000000,60.000000000000,60.000000000000
60.000000000000,60.000000000000,60.000000000000
60.000000000000,60.000000000000,60.000000000000
11.862916681288,2.177097816848,7.700231224740
60.000000000000,51.721836133437,60.000000000000
16.510487220187,60.000000000000,60.000000000000
1.712451737407,32.170696739592,55.791125848008
60.000000000000,60.000000000000,60.000000000000
60.000000000000,60.000000000000,0.000000000000
46.666294747464,56.688070652788,41.471456054780
60.000000000000,60.000000000000,0.000000000000
60.000000000000,60.000000000000,60.000000000000
27.493131465562,28.075247057010,20.762931818730
26.325668986577,40.268905011699,33.025875218146
60.000000000000,60.000000000000,60.000000000000
60.000000000000,60.000000000000,60.000000000000
60.000000000000,60.000000000000,60.000000000000
60.000000000000,60.000000000000,60.000000000000
60.000000000000,60.000000000000,60.000000000000
60.000000000000,60.000000000000,0.000000000000
60.000000000000,60.000000000000,60.000000000000
60.000000000000,60.000000000000,60.000000000000
60.000000000000,60.000000000000,0.000000000000
27.102551938472,46.205799375448,47.032520213550
60.000000000000,60.000000000000,60.000000000000
25.227973296976,15.900440762045,15.768460006716
60.000000000000,60.000000000000,0.000000000000
60.000000000000,60.000000000000,60.000000000000
0.170874251283,15.263198009259,33.673889894611
60.000000000000,60.000000000000,60.000000000000
60.000000000000,60.000000000000,60.000000000000
60.000000000000,60.000000000000,60.000000000000
60.000000000000,60.000000000000,60.000000000000
60.000000000000,60.000000000000,60.000000000000
60.000000000000,60.000000000000,60.000000000000
60.000000000000,60.000000000000,60.000000000000
60.000000000000,60.000000000000,60.000000000000
60.000000000000,60.000000000000,60.000000000000
0.000000000000,31.215719100301,14.665159363970
60.000000000000,60.000000000000,60.000000000000
60.000000000000,0.000000000000,60.000000000000
60.000000000000,60.000000000000,60.000000000000
60.000000000000,60.000000000000,60.000000000000
60.000000000000,60.000000000000,60.000000000000
60.000000000000,60.000000000000,60.000000000000
60.000000000000,60.000000000000,60.000000000000
60.000000000000,60.000000000000,60.000000000000
60.000000000000,60.000000000000,60.000000000000
60.000000000000,60.000000000000,60.000000000000
11.192529176027,28.694192982302,3.112280569442
30.315460606286,44.799529400959,36.435974259068
59.141248226898,47.457952209740,44.096101670610
60.000000000000,60.000000000000,60.000000000000
60.000000000000,60.000000000000,60.000000000000
60.000000000000,60.000000000000,60.000000000000
60.000000000000,60.000000000000,60.000000000000
60.000000000000,60.000000000000,0.000000000000
25.361655411847,44.377485904130,30.766715053773
60.000000000000,60.000000000000,60.000000000000
14.069697295458,56.408162853147,45.414386276156
60.000000000000,60.000000000000,60.000000000000
60.000000000000,60.000000000000,60.000000000000
60.000000000000,60.000000000000,60.000000000000
60.000000000000,60.000000000000,60.000000000000
27.096380751177,31.012022662501,16.418005205565
60.000000000000,60.000000000000,60.000000000000
22.218630778843,1.088301264990,33.687135317688
5.000987587287,55.655424866831,57.120845174647
60.000000000000,60.000000000000,60.000000000000
60.000000000000,60.000000000000,60.000000000000
60.000000000000,60.000000000000,60.000000000000
60.000000000000,60.000000000000,60.000000000000
58.090617390821,58.452051346719,38.175462677853
60.000000000000,60.000000000000,60.000000000000
60.000000000000,60.000000000000,60.000000000000
60.000000000000,60.000000000000,60.000000000000
60.000000000000,60.000000000000,60.000000000000
60.000000000000,60.000000000000,60.000000000000
60.000000000000,60.000000000000,60.000000000000
24.864737557468,52.645690426168,45.203801382854
30.911606289877,17.974080213550,34.774465092170
24.380752420573,13.488260353665,14.933303170854
60.000000000000,56.211667287374,29.074804996561
38.840822497614,16.637679789779,7.959212749466
60.000000000000,60.000000000000,60.000000000000
60.000000000000,60.000000000000,60.000000000000
60.000000000000,60.000000000000,0.000000000000
59.018842820686,53.848387950293,38.564440456926
60.000000000000,60.000000000000,60.000000000000
40.841863701414,49.547975341604,32.105389620612
14.334258274688,60.000000000000,34.831552347985
14.065491015803,60.000000000000,60.000000000000
60.000000000000,60.000000000000,60.000000000000
60.000000000000,60.000000000000,60.000000000000
60.000000000000,60.000000000000,60.000000000000
38.982809808875,34.484408970839,18.913423106537
60.000000000000,60.000000000000,60.000000000000
60.000000000000,60.000000000000,60.000000000000
44.804694708481,53.953797843087,18.911689823964
60.000000000000,60.000000000000,60.000000000000
60.000000000000,60.000000000000,60.000000000000
60.000000000000,60.000000000000,60.000000000000
60.000000000000,60.000000000000,60.000000000000
11.066780703038,2.517029573682,25.734252925784
5.483550747155,54.743072229594,20.627682760780
60.000000000000,60.000000000000,60.000000000000
60.000000000000,60.000000000000,60.000000000000
60.000000000000,60.000000000000,60.000000000000
60.000000000000,60.000000000000,60.000000000000
60.000000000000,60.000000000000,60.000000000000
60.000000000000,60.000000000000,60.000000000000
42.038919932047,52.431028105309,0.205676832453
60.000000000000,60.000000000000,60.000000000000
36.514545999191,41.456226319519,25.880678440270
60.000000000000,60.000000000000,60.000000000000
60.000000000000,60.000000000000,60.000000000000
60.000000000000,60.000000000000,60.000000000000
27.365719178552,23.168962935566,2.130226309810
60.000000000000,60.000000000000,60.000000000000
24.060826169365,54.850312148513,43.133683043198
60.000000000000,60.000000000000,0.000000000000
60.000000000000,60.000000000000,60.000000000000
30.629705831643,48.201326187460,34.895930978952
60.000000000000,60.000000000000,60.000000000000
60.000000000000,9.431649148358,28.222578705429
40.950618663748,52.345190488228,57.475451854149
35.409189312571,55.708210099783,3.699728830766
45.696479225117,44.660401130491,26.176603985704
60.000000000000,60.000000000000,60.000000000000
14.051022873038,30.018543467958,10.351263684551
8.363028447230,42.032343454219,22.679425254400
60.000000000000,60.000000000000,60.000000000000
60.000000000000,60.000000000000,60.000000000000
58.002756238567,50.915491399218,51.913988245404
60.000000000000,60.000000000000,60.000000000000
34.668508353367,17.799305416280,18.715934474572
5.706653289926,29.179442140910,60.000000000000
60.000000000000,60.000000000000,60.000000000000
60.000000000000,60.000000000000,60.000000000000
30.836861852860,7.370379394455,56.680096065033
60.000000000000,60.000000000000,60.000000000000
60.000000000000,60.000000000000,60.000000000000
60.000000000000,60.000000000000,60.000000000000
5.316227834808,60.000000000000,42.034263402815
60.000000000000,60.000000000000,60.000000000000
60.000000000000,60.000000000000,60.000000000000
60.000000000000,60.000000000000,60.000000000000
2.278654521436,46.104521421252,2.549379381310
60.000000000000,60.000000000000,60.000000000000
60.000000000000,60.000000000000,60.000000000000
60.000000000000,60.000000000000,60.000000000000
60.000000000000,60.000000000000,60.000000000000
27.353724177796,58.212776271481,9.493146649277
60.000000000000,60.000000000000,60.000000000000
60.000000000000,60.000000000000,60.000000000000
27.118018026750,28.258373153416,33.126238720663
34.519396523297,40.803747384528,36.476043597482
60.000000000000,60.000000000000,60.000000000000
60.000000000000,60.000000000000,60.000000000000
60.000000000000,60.000000000000,60.000000000000
60.000000000000,60.000000000000,60.000000000000
60.000000000000,60.000000000000,60.000000000000
57.619792488861,35.182891516564,55.678205925360
16.498628929033,50.276662517270,50.905266967855
60.000000000000,60.000000000000,60.000000000000
60.000000000000,60.000000000000,60.000000000000
60.000000000000,60.000000000000,60.000000000000
3.850113992436,8.199720794046,28.645328988904
60.000000000000,60.000000000000,60.000000000000
36.324970549743,5.633583042399,13.811660211365
60.000000000000,60.000000000000,60.000000000000
60.000000000000,60.000000000000,60.000000000000
34.512459211968,26.560638414917,32.230366083446
52.599388370153,8.151056205929,23.434992785560
60.000000000000,60.000000000000,60.000000000000
56.000000000000,57.480038680518,60.000000000000
60.000000000000,60.000000000000,60.000000000000
25.549356154661,27.141277822393,45.534322500967
60.000000000000,60.000000000000,60.000000000000
60.000000000000,60.000000000000,60.000000000000
60.000000000000,60.000000000000,60.000000000000
60.000000000000,60.000000000000,60.000000000000
3.842154470084,11.521770671541,27.850764199097
60.000000000000,60.000000000000,60.000000000000
5.256959183351,45.930967087017,1.824890097614
5.433830607959,24.877714200916,48.345109726689
60.000000000000,60.000000000000,60.000000000000
60.000000000000,60.000000000000,60.000000000000
25.504758067629,6.316613939269,21.185281398372
60.000000000000,60.000000000000,60.000000000000
60.000000000000,60.000000000000,60.000000000000
54.111685450412,16.493198605775,38.302814399237
34.167334739400,25.771648079508,27.922447668614
29.245548243641,31.898516669918,42.886144225217
60.000000000000,60.000000000000,60.000000000000
15.317224560507,40.028920966206,13.195864726796
60.000000000000,60.000000000000,60.000000000000
60.000000000000,60.000000000000,60.000000000000
60.000000000000,60.000000000000,60.000000000000
60.000000000000,60.000000000000,60.000000000000
60.000000000000,60.000000000000,60.000000000000
60.000000000000,60.000000000000,60.000000000000
39.226811419076,6.187520561411,27.681390550176
60.000000000000,60.000000000000,60.000000000000
26.365772290753,5.697983025851,52.630537810367
60.000000000000,60.000000000000,60.000000000000
0.000000000000,60.000000000000,40.239487827729
0.000000000000,60.000000000000,60.000000000000
60.000000000000,60.000000000000,60.000000000000
60.000000000000,60.000000000000,60.000000000000
25.692312587640,43.366238997452,5.410061246092
60.000000000000,14.396667281338,22.485337083434
60.000000000000,60.000000000000,60.000000000000
6.011714688658,52.772349783032,20.968189163234
60.000000000000,60.000000000000,60.000000000000
22.839428314451,34.930434217517,51.176286594030
60.000000000000,60.000000000000,60.000000000000
60.000000000000,60.000000000000,60.000000000000
60.000000000000,60.000000000000,60.000000000000
60.000000000000,60.000000000000,60.000000000000
60.000000000000,60.000000000000,0.000000000000
21.274378826172,1.173368326125,16.015976990152
54.488401828156,26.588098941076,51.776716471318
60.000000000000,60.000000000000,60.000000000000
60.000000000000,60.000000000000,60.000000000000
60.000000000000,60.000000000000,60.000000000000
57.105119662824,4.362808745936,7.612672392628
60.000000000000,60.000000000000,60.000000000000
60.000000000000,60.000000000000,60.000000000000
33.028437299075,3.284733473779,29.821456328584
60.000000000000,60.000000000000,0.000000000000
60.000000000000,60.000000000000,60.000000000000
60.000000000000,60.000000000000,60.000000000000
4.546582739910,10.870893752315,23.056195604419
60.000000000000,60.000000000000,60.000000000000
60.000000000000,60.000000000000,60.000000000000
35.871859091089,29.735022288119,20.170845691668
10.521396367521,41.098658619293,16.189022273187
55.136394955497,49.289752209140,20.023618987467
60.000000000000,60.000000000000,60.000000000000
55.767891146732,36.305933050353,25.174569504166
60.000000000000,60.000000000000,60.000000000000
60.000000000000,60.000000000000,60.000000000000
60.000000000000,60.000000000000,60.000000000000
0.000000000000,0.000000000000,0.000000000000
35.571794533487,1.454566042739,15.380842668098
60.000000000000,60.000000000000,60.000000000000
48.710857985695,4.305794351123,23.101812357425
40.212741488240,47.815732319074,5.064180426253
34.577768335674,16.043965149786,60.000000000000
60.000000000000,60.000000000000,60.000000000000
34.635190719816,4.098469176509,17.865991807598
60.000000000000,60.000000000000,60.000000000000
60.000000000000,60.000000000000,60.000000000000
60.000000000000,60.000000000000,60.000000000000
60.000000000000,60.000000000000,60.000000000000
57.791419137291,14.438416027739,47.252193006574
60.000000000000,60.000000000000,60.000000000000
60.000000000000,60.000000000000,60.000000000000
19.613009881420,24.697400785089,58.355845147814
23.645833176786,56.484774947277,13.610816814884
60.000000000000,60.000000000000,60.000000000000
28.500706617608,37.933364122253,42.977706905243
33.847318432821,60.000000000000,27.067375332791
60.000000000000,60.000000000000,60.000000000000
60.000000000000,60.000000000000,60.000000000000
60.000000000000,60.000000000000,60.000000000000
60.000000000000,60.000000000000,60.000000000000
60.000000000000,60.000000000000,60.000000000000
18.442377034614,13.092453856237,11.400415828155
60.000000000000,60.000000000000,60.000000000000
37.754510231091,32.248588917344,54.113315096917
60.000000000000,60.000000000000,60.000000000000
60.000000000000,60.000000000000,60.000000000000
60.000000000000,60.000000000000,60.000000000000
36.691301680754,57.656795046215,52.703890284997
60.000000000000,60.000000000000,60.000000000000
44.221645130896,17.447558174520,11.949428488857
45.410720761383,31.318908292172,3.159268246408
34.551944986458,0.458137031629,18.164628589661
60.000000000000,60.000000000000,60.000000000000
60.000000000000,60.000000000000,60.000000000000
0.000000000000,0.000000000000,0.000000000000
30.281154713730,9.169542102369,27.081071778127
60.000000000000,60.000000000000,60.000000000000
60.000000000000,60.000000000000,60.000000000000
60.000000000000,60.000000000000,60.000000000000
60.000000000000,60.000000000000,60.000000000000
42.052743010857,54.658270256354,45.554735892618
60.000000000000,60.000000000000,60.000000000000
36.811111912197,11.174715311614,28.591136245290
60.000000000000,60.000000000000,60.000000000000
60.000000000000,60.000000000000,60.000000000000
60.000000000000,60.000000000000,60.000000000000
60.000000000000,60.000000000000,60.000000000000
11.733397987772,12.585558663636,47.448406179968
49.632083230667,33.912695318042,9.081618468295
60.000000000000,60.000000000000,60.000000000000
60.000000000000,60.000000000000,60.000000000000
60.000000000000,60.000000000000,60.000000000000
60.000000000000,60.000000000000,60.000000000000
60.000000000000,60.000000000000,60.000000000000
8.195832208689,10.826312192820,17.985033821132
28.206504995954,35.700585349415,22.016123738214
34.805535887554,32.138066283403,33.487053974083
36.871932710884,41.532303983342,38.171120535188
10.486266548669,23.991014583658,41.816641530145
53.536781874892,16.819155050544,33.451068131117
60.000000000000,60.000000000000,60.000000000000
27.111110378538,41.537289640020,2.926379888155
60.000000000000,60.000000000000,60.000000000000
60.000000000000,60.000000000000,60.000000000000
12.359313524695,38.237194058600,25.295211954775
60.000000000000,60.000000000000,60.000000000000
58.653092031079,32.274494606954,15.495967727209
60.000000000000,60.000000000000,60.000000000000
60.000000000000,60.000000000000,60.000000000000
60.000000000000,60.000000000000,60.000000000000
60.000000000000,60.000000000000,60.000000000000
60.000000000000,60.000000000000,60.000000000000
48.041306416541,49.112028881576,38.488965535105
60.000000000000,0.000000000000,60.000000000000
60.000000000000,60.000000000000,0.000000000000
60.000000000000,60.000000000000,60.000000000000
60.000000000000,60.000000000000,60.000000000000
60.000000000000,60.000000000000,0.000000000000
60.000000000000,60.000000000000,60.000000000000
22.522740328944,6.753829032623,37.184785148710
8.170374179739,7.325716615888,59.709040831082
60.000000000000,60.000000000000,60.000000000000
14.686648671390,9.077127259297,50.614907331721
60.000000000000,60.000000000000,60.000000000000
60.000000000000,60.000000000000,60.000000000000
60.000000000000,60.000000000000,60.000000000000
39.454963758182,30.627476311654,13.814930397002
0.954263515092,53.168605056139,59.885339664925
31.026265618068,36.886177907063,4.041136573435
0.000000000000,60.000000000000,60.000000000000
31.289460205301,10.704953766522,23.664920427877
60.000000000000,60.000000000000,60.000000000000
42.450543384711,60.000000000000,12.603748276139
60.000000000000,60.000000000000,60.000000000000
60.000000000000,60.000000000000,60.000000000000
57.278781679014,42.529075990526,6.874699610440
38.559986836334,38.010311820513,42.847916343438
60.000000000000,60.000000000000,60.000000000000
60.000000000000,60.000000000000,60.000000000000
60.000000000000,60.000000000000,60.000000000000
60.000000000000,60.000000000000,60.000000000000
60.000000000000,60.000000000000,60.000000000000
60.000000000000,60.000000000000,60.000000000000
60.000000000000,60.000000000000,60.000000000000
0.000000000000,60.000000000000,60.000000000000
60.000000000000,60.000000000000,60.000000000000
60.000000000000,60.000000000000,60.000000000000
60.000000000000,60.000000000000,60.000000000000
60.000000000000,60.000000000000,60.000000000000
60.000000000000,60.000000000000,60.000000000000
60.000000000000,60.000000000000,60.000000000000
60.000000000000,60.000000000000,60.000000000000
60.000000000000,60.000000000000,60.000000000000
60.000000000000,60.000000000000,60.000000000000
60.000000000000,60.000000000000,60.000000000000
18.255573653406,32.288186801828,51.575147275553
31.130034352165,20.210085098930,19.096315459623
60.000000000000,60.000000000000,60.000000000000
34.883516059763,26.063627107673,57.332668447985
60.000000000000,60.000000000000,60.000000000000
0.000000000000,60.000000000000,7.890627987866
60.000000000000,60.000000000000,60.000000000000
60.000000000000,60.000000000000,60.000000000000
60.000000000000,60.000000000000,60.000000000000
60.000000000000,60.000000000000,60.000000000000
14.101433236727,30.211346641381,23.868601771837
60.000000000000,60.000000000000,60.000000000000
60.000000000000,60.000000000000,60.000000000000
60.000000000000,60.000000000000,60.000000000000
60.000000000000,60.000000000000,60.000000000000
60.000000000000,60.000000000000,60.000000000000
60.000000000000,60.000000000000,60.000000000000
60.000000000000,60.000000000000,60.000000000000
60.000000000000,60.000000000000,60.000000000000
60.000000000000,60.000000000000,60.000000000000
60.000000000000,60.000000000000,60.000000000000
50.679338159751,24.687447996279,11.728843471347
16.753276097287,20.464750468938,32.979469175071
60.000000000000,60.000000000000,60.000000000000
11.169413863572,31.489641466981,12.185398571442
60.000000000000,60.000000000000,60.000000000000
60.000000000000,60.000000000000,60.000000000000
60.000000000000,33.578749464535,27.611031913742
37.883737303417,8.941614866867,27.602367979290
60.000000000000,60.000000000000,60.000000000000
60.000000000000,60.000000000000,60.000000000000
60.000000000000,60.000000000000,60.000000000000
31.783674923343,20.772010716131,9.628375366599
60.000000000000,60.000000000000,60.000000000000
60.000000000000,60.000000000000,60.000000000000
60.000000000000,60.000000000000,60.000000000000
60.000000000000,60.000000000000,60.000000000000
33.945242803335,40.514082482351,13.306769908089
60.000000000000,60.000000000000,60.000000000000
0.000000000000,60.000000000000,60.000000000000
60.000000000000,60.000000000000,60.000000000000
5.413642460128,54.636892001971,56.343433433227
60.000000000000,60.000000000000,60.000000000000
51.738353034125,60.000000000000,29.178080297398
60.000000000000,60.000000000000,60.000000000000
60.000000000000,60.000000000000,60.000000000000
60.000000000000,60.000000000000,60.000000000000
60.000000000000,60.000000000000,60.000000000000
60.000000000000,60.000000000000,60.000000000000
60.000000000000,60.000000000000,60.000000000000
60.000000000000,60.000000000000,60.000000000000
35.500675945185,39.660168421595,34.505156953087
34.651296049389,27.291420470998,60.000000000000
60.000000000000,60.000000000000,60.000000000000
60.000000000000,60.000000000000,60.000000000000
60.000000000000,60.000000000000,60.000000000000
60.000000000000,60.000000000000,60.000000000000
60.000000000000,60.000000000000,60.000000000000
60.000000000000,60.000000000000,60.000000000000
32.354993665248,10.814703587120,36.878266214249
60.000000000000,60.000000000000,60.000000000000
60.000000000000,0.000000000000,20.539198825198
60.000000000000,60.000000000000,60.000000000000
52.537797591896,4.710762143393,16.145539751884
26.259678837110,3.361200033161,39.457308769743
60.000000000000,60.000000000000,0.000000000000
1.494493526990,60.000000000000,0.000000000000
60.000000000000,60.000000000000,60.000000000000
60.000000000000,60.000000000000,60.000000000000
60.000000000000,60.000000000000,47.707015138492
60.000000000000,60.000000000000,60.000000000000
40.510521889049,22.069295930555,52.785930066943
14.070191805267,36.251874394637,54.284948615102
60.000000000000,60.000000000000,60.000000000000
60.000000000000,60.000000000000,60.000000000000
60.000000000000,60.000000000000,60.000000000000
49.973148906096,13.385704713747,4.080729518570
60.000000000000,60.000000000000,60.000000000000
60.000000000000,60.000000000000,60.000000000000
60.000000000000,60.000000000000,60.000000000000
60.000000000000,60.000000000000,60.000000000000
60.000000000000,60.000000000000,60.000000000000
39.850864396110,29.868834463493,52.060787181100
3.892384468690,51.939673739825,53.454768071265
35.835582058500,32.722548786624,41.618069296647
60.000000000000,60.000000000000,60.000000000000
60.000000000000,60.000000000000,60.000000000000
60.000000000000,60.000000000000,60.000000000000
60.000000000000,60.000000000000,60.000000000000
60.000000000000,60.000000000000,60.000000000000
60.000000000000,60.000000000000,60.000000000000
60.000000000000,60.000000000000,60.000000000000
44.833544226396,54.473186602616,26.995922164807
60.000000000000,60.000000000000,60.000000000000
43.266488203313,9.549995828831,22.632280014196
3.265754577182,60.000000000000,46.036866201000
60.000000000000,60.000000000000,60.000000000000
60.000000000000,60.000000000000,60.000000000000
8.109205497872,50.968808396697,54.868943699197
60.000000000000,60.000000000000,60.000000000000
46.649701834437,30.888191398340,54.526552168622
60.000000000000,60.000000000000,60.000000000000
15.296391762157,23.012028984253,51.030912918584
60.000000000000,60.000000000000,60.000000000000
60.000000000000,60.000000000000,60.000000000000
30.149061687034,51.435337926864,53.849543639579
37.125774643187,53.257012364729,41.399984367315
60.000000000000,60.000000000000,60.000000000000
60.000000000000,60.000000000000,60.000000000000
41.097286536370,57.508624884555,54.237787299090
56.880875858053,15.306396055014,49.921751513425
60.000000000000,5.693235476298,0.000000000000
60.000000000000,60.000000000000,60.000000000000
60.000000000000,53.294624743737,60.000000000000
55.698000706714,1.174643909354,18.028085868538
60.000000000000,60.000000000000,0.000000000000
60.000000000000,60.000000000000,60.000000000000
60.000000000000,60.000000000000,60.000000000000
60.000000000000,60.000000000000,60.000000000000
20.624614679540,50.787756720160,24.712685766145
46.064422642589,56.773344907977,11.017421804988
40.045504675443,57.406745034290,24.691968388149
57.044571148738,1.526850648312,11.762536408994
60.000000000000,60.000000000000,60.000000000000
35.186853570261,57.998665122182,49.697447277605
60.000000000000,60.000000000000,60.000000000000
60.000000000000,60.000000000000,60.000000000000
54.673824462358,9.010542729464,28.148356187000
30.130465413219,36.867382978983,2.670705660119
25.904979238395,35.316131720880,37.216784450189
60.000000000000,60.000000000000,60.000000000000
60.000000000000,60.000000000000,60.000000000000
60.000000000000,60.000000000000,60.000000000000
60.000000000000,60.000000000000,60.000000000000
60.000000000000,60.000000000000,60.000000000000
47.098082283548,8.698347350264,42.678429302111
60.000000000000,53.095505734618,38.221875153686
60.000000000000,32.022108198097,60.000000000000
60.000000000000,0.000000000000,47.699797031429
60.000000000000,60.000000000000,60.000000000000
60.000000000000,60.000000000000,60.000000000000
60.000000000000,60.000000000000,60.000000000000
19.595600765208,8.599567466041,55.366314156944
60.000000000000,60.000000000000,60.000000000000
60.000000000000,60.000000000000,60.000000000000
60.000000000000,60.000000000000,60.000000000000
60.000000000000,60.000000000000,60.000000000000
60.000000000000,60.000000000000,60.000000000000
0.039528215029,27.722448529852,27.734384113033
60.000000000000,60.000000000000,60.000000000000
60.000000000000,60.000000000000,60.000000000000
1.971813211024,39.492592354427,4.728115572087
60.000000000000,60.000000000000,60.000000000000
60.000000000000,60.000000000000,60.000000000000
60.000000000000,60.000000000000,60.000000000000
60.000000000000,60.000000000000,60.000000000000
60.000000000000,60.000000000000,60.000000000000
38.716689683397,12.376178529426,15.890756388740
60.000000000000,60.000000000000,60.000000000000
60.000000000000,60.000000000000,0.000000000000
60.000000000000,60.000000000000,0.000000000000
56.608487099631,13.803305868859,42.658005749739
60.000000000000,60.000000000000,60.000000000000
60.000000000000,60.000000000000,60.000000000000
60.000000000000,60.000000000000,60.000000000000
12.773718172269,47.099984076507,20.960040707612
60.000000000000,60.000000000000,0.000000000000
60.000000000000,60.000000000000,60.000000000000
60.000000000000,60.000000000000,60.000000000000
60.000000000000,60.000000000000,60.000000000000
36.752250786154,38.587402696563,5.070754696097
60.000000000000,60.000000000000,60.000000000000
2.080498721532,20.943618920915,11.393081556555
60.000000000000,60.000000000000,60.000000000000
45.244471909065,0.012538240932,26.681854515055
60.000000000000,60.000000000000,60.000000000000
60.000000000000,60.000000000000,60.000000000000
60.000000000000,60.000000000000,60.000000000000
60.000000000000,60.000000000000,60.000000000000
60.000000000000,60.000000000000,60.000000000000
39.055925845500,4.350630456395,24.166991373893
49.003979038263,20.966031832812,21.151795054267
49.854885627079,58.054506264156,2.787346522196
60.000000000000,60.000000000000,60.000000000000
60.000000000000,60.000000000000,60.000000000000
60.000000000000,60.000000000000,60.000000000000
60.000000000000,60.000000000000,60.000000000000
37.293059487108,19.428350487441,52.119488156470
60.000000000000,60.000000000000,60.000000000000
60.000000000000,60.000000000000,60.000000000000
60.000000000000,60.000000000000,60.000000000000
60.000000000000,60.000000000000,60.000000000000
60.000000000000,60.000000000000,60.000000000000
60.000000000000,60.000000000000,60.000000000000
60.000000000000,60.000000000000,60.000000000000
57.001953594283,19.974725006827,42.102346258384
43.301094294815,10.922431016559,39.713471253318
60.000000000000,60.000000000000,60.000000000000
60.000000000000,60.000000000000,60.000000000000
60.000000000000,60.000000000000,60.000000000000
60.000000000000,60.000000000000,60.000000000000
60.000000000000,60.000000000000,60.000000000000
60.000000000000,60.000000000000,60.000000000000
27.778400627853,5.837857397407,60.000000000000
16.162938543548,42.462866507958,50.668366310649
43.776133245375,29.185550429545,26.556185939940
28.740891992190,3.873960382260,22.680486990893
60.000000000000,60.000000000000,60.000000000000
50.979414036119,20.041699750129,37.478537882321
60.000000000000,60.000000000000,60.000000000000
16.172779629322,19.560374549682,18.668477609434
25.277546441085,14.149587451429,32.410463806189
60.000000000000,60.000000000000,60.000000000000
60.000000000000,60.000000000000,60.000000000000
41.528464105192,43.577487672885,39.344923349669
12.653732758342,50.930939458152,14.267854299078
41.307168998190,2.677367706511,6.830328845332
21.832443690324,0.000000000000,20.979095112673
60.000000000000,60.000000000000,60.000000000000
39.305497921760,7.607000685806,13.974798985224
44.416146478169,38.188506140731,35.181973043234
60.000000000000,60.000000000000,60.000000000000
60.000000000000,60.000000000000,60.000000000000
60.000000000000,60.000000000000,60.000000000000
25.281470948533,7.663022597208,8.341376274010
46.604993910392,45.379245126880,20.110680854164
19.800617043447,41.063625491668,34.163407296367
60.000000000000,60.000000000000,60.000000000000
29.198049651287,15.470634349357,7.880143790549
54.020416605324,51.143437826350,2.539157023263
60.000000000000,60.000000000000,60.000000000000
59.675884671291,38.352132116907,37.867399615742
60.000000000000,60.000000000000,60.000000000000
60.000000000000,60.000000000000,60.000000000000
60.000000000000,60.000000000000,60.000000000000
60.000000000000,60.000000000000,60.000000000000
60.000000000000,60.000000000000,60.000000000000
0.000000000000,33.885394569668,60.000000000000
60.000000000000,60.000000000000,60.000000000000
60.000000000000,60.000000000000,60.000000000000
0.000000000000,60.000000000000,60.000000000000
15.279563448631,11.047562395537,29.812113934854
14.218821679866,31.188083429605,20.864534955314
60.000000000000,60.000000000000,60.000000000000
60.000000000000,60.000000000000,60.000000000000
60.000000000000,60.000000000000,60.000000000000
60.000000000000,60.000000000000,60.000000000000
8.011826317901,10.226523094219,15.825312514286
60.000000000000,60.000000000000,60.000000000000
60.000000000000,60.000000000000,60.000000000000
60.000000000000,60.000000000000,60.000000000000
60.000000000000,60.000000000000,60.000000000000
60.000000000000,60.000000000000,60.000000000000
60.000000000000,60.000000000000,60.000000000000
37.765903318095,40.960636458464,30.227523305133
60.000000000000,60.000000000000,60.000000000000
33.132280090771,26.554874920892,50.105049860994
60.000000000000,60.000000000000,0.000000000000
60.000000000000,60.000000000000,60.000000000000
60.000000000000,60.000000000000,0.000000000000
4.870726236526,32.076059977881,53.084203071115
60.000000000000,60.000000000000,60.000000000000
60.000000000000,60.000000000000,60.000000000000
54.756571466610,26.590599064401,60.000000000000
60.000000000000,60.000000000000,60.000000000000
60.000000000000,60.000000000000,60.000000000000
60.000000000000,60.000000000000,60.000000000000
32.890635485325,3.411185741003,12.755468155248
47.348387525274,5.934258169421,35.608820809539
60.000000000000,60.000000000000,60.000000000000
24.108956725363,20.756356044893,60.000000000000
60.000000000000,60.000000000000,60.000000000000
60.000000000000,60.000000000000,60.000000000000
60.000000000000,60.000000000000,60.000000000000
60.000000000000,60.000000000000,60.000000000000
60.000000000000,60.000000000000,60.000000000000
0.632834092630,21.456467866277,55.225079892295
60.000000000000,60.000000000000,60.000000000000
60.000000000000,60.000000000000,60.000000000000
8.413373876132,44.806317083050,50.341874800236
60.000000000000,60.000000000000,60.000000000000
60.000000000000,60.000000000000,60.000000000000
60.000000000000,60.000000000000,60.000000000000
30.562110545152,27.199401455726,48.803405602924
60.000000000000,60.000000000000,60.000000000000
60.000000000000,60.000000000000,60.000000000000
60.000000000000,60.000000000000,60.000000000000
30.509013707882,32.778117841799,60.000000000000
60.000000000000,60.000000000000,60.000000000000
60.000000000000,60.000000000000,60.000000000000
48.415378288916,30.171610622176,16.645582874147
60.000000000000,60.000000000000,60.000000000000
60.000000000000,60.000000000000,60.000000000000
60.000000000000,60.000000000000,60.000000000000
60.000000000000,60.000000000000,60.000000000000
60.000000000000,60.000000000000,60.000000000000
60.000000000000,60.000000000000,60.000000000000
60.000000000000,60.000000000000,60.000000000000
48.798259932691,12.405310336761,39.887482834698
60.000000000000,60.000000000000,60.000000000000
60.000000000000,60.000000000000,60.000000000000
60.000000000000,60.000000000000,60.000000000000
8.971262348298,41.204961612334,51.445345710639
60.000000000000,60.000000000000,60.000000000000
60.000000000000,60.000000000000,60.000000000000
60.000000000000,60.000000000000,60.000000000000
60.000000000000,60.000000000000,60.000000000000
60.000000000000,60.000000000000,60.000000000000
53.574558571757,1.139077944893,15.215590184095
60.000000000000,60.000000000000,60.000000000000
3.921418680013,17.831074821818,45.097335748725
48.868267887240,33.139965628465,12.760163566262
56.626167265835,40.254218921805,10.129266333937
60.000000000000,60.000000000000,60.000000000000
60.000000000000,60.000000000000,60.000000000000
60.000000000000,60.000000000000,60.000000000000
60.000000000000,60.000000000000,60.000000000000
48.126374444901,60.000000000000,29.782945403406
60.000000000000,60.000000000000,60.000000000000
0.000000000000,32.192089621295,60.000000000000
60.000000000000,60.000000000000,60.000000000000
5.495788993022,18.366175982520,0.000000000000
60.000000000000,60.000000000000,60.000000000000
60.000000000000,60.000000000000,60.000000000000
60.000000000000,60.000000000000,60.000000000000
60.000000000000,60.000000000000,60.000000000000
60.000000000000,60.000000000000,60.000000000000
15.580574218291,4.678108515638,4.080109506341
60.000000000000,60.000000000000,60.000000000000
60.000000000000,60.000000000000,60.000000000000
5.377716061390,36.142454292142,55.767963100501
60.000000000000,60.000000000000,60.000000000000
51.714193299352,56.275579030924,44.981433911721
60.000000000000,60.000000000000,60.000000000000
60.000000000000,60.000000000000,60.000000000000
60.000000000000,60.000000000000,60.000000000000
60.000000000000,60.000000000000,60.000000000000
53.606148643824,9.089576320673,39.193447310081
1.053898284127,28.464796889289,21.027707239284
8.983064600458,55.806411029561,14.578054920082
60.000000000000,60.000000000000,60.000000000000
44.506388284546,45.848182763615,49.265825712629
38.664320396380,60.000000000000,45.412934656193
60.000000000000,60.000000000000,60.000000000000
12.395305198858,27.577241828167,51.142060530749
60.000000000000,60.000000000000,60.000000000000
20.518067144463,18.741330717462,10.477139582430
4.091394481385,0.262481237407,49.765952374846
60.000000000000,60.000000000000,60.000000000000
60.000000000000,60.000000000000,60.000000000000
3.561341773402,43.270321134914,21.131735074677
6.148566032084,9.776977903830,16.315040189117
60.000000000000,60.000000000000,60.000000000000
26.555587706829,29.913611129094,37.628879875880
28.142991273302,26.683538967177,31.268945084399
60.000000000000,60.000000000000,60.000000000000
60.000000000000,60.000000000000,60.000000000000
1.145531442189,0.548201176366,60.000000000000
22.449169981989,60.000000000000,60.000000000000
60.000000000000,60.000000000000,60.000000000000
60.000000000000,60.000000000000,60.000000000000
60.000000000000,60.000000000000,60.000000000000
60.000000000000,60.000000000000,60.000000000000
26.210851166040,27.009510215582,47.195086354802
21.013713330855,0.854720984578,2.292908730355
60.000000000000,60.000000000000,60.000000000000
60.000000000000,60.000000000000,60.000000000000
60.000000000000,60.000000000000,60.000000000000
60.000000000000,60.000000000000,60.000000000000
17.991244440628,39.941083270138,45.257509492205
60.000000000000,60.000000000000,60.000000000000
60.000000000000,60.000000000000,0.000000000000
60.000000000000,60.000000000000,60.000000000000
60.000000000000,60.000000000000,60.000000000000
60.000000000000,60.000000000000,60.000000000000
60.000000000000,60.000000000000,0.000000000000
46.789800618814,60.000000000000,48.306671074086
60.000000000000,60.000000000000,60.000000000000
52.494097777635,32.576680149985,39.177090262103
0.000000000000,60.000000000000,60.000000000000
35.036167053530,28.440330946713,42.500971925211
60.000000000000,60.000000000000,60.000000000000
60.000000000000,60.000000000000,60.000000000000
60.000000000000,60.000000000000,60.000000000000
60.000000000000,60.000000000000,60.000000000000
60.000000000000,60.000000000000,60.000000000000
53.481821751184,16.079744079388,55.488926682517
60.000000000000,60.000000000000,0.000000000000
60.000000000000,60.000000000000,60.000000000000
60.000000000000,60.000000000000,0.000000000000
60.000000000000,60.000000000000,60.000000000000
60.000000000000,60.000000000000,60.000000000000
60.000000000000,60.000000000000,0.000000000000
60.000000000000,60.000000000000,60.000000000000
55.866780200363,54.586022787076,26.706936102825
60.000000000000,60.000000000000,0.000000000000
60.000000000000,60.000000000000,60.000000000000
60.000000000000,60.000000000000,60.000000000000
57.283886517799,6.690805463581,15.927563112033
60.000000000000,60.000000000000,60.000000000000
41.656626983344,6.093204003022,39.455757041801
60.000000000000,60.000000000000,0.000000000000
0.000000000000,60.000000000000,60.000000000000
43.712786598271,36.525015727049,55.255019187113
60.000000000000,60.000000000000,0.000000000000
0.000000000000,60.000000000000,60.000000000000
48.458351345554,57.110699596717,29.897882415807
60.000000000000,58.660036670541,48.263702403231
60.000000000000,60.000000000000,0.000000000000
58.295700372333,29.687372326079,14.695400764927
60.000000000000,60.000000000000,60.000000000000
33.239395045600,51.720403801178,26.857465529629
60.000000000000,60.000000000000,60.000000000000
60.000000000000,60.000000000000,60.000000000000
60.000000000000,60.000000000000,60.000000000000
60.000000000000,60.000000000000,60.000000000000
60.000000000000,60.000000000000,60.000000000000
60.000000000000,60.000000000000,60.000000000000
42.107902096386,5.203020416149,55.092443810108
5.361960911699,18.842692910480,16.207947738595
60.000000000000,60.000000000000,60.000000000000
60.000000000000,60.000000000000,60.000000000000
8.697553845330,50.107679291053,56.190041972189
38.198424632893,51.010516091743,35.091065223029
60.000000000000,60.000000000000,33.976156063370
37.097286529676,47.754388701278,53.740355614879
54.288814179680,30.834310854756,53.541289182062
43.694049962101,29.865060483071,60.000000000000
58.854304258486,25.520470335116,7.193988146542
60.000000000000,60.000000000000,60.000000000000
60.000000000000,60.000000000000,60.000000000000
60.000000000000,60.000000000000,60.000000000000
60.000000000000,60.000000000000,0.000000000000
60.000000000000,60.000000000000,0.000000000000
16.724244496410,21.836788493650,7.473475450926
60.000000000000,60.000000000000,60.000000000000
60.000000000000,60.000000000000,60.000000000000
60.000000000000,60.000000000000,60.000000000000
60.000000000000,60.000000000000,60.000000000000
26.037351261020,17.684493884074,11.653546375407
7.258704245502,56.473311980746,19.563041698462
60.000000000000,60.000000000000,60.000000000000
60.000000000000,60.000000000000,0.000000000000
47.918879859219,44.482108202821,17.746849491553
60.000000000000,60.000000000000,60.000000000000
32.406381215354,31.763435738722,45.595468898201
58.936068476569,55.162497237550,1.145323643954
60.000000000000,60.000000000000,60.000000000000
22.959337610629,30.583550481845,35.436994759444
60.000000000000,60.000000000000,0.000000000000
60.000000000000,60.000000000000,60.000000000000
60.000000000000,60.000000000000,60.000000000000
60.000000000000,60.000000000000,0.000000000000
60.000000000000,60.000000000000,0.000000000000
51.602327160245,30.161695386691,44.463690472519
60.000000000000,60.000000000000,0.000000000000
60.000000000000,60.000000000000,60.000000000000
60.000000000000,60.000000000000,60.000000000000
60.000000000000,60.000000000000,60.000000000000
60.000000000000,60.000000000000,60.000000000000
60.000000000000,60.000000000000,60.000000000000
56.709390975470,4.490354527466,32.016140225204
17.264982422151,12.630965576449,54.571915154239
0.601394874257,28.543290451847,56.432218355186
60.000000000000,60.000000000000,60.000000000000
60.000000000000,60.000000000000,60.000000000000
43.837751076753,51.895391382021,34.165727880375
49.669544270567,10.272176386681,9.987216655800
60.000000000000,60.000000000000,60.000000000000
60.000000000000,60.000000000000,60.000000000000
60.000000000000,60.000000000000,60.000000000000
60.000000000000,60.000000000000,0.000000000000
60.000000000000,60.000000000000,60.000000000000
60.000000000000,60.000000000000,60.000000000000
60.000000000000,60.000000000000,60.000000000000
50.805086038837,39.700362864143,55.567425219715
60.000000000000,60.000000000000,60.000000000000
60.000000000000,60.000000000000,60.000000000000
6.793477909940,33.013966745487,34.813048958455
60.000000000000,60.000000000000,60.000000000000
60.000000000000,60.000000000000,60.000000000000
60.000000000000,60.000000000000,60.000000000000
60.000000000000,60.000000000000,60.000000000000
0.000000000000,60.000000000000,60.000000000000
60.000000000000,60.000000000000,60.000000000000
60.000000000000,60.000000000000,60.000000000000
60.000000000000,60.000000000000,60.000000000000
60.000000000000,60.000000000000,60.000000000000
51.607159712504,56.921396524593,12.415918893953
60.000000000000,60.000000000000,60.000000000000
13.367923983404,21.585355460265,36.215480001802
60.000000000000,60.000000000000,60.000000000000
60.000000000000,60.000000000000,0.000000000000
60.000000000000,60.000000000000,60.000000000000
60.000000000000,60.000000000000,60.000000000000
60.000000000000,60.000000000000,60.000000000000
60.000000000000,60.000000000000,60.000000000000
58.232367198956,8.262020300696,47.788343261814
60.000000000000,60.000000000000,60.000000000000
15.130912562308,14.707928939171,44.117446294844
60.000000000000,60.000000000000,60.000000000000
60.000000000000,60.000000000000,60.000000000000
44.015209379167,40.232605446873,20.495838214999
60.000000000000,60.000000000000,60.000000000000
0.000000000000,60.000000000000,60.000000000000
60.000000000000,60.000000000000,60.000000000000
60.000000000000,60.000000000000,0.000000000000
60.000000000000,60.000000000000,60.000000000000
60.000000000000,60.000000000000,60.000000000000
60.000000000000,60.000000000000,60.000000000000
60.000000000000,60.000000000000,60.000000000000
21.136315538693,51.562645836023,11.107892922584
1.671801490337,7.806854858962,20.950027660390
60.000000000000,60.000000000000,60.000000000000
60.000000000000,60.000000000000,60.000000000000
60.000000000000,60.000000000000,60.000000000000
60.000000000000,60.000000000000,60.000000000000
60.000000000000,60.000000000000,0.000000000000
32.083177718177,50.593705572998,22.029721026082
60.000000000000,60.000000000000,60.000000000000
60.000000000000,60.000000000000,60.000000000000
60.000000000000,60.000000000000,60.000000000000
37.236525327675,48.156537357199,39.768929549985
60.000000000000,60.000000000000,0.000000000000
17.128621737212,18.575543664698,40.378890429312
60.000000000000,60.000000000000,60.000000000000
60.000000000000,60.000000000000,0.000000000000
60.000000000000,60.000000000000,60.000000000000
59.015594258917,55.675378802423,24.598889872582
60.000000000000,60.000000000000,60.000000000000
60.000000000000,60.000000000000,60.000000000000
60.000000000000,60.000000000000,60.000000000000
6.287220845078,50.486214504126,29.994190498005
60.000000000000,60.000000000000,60.000000000000
5.103952013560,49.103950002749,27.381738426189
34.804761927059,10.751234936318,48.914322433671
54.872879625159,24.694460840984,0.123856354153
60.000000000000,60.000000000000,60.000000000000
19.945926953432,47.987222015820,13.258264938404
60.000000000000,60.000000000000,60.000000000000
60.000000000000,60.000000000000,60.000000000000
51.141074149966,37.214367146797,7.465368783727
60.000000000000,60.000000000000,60.000000000000
60.000000000000,60.000000000000,60.000000000000
60.000000000000,60.000000000000,0.000000000000
60.000000000000,60.000000000000,0.000000000000
30.658944767830,53.581140878387,52.529963122859
8.879105385178,0.715649395795,43.529777692657
60.000000000000,60.000000000000,60.000000000000
60.000000000000,60.000000000000,60.000000000000
44.790424637914,4.477654903491,34.570072948635
60.000000000000,60.000000000000,0.000000000000
60.000000000000,60.000000000000,0.000000000000
60.000000000000,60.000000000000,60.000000000000
8.226972144371,45.454637233944,51.847427460846
60.000000000000,60.000000000000,60.000000000000
