x,y,z
52.315378429450,45.131963051662,44.915646994668
5.229169256504,30.644676248905,60.000000000000
60.000000000000,60.000000000000,60.000000000000
0.309784874329,24.749820789145,22.381998286858
9.480970482552,14.325218135476,5.049064767333
60.000000000000,60.000000000000,60.000000000000
51.435973468669,20.406293913422,31.456778276391
4.351146817690,23.716824080253,33.338830690500
60.000000000000,60.000000000000,60.000000000000
39.411500687083,1.196287220305,14.398423772403
10.818017470818,42.945864944663,33.368141602835
60.000000000000,60.000000000000,60.000000000000
24.833219155421,60.000000000000,42.507349765049
28.280675318521,42.860852621143,2.903502547909
39.321900160577,16.157307930172,10.023554677381
60.000000000000,60.000000000000,0.000000000000
8.957890042247,8.409970233999,53.629401136209
60.000000000000,60.000000000000,60.000000000000
60.000000000000,60.000000000000,0.000000000000
12.802001044266,43.402142957300,47.008128444138
60.000000000000,60.000000000000,60.000000000000
2.151288832717,4.391875001247,28.228091610293
15.729997500049,36.380530256688,21.944534163416
9.302651308091,58.921245918100,44.057963798578
4.411581690796,33.898192490300,51.117064593381
60.000000000000,60.000000000000,60.000000000000
60.000000000000,60.000000000000,60.000000000000
60.000000000000,60.000000000000,0.000000000000
1.216450451486,56.747798233419,36.906368903461
43.620570257564,42.882244381859,8.432503177151
0.274477248012,47.971025043912,54.029004687011
60.000000000000,60.000000000000,60.000000000000
2.665847251194,4.878528872365,2.253441127387
23.792558964582,53.454720853338,29.739626890299
60.000000000000,60.000000000000,60.000000000000
60.000000000000,60.000000000000,0.000000000000
60.000000000000,60.000000000000,60.000000000000
0.877936628419,13.111890556653,37.150182983514
3.398839377378,9.321217022748,40.398597580378
60.000000000000,60.000000000000,60.000000000000
31.281851603437,6.000572467223,41.234670931117
60.000000000000,60.000000000000,0.000000000000
60.000000000000,60.000000000000,36.742578913004
20.538540619809,24.187335523639,12.429276667384
54.492142101623,15.819610061392,23.970828710128
13.177990679728,55.185198410539,36.692437672124
22.495347279251,17.421582846506,53.925078682275
23.710095610525,53.907100786059,31.878902307451
8.952202143299,25.750781577916,54.443003960245
60.000000000000,60.000000000000,60.000000000000
1.567625330218,32.348115953545,50.288144233085
60.000000000000,60.000000000000,60.000000000000
2.320968555708,9.796232565993,50.944470603660
6.784862216159,32.113379301819,39.313998591017
49.497500521989,21.453876597054,17.713610946398
60.000000000000,60.000000000000,60.000000000000
60.000000000000,60.000000000000,60.000000000000
0.000000000000,60.000000000000,60.000000000000
60.000000000000,60.000000000000,0.000000000000
28.049610265623,2.875924640399,20.631890497825
60.000000000000,60.000000000000,60.000000000000
60.000000000000,60.000000000000,60.000000000000
60.000000000000,60.000000000000,60.000000000000
33.450600051361,19.619091071621,59.202390239644
12.233133184489,58.392339496393,25.724697507413
0.000000000000,60.000000000000,60.000000000000
60.000000000000,60.000000000000,60.000000000000
55.266971069003,51.512483938978,56.837727492993
23.558215333844,28.020422823520,42.717260319262
60.000000000000,60.000000000000,60.000000000000
60.000000000000,60.000000000000,60.000000000000
60.000000000000,60.000000000000,60.000000000000
60.000000000000,60.000000000000,60.000000000000
60.000000000000,60.000000000000,0.000000000000
42.154050218715,46.263697368858,36.843030816701
60.000000000000,60.000000000000,60.000000000000
60.000000000000,60.000000000000,60.000000000000
60.000000000000,60.000000000000,60.000000000000
60.000000000000,60.000000000000,60.000000000000
60.000000000000,60.000000000000,0.000000000000
60.000000000000,60.000000000000,60.000000000000
17.903493483600,21.521237747939,35.491634043151
11.092060685001,38.154666624567,8.430287701008
4.737010828027,31.624554140744,14.594597337145
11.153323173152,45.997603407909,23.916339867261
60.000000000000,60.000000000000,60.000000000000
60.000000000000,16.821945441747,25.115854991030
60.000000000000,60.000000000000,60.000000000000
51.898778078188,0.101547661524,41.505606468128
60.000000000000,60.000000000000,60.000000000000
60.000000000000,60.000000000000,60.000000000000
60.000000000000,60.000000000000,60.000000000000
60.000000000000,60.000000000000,0.000000000000
58.824045029206,33.997087620421,14.937615762822
3.668915532214,16.777949753803,15.887116529584
60.000000000000,60.000000000000,0.000000000000
18.005578363299,26.439572502941,59.863259337233
1.640476086546,15.117624352872,31.670036014004
4.671575433859,56.029550453564,38.221723763609
60.000000000000,60.000000000000,60.000000000000
6.703456875905,55.451984907541,36.001000438229
60.000000000000,60.000000000000,60.000000000000
60.000000000000,60.000000000000,60.000000000000
60.000000000000,60.000000000000,60.000000000000
60.000000000000,60.000000000000,60.000000000000
60.000000000000,60.000000000000,60.000000000000
60.000000000000,60.000000000000,60.000000000000
0.548116128106,60.000000000000,42.006778209234
23.695355419607,27.558271463520,4.521924760179
60.000000000000,60.000000000000,60.000000000000
60.000000000000,60.000000000000,60.000000000000
60.000000000000,60.000000000000,60.000000000000
60.000000000000,60.000000000000,60.000000000000
5.633788995044,16.141547889591,49.626627752395
60.000000000000,60.000000000000,60.000000000000
60.000000000000,60.000000000000,0.000000000000
60.000000000000,60.000000000000,0.000000000000
42.819019308535,7.509208373598,0.320958386613
14.945534856556,42.323258684535,9.261169396642
4.190218107873,39.240334060608,11.421899362230
60.000000000000,60.000000000000,0.000000000000
60.000000000000,60.000000000000,60.000000000000
28.716511382114,16.942658835321,9.689300810990
11.006005418613,32.477307417145,28.371050755870
60.000000000000,60.000000000000,60.000000000000
60.000000000000,60.000000000000,60.000000000000
25.466985175704,27.136368806956,5.216211947573
52.117901342964,35.699997271638,26.328570828670
35.268814755163,57.288076876552,39.870823507400
22.849454777823,19.432802477884,22.743386548586
60.000000000000,60.000000000000,60.000000000000
10.087560113187,23.835152098668,31.310392446950
5.873345968725,27.865449144984,49.171257012547
27.638081038135,53.939852897129,58.527120261544
46.094411672061,21.219443307519,60.000000000000
60.000000000000,60.000000000000,60.000000000000
60.000000000000,60.000000000000,60.000000000000
0.000000000000,60.000000000000,11.383420357810
23.293846647199,60.000000000000,12.937976641330
60.000000000000,60.000000000000,0.000000000000
24.718264467687,60.000000000000,15.753218711517
56.913263964784,13.213107156023,7.306295199481
60.000000000000,60.000000000000,60.000000000000
55.777825400464,34.373121972984,37.773635462301
60.000000000000,60.000000000000,60.000000000000
12.188933452572,28.703390279219,23.926035289486
28.672933695376,1.443485182988,36.723667676282
60.000000000000,60.000000000000,60.000000000000
28.122809842460,18.522028000425,3.261499063653
60.000000000000,60.000000000000,60.000000000000
52.910229852149,56.295494529789,48.845416088260
60.000000000000,60.000000000000,60.000000000000
4.760950992194,21.631035585576,24.216774791969
16.222615166617,15.491893563751,14.497347267951
60.000000000000,60.000000000000,60.000000000000
60.000000000000,60.000000000000,60.000000000000
36.343414794037,60.000000000000,55.537582998741
60.000000000000,60.000000000000,0.000000000000
56.117126216621,10.170502684365,36.930032807009
60.000000000000,60.000000000000,0.000000000000
6.495347794588,15.583002163593,3.164685464696
60.000000000000,60.000000000000,0.000000000000
0.000000000000,60.000000000000,60.000000000000
60.000000000000,60.000000000000,60.000000000000
60.000000000000,60.000000000000,60.000000000000
60.000000000000,60.000000000000,0.000000000000
60.000000000000,60.000000000000,60.000000000000
60.000000000000,60.000000000000,60.000000000000
22.616595300964,49.858076204288,40.175897019616
60.000000000000,60.000000000000,60.000000000000
60.000000000000,60.000000000000,0.000000000000
20.699269192852,30.347086329136,32.243181390884
60.000000000000,60.000000000000,60.000000000000
12.776347476104,28.115562704316,22.325063603305
3.410156482879,29.922986600325,15.933688275040
60.000000000000,60.000000000000,0.000000000000
60.000000000000,60.000000000000,60.000000000000
3.085202329530,56.607232527331,14.870886670409
52.076504532432,44.330741968208,35.684004010410
10.746472936391,40.363964285639,49.374495574426
60.000000000000,60.000000000000,60.000000000000
60.000000000000,60.000000000000,60.000000000000
60.000000000000,60.000000000000,60.000000000000
60.000000000000,60.000000000000,60.000000000000
60.000000000000,60.000000000000,60.000000000000
43.202069051942,60.000000000000,14.736071842990
60.000000000000,60.000000000000,60.000000000000
60.000000000000,60.000000000000,0.000000000000
60.000000000000,60.000000000000,60.000000000000
60.000000000000,60.000000000000,60.000000000000
60.000000000000,60.000000000000,60.000000000000
60.000000000000,60.000000000000,60.000000000000
26.627767190431,46.558848184124,37.037105980684
4.163859731174,19.477578507549,4.096926480430
41.821391348752,30.326516362308,44.334566538204
5.370669730762,25.185959216548,47.864485795037
4.266168551211,7.923888741760,31.837725127946
60.000000000000,60.000000000000,60.000000000000
60.000000000000,60.000000000000,60.000000000000
60.000000000000,60.000000000000,60.000000000000
60.000000000000,60.000000000000,60.000000000000
0.000000000000,60.000000000000,60.000000000000
60.000000000000,60.000000000000,60.000000000000
60.000000000000,60.000000000000,0.000000000000
20.378335617279,37.974739212438,11.163104180810
60.000000000000,60.000000000000,60.000000000000
60.000000000000,60.000000000000,60.000000000000
14.487457040018,49.442302009475,15.789816905780
12.077906757921,7.252921237582,12.816494386038
19.712398523741,14.042526606853,2.803812040278
43.463898055896,18.876920899881,35.185975106004
60.000000000000,60.000000000000,60.000000000000
53.200705555975,33.539382058102,51.406781063402
60.000000000000,60.000000000000,60.000000000000
13.401355411039,43.527260469161,22.615526848358
60.000000000000,60.000000000000,60.000000000000
6.159114651992,32.547094308975,55.538107495327
58.952340509088,32.076733153805,60.000000000000
26.103952502768,28.320194173792,49.907756427543
60.000000000000,60.000000000000,60.000000000000
60.000000000000,60.000000000000,0.000000000000
3.290832272203,58.438945448138,12.419165646321
52.569235786660,32.424025280847,2.754203225545
60.000000000000,60.000000000000,60.000000000000
60.000000000000,60.000000000000,60.000000000000
24.026343293573,49.799969717570,56.413598438678
60.000000000000,60.000000000000,60.000000000000
60.000000000000,60.000000000000,60.000000000000
60.000000000000,60.000000000000,60.000000000000
45.639779708516,53.793531438123,46.939990594036
60.000000000000,60.000000000000,17.862823353138
60.000000000000,60.000000000000,60.000000000000
50.181226205267,33.907845232006,47.983758344610
60.000000000000,60.000000000000,60.000000000000
60.000000000000,60.000000000000,60.000000000000
60.000000000000,60.000000000000,60.000000000000
27.285033358814,0.672562583407,17.463955776462
52.517537525699,60.000000000000,60.000000000000
15.316124049466,51.576436241725,52.391960945757
60.000000000000,60.000000000000,60.000000000000
60.000000000000,60.000000000000,60.000000000000
1.278566322882,21.079664910348,22.718587660310
12.928606763994,56.302512912998,20.338693710490
60.000000000000,60.000000000000,60.000000000000
7.738388201119,56.800163563693,17.009040477930
8.745400033312,11.908243144714,26.606011393614
12.501976423642,18.473386757403,58.872519713166
60.000000000000,60.000000000000,0.000000000000
40.441957526475,12.681788621948,8.416547527977
51.928225548098,2.017873986359,59.979179364164
60.000000000000,60.000000000000,60.000000000000
1.413024893563,12.818562237972,30.137928321792
21.398371459758,37.629959570612,19.296194620271
4.860248970004,40.690071282373,30.355846059478
54.415121310649,42.308318389022,5.838502160498
60.000000000000,60.000000000000,60.000000000000
31.066810394522,51.019583370878,21.197483288939
19.763105420266,21.001568704579,32.880853807513
29.606258976734,32.513480631547,44.084839782137
19.036489018476,26.235697252830,58.547195890718
60.000000000000,60.000000000000,60.000000000000
60.000000000000,60.000000000000,0.000000000000
60.000000000000,60.000000000000,60.000000000000
60.000000000000,60.000000000000,60.000000000000
60.000000000000,60.000000000000,60.000000000000
60.000000000000,60.000000000000,60.000000000000
12.011010225385,24.047757941145,6.228726917644
60.000000000000,60.000000000000,60.000000000000
60.000000000000,60.000000000000,60.000000000000
60.000000000000,60.000000000000,60.000000000000
60.000000000000,60.000000000000,0.000000000000
22.372664777104,8.018718527750,3.975275992675
60.000000000000,60.000000000000,0.000000000000
11.386807374309,32.736552006405,32.993708107391
60.000000000000,28.570441548392,40.261289018030
38.845221694029,6.722229023965,30.737882445371
18.448912594446,55.059572240989,5.590613415246
36.689456257067,7.609392384637,35.612561686869
12.959411361376,43.265925411847,9.956391956864
60.000000000000,60.000000000000,60.000000000000
60.000000000000,60.000000000000,60.000000000000
10.031836562414,43.871687028119,28.024699877614
60.000000000000,60.000000000000,60.000000000000
43.316778515662,7.150460281182,38.630602969015
0.000000000000,60.000000000000,60.000000000000
60.000000000000,60.000000000000,60.000000000000
19.445539830729,11.954666706996,39.978696268714
55.357674251420,21.747934974298,48.050799119433
60.000000000000,60.000000000000,0.000000000000
60.000000000000,60.000000000000,60.000000000000
60.000000000000,60.000000000000,60.000000000000
60.000000000000,60.000000000000,0.000000000000
60.000000000000,60.000000000000,60.000000000000
60.000000000000,60.000000000000,0.000000000000
60.000000000000,60.000000000000,60.000000000000
60.000000000000,60.000000000000,60.000000000000
3.785829086960,52.528912715836,45.638754370011
60.000000000000,60.000000000000,0.000000000000
23.460091481356,12.418596184529,0.722630338180
60.000000000000,60.000000000000,60.000000000000
6.164776517968,26.607057124783,5.752547718961
48.880618271299,4.562960396533,56.106899580876
60.000000000000,60.000000000000,60.000000000000
14.827570053881,60.000000000000,9.038678438273
60.000000000000,60.000000000000,60.000000000000
13.260671553844,22.045188663079,22.237328256008
60.000000000000,60.000000000000,60.000000000000
60.000000000000,60.000000000000,60.000000000000
60.000000000000,60.000000000000,60.000000000000
60.000000000000,60.000000000000,60.000000000000
60.000000000000,60.000000000000,60.000000000000
37.109629126605,47.900594699635,20.291066984720
60.000000000000,60.000000000000,60.000000000000
60.000000000000,60.000000000000,0.000000000000
60.000000000000,60.000000000000,60.000000000000
20.055431358984,47.736555988973,32.359776918051
60.000000000000,60.000000000000,60.000000000000
60.000000000000,60.000000000000,60.000000000000
60.000000000000,60.000000000000,0.000000000000
60.000000000000,60.000000000000,0.000000000000
49.498373198851,57.595281204062,43.340763210070
4.459460541528,31.039406830137,4.844276381913
60.000000000000,60.000000000000,0.000000000000
60.000000000000,60.000000000000,0.000000000000
13.537866697739,15.872796869003,38.908349464084
60.000000000000,60.000000000000,60.000000000000
46.562473756860,0.883192499116,58.508881347047
60.000000000000,60.000000000000,0.000000000000
8.456137164523,60.000000000000,60.000000000000
60.000000000000,60.000000000000,0.000000000000
45.948418310895,38.611013017369,28.790706743473
59.339518821092,11.180621834156,12.341269347588
60.000000000000,60.000000000000,60.000000000000
60.000000000000,60.000000000000,0.000000000000
5.570133770274,36.130488454194,55.731697426429
60.000000000000,60.000000000000,60.000000000000
14.525079958210,1.620988309749,38.986201660714
60.000000000000,60.000000000000,60.000000000000
15.128183817513,46.545074681357,50.825787557680
60.000000000000,60.000000000000,60.000000000000
60.000000000000,60.000000000000,60.000000000000
60.000000000000,60.000000000000,60.000000000000
60.000000000000,60.000000000000,60.000000000000
60.000000000000,60.000000000000,60.000000000000
33.917284941391,1.409180038833,59.420143863129
60.000000000000,60.000000000000,0.000000000000
60.000000000000,60.000000000000,60.000000000000
60.000000000000,60.000000000000,0.000000000000
18.419349353268,35.663519143812,5.160818459031
60.000000000000,60.000000000000,0.000000000000
60.000000000000,60.000000000000,60.000000000000
60.000000000000,60.000000000000,0.000000000000
60.000000000000,60.000000000000,60.000000000000
4.979173819802,16.952300034144,51.164565937808
17.322055171566,60.000000000000,60.000000000000
60.000000000000,60.000000000000,60.000000000000
60.000000000000,60.000000000000,60.000000000000
60.000000000000,60.000000000000,60.000000000000
24.238902505442,26.155480136010,52.969948021706
1.267869523174,8.791420802111,52.634051498589
60.000000000000,60.000000000000,60.000000000000
60.000000000000,60.000000000000,60.000000000000
60.000000000000,60.000000000000,60.000000000000
25.517485251185,13.315220674870,38.485318685104
60.000000000000,60.000000000000,60.000000000000
60.000000000000,60.000000000000,60.000000000000
60.000000000000,50.831243241068,54.293459326768
60.000000000000,60.000000000000,60.000000000000
42.554748461404,11.887747173134,42.699113704245
2.618547543824,54.696363212741,53.939213638155
7.837890666842,5.211093938784,22.778361417370
41.081290653242,48.911032448196,51.936378279173
60.000000000000,60.000000000000,60.000000000000
60.000000000000,60.000000000000,60.000000000000
60.000000000000,4.077954201508,4.594969534262
60.000000000000,60.000000000000,60.000000000000
60.000000000000,60.000000000000,60.000000000000
60.000000000000,46.844936095648,7.658098728254
9.483910743236,23.048547347847,41.667134555802
60.000000000000,60.000000000000,60.000000000000
60.000000000000,60.000000000000,60.000000000000
21.805697533623,50.247185013765,46.742678652829
13.356414669497,39.731140796000,31.439326902743
60.000000000000,60.000000000000,60.000000000000
60.000000000000,60.000000000000,60.000000000000
60.000000000000,60.000000000000,60.000000000000
60.000000000000,60.000000000000,60.000000000000
60.000000000000,60.000000000000,60.000000000000
12.105191374821,5.283962570988,32.675824310515
0.000000000000,56.238158693357,60.000000000000
60.000000000000,60.000000000000,60.000000000000
60.000000000000,60.000000000000,0.000000000000
6.494381257021,27.296186296783,37.729878113070
10.328124580423,22.378970358545,25.825666884914
60.000000000000,60.000000000000,60.000000000000
18.922151915519,28.872049338138,21.341072922871
18.434019385639,1.984751987027,35.101058539636
10.317960034866,14.496739040594,39.202536735997
60.000000000000,60.000000000000,60.000000000000
60.000000000000,0.000000000000,60.000000000000
60.000000000000,60.000000000000,60.000000000000
32.094699218650,26.141183439941,13.465372665818
60.000000000000,60.000000000000,60.000000000000
0.741153494999,45.353001848178,28.992300772806
21.566248649024,9.671839048645,41.675309698878
0.908421731224,37.704955631492,28.000765301332
19.593567081551,54.936144779713,39.088434959399
60.000000000000,60.000000000000,60.000000000000
60.000000000000,60.000000000000,60.000000000000
60.000000000000,60.000000000000,60.000000000000
60.000000000000,60.000000000000,60.000000000000
10.392221179723,38.570707383423,38.234381466365
55.946624087299,25.307112178050,47.656231903159
0.000000000000,0.000000000000,0.000000000000
1.493239999662,29.779815930653,4.428877815911
60.000000000000,60.000000000000,60.000000000000
60.000000000000,48.117938373911,51.919693590492
9.441745103805,47.146598622205,55.876686895350
17.226133288255,10.722225261583,29.478476066692
37.853043159994,40.020663309658,31.603442743258
21.916529143889,37.007016006057,3.557187243864
60.000000000000,60.000000000000,60.000000000000
17.447343547382,24.190950276601,51.949501690177
12.296707156766,7.408523838489,35.678387236278
52.253289299702,37.809522754949,35.102243280259
60.000000000000,60.000000000000,0.000000000000
60.000000000000,60.000000000000,60.000000000000
17.743172934116,43.355927279635,44.698791029730
60.000000000000,60.000000000000,60.000000000000
14.642461730183,43.299845209207,36.639386889824
28.406872041793,23.128874786587,37.985217706072
1.458532903499,36.127690243654,10.051265518442
60.000000000000,60.000000000000,60.000000000000
26.833275560991,37.436596938119,17.425858918200
60.000000000000,60.000000000000,60.000000000000
60.000000000000,60.000000000000,0.000000000000
34.583275433494,18.643154943161,42.658668726694
60.000000000000,60.000000000000,0.000000000000
60.000000000000,60.000000000000,60.000000000000
27.230954844331,37.435466916970,26.694286460671
0.000000000000,11.758596164979,60.000000000000
60.000000000000,60.000000000000,60.000000000000
60.000000000000,60.000000000000,60.000000000000
60.000000000000,60.000000000000,60.000000000000
39.369816524030,43.451301857232,30.254069756845
60.000000000000,60.000000000000,60.000000000000
41.924365450553,15.201399343674,27.168284514753
0.000000000000,0.000000000000,0.000000000000
60.000000000000,60.000000000000,60.000000000000
60.000000000000,60.000000000000,60.000000000000
60.000000000000,60.000000000000,60.000000000000
45.952108853824,46.988981548245,17.599381041726
11.226520358677,19.524624956827,43.869995099929
0.550908510648,4.151509395179,58.463385447669
60.000000000000,60.000000000000,60.000000000000
35.170234307004,6.985562684629,6.351237192102
60.000000000000,60.000000000000,60.000000000000
24.936901431852,44.898803423079,31.675417923802
23.629410126261,16.110474859446,46.536155795203
9.281352685672,39.995534619969,7.002660668320
53.289131952363,27.611933556521,31.692066062838
60.000000000000,60.000000000000,60.000000000000
18.461808178587,9.027657805004,55.959240406369
60.000000000000,60.000000000000,60.000000000000
39.725024121303,0.440448960532,46.495365904416
11.069467723322,31.228650407355,55.086708961681
60.000000000000,60.000000000000,60.000000000000
3.268330523271,24.803532521446,31.321719337920
0.000000000000,4.850387229256,1.996090107575
60.000000000000,60.000000000000,0.000000000000
36.060449538445,27.625122717254,58.330323341403
60.000000000000,60.000000000000,60.000000000000
60.000000000000,60.000000000000,60.000000000000
30.629199997115,45.123945360899,41.809453063417
60.000000000000,60.000000000000,60.000000000000
12.552678786384,19.437350404302,25.463375980463
60.000000000000,60.000000000000,60.000000000000
60.000000000000,60.000000000000,60.000000000000
5.675037994843,33.371684370015,45.819668308495
14.524147060704,19.177741071618,21.414110736399
60.000000000000,60.000000000000,60.000000000000
60.000000000000,1.402992716359,60.000000000000
41.762521119790,23.718850006852,50.618145581915
14.790008890040,18.902757767630,45.893735345530
60.000000000000,60.000000000000,60.000000000000
60.000000000000,60.000000000000,60.000000000000
58.688992933695,16.951086181561,29.569204446268
60.000000000000,60.000000000000,0.000000000000
19.507179231553,2.468621694767,31.630533884389
0.000000000000,0.309369409843,60.000000000000
52.908021403634,52.573027220580,40.623479603788
29.163852145738,20.861379513831,15.649814035442
60.000000000000,60.000000000000,0.000000000000
60.000000000000,60.000000000000,60.000000000000
35.928952283653,55.636770108014,0.425158065496
33.353745860467,6.263196663551,34.132474657298
60.000000000000,60.000000000000,0.000000000000
23.336055851456,24.750792653345,24.374322039231
60.000000000000,60.000000000000,60.000000000000
60.000000000000,60.000000000000,60.000000000000
24.398638854350,32.146443144719,50.849896106773
60.000000000000,60.000000000000,60.000000000000
60.000000000000,60.000000000000,0.000000000000
60.000000000000,60.000000000000,60.000000000000
60.000000000000,60.000000000000,60.000000000000
60.000000000000,60.000000000000,60.000000000000
20.433707368596,55.375739693198,37.145073042066
60.000000000000,60.000000000000,0.000000000000
60.000000000000,60.000000000000,60.000000000000
60.000000000000,60.000000000000,0.000000000000
60.000000000000,60.000000000000,60.000000000000
60.000000000000,11.983974457872,54.412125409598
7.005847918444,39.420689727425,0.000000000000
19.671270231634,35.331005482453,31.300966482355
54.775302732711,31.075498133992,4.411794852193
60.000000000000,60.000000000000,60.000000000000
21.393176803450,57.008425972877,10.765314937975
60.000000000000,60.000000000000,60.000000000000
25.797271774846,2.526626836944,25.875435053644
60.000000000000,60.000000000000,60.000000000000
0.000000000000,60.000000000000,60.000000000000
60.000000000000,60.000000000000,60.000000000000
27.632637246397,35.517136118055,20.224120186119
60.000000000000,60.000000000000,60.000000000000
59.585693534459,42.538239459570,24.741811551643
43.101189405208,45.077741156438,49.486193843485
60.000000000000,60.000000000000,60.000000000000
18.469255428736,57.347325227554,20.778184733452
60.000000000000,60.000000000000,60.000000000000
24.906183023516,45.567698696775,5.076444849533
60.000000000000,60.000000000000,60.000000000000
60.000000000000,60.000000000000,60.000000000000
37.340798729188,7.545951834741,18.001087980270
60.000000000000,60.000000000000,60.000000000000
60.000000000000,60.000000000000,60.000000000000
60.000000000000,60.000000000000,60.000000000000
60.000000000000,60.000000000000,60.000000000000
60.000000000000,60.000000000000,60.000000000000
44.409706961868,19.631514354937,51.364106450077
25.745554549802,37.349019463592,38.197695961270
20.126897478233,59.776312474530,29.293297364492
60.000000000000,12.851415463353,0.000000000000
60.000000000000,60.000000000000,0.000000000000
43.640392343527,48.069387456240,23.393205822914
60.000000000000,60.000000000000,60.000000000000
60.000000000000,60.000000000000,60.000000000000
60.000000000000,12.530056509470,41.399633916853
60.000000000000,60.000000000000,60.000000000000
59.082058315298,0.342426047627,15.928338234176
60.000000000000,60.000000000000,60.000000000000
46.778947834135,6.134482112268,60.000000000000
60.000000000000,60.000000000000,60.000000000000
17.074420120577,16.367918206273,52.436413524209
60.000000000000,60.000000000000,60.000000000000
60.000000000000,60.000000000000,60.000000000000
60.000000000000,60.000000000000,60.000000000000
60.000000000000,60.000000000000,60.000000000000
30.486303777179,24.402003775360,29.710332351279
60.000000000000,60.000000000000,60.000000000000
2.012688058205,10.499870562370,58.736750157690
60.000000000000,60.000000000000,60.000000000000
56.612266442430,27.707014878808,59.543257795375
57.597125929993,20.259121032804,27.731400852037
60.000000000000,60.000000000000,0.000000000000
60.000000000000,60.000000000000,60.000000000000
60.000000000000,60.000000000000,0.000000000000
21.861583100136,16.901500766885,37.399528162099
60.000000000000,60.000000000000,60.000000000000
22.309258486326,0.080388578790,31.312145246658
60.000000000000,60.000000000000,0.000000000000
20.744438278743,9.611064660773,26.929771734211
60.000000000000,60.000000000000,60.000000000000
60.000000000000,60.000000000000,60.000000000000
15.265539607518,2.509996604332,52.556046539567
21.494613745152,11.987927472263,18.238848745493
4.250732471071,21.762007719919,25.710908927305
47.505936244727,27.102098202214,41.279125903590
60.000000000000,60.000000000000,60.000000000000
50.328205759779,16.305863238086,21.291896164247
32.331444138250,26.340661065417,15.863411000641
60.000000000000,60.000000000000,60.000000000000
60.000000000000,60.000000000000,60.000000000000
60.000000000000,60.000000000000,60.000000000000
60.000000000000,41.547623860224,50.059409538887
15.571075933880,6.740510362399,3.567857411098
27.133330650141,25.036301778977,60.000000000000
9.812952624640,38.289906376530,40.277569959934
8.190473930219,49.844153469071,35.671887572384
60.000000000000,60.000000000000,60.000000000000
60.000000000000,60.000000000000,0.000000000000
48.893621430234,9.451062532591,50.308995209675
60.000000000000,60.000000000000,0.000000000000
60.000000000000,60.000000000000,60.000000000000
26.109519032188,26.981607814774,20.238396817158
25.521840655734,42.528984381599,32.113271138861
60.000000000000,60.000000000000,60.000000000000
60.000000000000,60.000000000000,60.000000000000
60.000000000000,60.000000000000,60.000000000000
60.000000000000,60.000000000000,60.000000000000
60.000000000000,60.000000000000,60.000000000000
60.000000000000,60.000000000000,0.000000000000
60.000000000000,60.000000000000,60.000000000000
29.385705957756,30.132341043978,44.961790032637
60.000000000000,60.000000000000,0.000000000000
24.028982455106,48.383769284805,6.695101524124
60.000000000000,60.000000000000,60.000000000000
23.857094445556,16.040559793925,20.680306022457
60.000000000000,60.000000000000,0.000000000000
60.000000000000,60.000000000000,60.000000000000
43.761800958393,5.563320022424,30.593161559848
60.000000000000,60.000000000000,60.000000000000
29.583895900195,32.017216588710,40.763803068514
60.000000000000,60.000000000000,60.000000000000
60.000000000000,60.000000000000,60.000000000000
60.000000000000,60.000000000000,60.000000000000
60.000000000000,60.000000000000,60.000000000000
60.000000000000,60.000000000000,60.000000000000
60.000000000000,60.000000000000,60.000000000000
60.000000000000,60.000000000000,60.000000000000
55.844734602282,38.575199664816,30.149238861516
40.205910751792,36.205009878630,34.644701927406
24.566184496318,2.511589283853,0.694772460043
60.000000000000,60.000000000000,60.000000000000
60.000000000000,60.000000000000,60.000000000000
60.000000000000,60.000000000000,60.000000000000
60.000000000000,60.000000000000,60.000000000000
60.000000000000,60.000000000000,60.000000000000
50.704399181199,29.471526387611,32.399632035438
60.000000000000,60.000000000000,60.000000000000
60.000000000000,60.000000000000,60.000000000000
41.114254330473,10.211169867675,12.460515084150
29.416730943467,43.488300377493,36.197876880985
7.911145563595,29.620343080133,37.090522189136
60.000000000000,60.000000000000,60.000000000000
21.656432560866,32.215609683445,53.905230179142
60.000000000000,60.000000000000,60.000000000000
60.000000000000,60.000000000000,60.000000000000
60.000000000000,60.000000000000,0.000000000000
35.244107443673,12.385394061883,42.922139059730
60.000000000000,60.000000000000,60.000000000000
53.106939858642,12.996420871781,35.401248134663
11.061221216874,40.528013816014,31.157143137898
60.000000000000,60.000000000000,60.000000000000
60.000000000000,60.000000000000,60.000000000000
60.000000000000,60.000000000000,60.000000000000
22.414947382833,30.049797783390,28.892071374747
60.000000000000,60.000000000000,60.000000000000
24.948893798645,7.688777396966,30.776938061669
22.700612211314,10.058293609969,45.271363484498
60.000000000000,60.000000000000,60.000000000000
60.000000000000,60.000000000000,60.000000000000
39.764315711674,0.600131153434,27.065204873799
60.000000000000,60.000000000000,60.000000000000
16.298392012762,41.137201700233,14.916892637359
60.000000000000,60.000000000000,60.000000000000
60.000000000000,60.000000000000,60.000000000000
60.000000000000,60.000000000000,60.000000000000
60.000000000000,60.000000000000,60.000000000000
60.000000000000,60.000000000000,60.000000000000
60.000000000000,60.000000000000,60.000000000000
31.624769401888,5.984569366145,1.788576974984
17.473849751240,47.670985162263,6.007214350545
24.025457609501,12.950615109712,11.833753843646
60.000000000000,56.211050593527,29.075066889384
46.943764587959,34.161406056552,5.926084547565
42.603534374590,46.400959457172,18.179031971974
25.780925382586,8.038128916126,14.477921453573
60.000000000000,60.000000000000,0.000000000000
38.272172664201,48.858767158014,7.113344164347
60.000000000000,60.000000000000,60.000000000000
46.842436190780,7.296181686209,8.917895466765
41.196343264531,9.277134153032,58.597016947798
1.618819131306,46.050879838233,52.392266382582
60.000000000000,60.000000000000,60.000000000000
60.000000000000,60.000000000000,60.000000000000
60.000000000000,60.000000000000,60.000000000000
24.337594618001,9.775133636511,34.697489324838
60.000000000000,60.000000000000,60.000000000000
53.559010303083,55.168338506713,4.193347397823
12.929561551884,33.712901237631,15.634549722827
60.000000000000,60.000000000000,60.000000000000
60.000000000000,60.000000000000,60.000000000000
60.000000000000,60.000000000000,60.000000000000
60.000000000000,8.706433788440,9.563958509417
1.946239780405,23.556993570224,23.415668016813
16.548819205980,34.214254132241,25.554615238126
10.216710692916,59.485034054629,53.466522270058
60.000000000000,60.000000000000,60.000000000000
60.000000000000,60.000000000000,60.000000000000
17.931433550251,12.819747494695,37.985595926555
60.000000000000,60.000000000000,60.000000000000
60.000000000000,60.000000000000,60.000000000000
39.023882487033,6.017040352726,15.810480682073
15.084249148942,16.160682304488,53.804197878098
10.467934679083,43.945218342916,6.442692409817
60.000000000000,60.000000000000,60.000000000000
60.000000000000,60.000000000000,60.000000000000
60.000000000000,60.000000000000,60.000000000000
5.143513941009,22.583695128032,18.760977029842
60.000000000000,60.000000000000,60.000000000000
29.463023888541,57.494939705436,41.738564529946
60.000000000000,60.000000000000,0.000000000000
60.000000000000,60.000000000000,60.000000000000
30.559252172990,44.970925129863,31.232912190818
60.000000000000,60.000000000000,60.000000000000
16.622912604247,40.054409166218,43.693983709600
51.683065001759,1.782226259000,52.641432350557
26.094929831850,39.577385715264,14.921486974553
11.195334664011,8.124314069593,0.578437341593
35.312487623153,8.278296739179,46.120374748904
7.139089994824,38.494756812812,45.657192924362
35.076873921078,40.869321445011,44.639409043454
60.000000000000,60.000000000000,35.053391435288
60.000000000000,60.000000000000,60.000000000000
39.031580038633,56.353412101378,16.969982585079
60.000000000000,60.000000000000,60.000000000000
32.608479161336,16.421556645697,18.878758136524
27.975983781626,51.896043952211,23.433800884477
5.955255201082,13.684244523279,30.352259574298
60.000000000000,60.000000000000,60.000000000000
31.145384086128,11.280593484955,57.915090036576
60.000000000000,60.000000000000,60.000000000000
60.000000000000,60.000000000000,60.000000000000
60.000000000000,60.000000000000,60.000000000000
44.207909650432,60.000000000000,32.279963772588
60.000000000000,60.000000000000,60.000000000000
31.579255360488,53.576204077622,45.069974403151
60.000000000000,60.000000000000,60.000000000000
30.607922206926,25.817541795057,17.134863032825
60.000000000000,60.000000000000,60.000000000000
60.000000000000,60.000000000000,60.000000000000
60.000000000000,60.000000000000,60.000000000000
60.000000000000,60.000000000000,60.000000000000
0.659772924818,39.554729767065,14.685874231690
60.000000000000,60.000000000000,60.000000000000
60.000000000000,60.000000000000,60.000000000000
55.136080762234,52.822745950620,18.791889464241
35.340728112297,34.402569837735,26.946191744719
60.000000000000,60.000000000000,60.000000000000
60.000000000000,60.000000000000,60.000000000000
60.000000000000,60.000000000000,60.000000000000
60.000000000000,60.000000000000,60.000000000000
60.000000000000,60.000000000000,60.000000000000
7.347834894552,43.724752607093,47.553403517168
34.610672212757,30.297404875651,8.446314291434
60.000000000000,60.000000000000,60.000000000000
60.000000000000,60.000000000000,60.000000000000
24.358003746473,25.162637857636,48.905244091466
30.483084805810,55.695398180302,57.930590211554
40.623534233715,5.457243564602,45.574012368803
16.058452386658,27.801775716158,18.983757481077
60.000000000000,60.000000000000,60.000000000000
60.000000000000,60.000000000000,60.000000000000
32.735663227302,25.219918193487,30.340385588433
28.714200578235,38.174207270720,11.174516551065
60.000000000000,60.000000000000,60.000000000000
56.000000000000,56.223555404755,60.000000000000
60.000000000000,60.000000000000,60.000000000000
9.678120902257,32.191591426646,39.064460927481
60.000000000000,60.000000000000,60.000000000000
60.000000000000,60.000000000000,60.000000000000
60.000000000000,60.000000000000,60.000000000000
60.000000000000,60.000000000000,60.000000000000
59.056419954698,28.756005878893,20.939322708190
60.000000000000,60.000000000000,60.000000000000
30.622335382739,45.672942861648,25.027195379984
58.509923441237,0.289978347922,8.004589094271
60.000000000000,60.000000000000,60.000000000000
60.000000000000,60.000000000000,60.000000000000
26.310503603733,3.899017154270,24.771768789676
60.000000000000,60.000000000000,60.000000000000
60.000000000000,60.000000000000,60.000000000000
58.933566151112,22.055192160764,19.987891675434
59.052270692489,25.643219172602,27.207813187270
27.927635133194,30.101249377551,42.989853517759
33.415528710769,31.312423310124,12.866307926409
12.909170267510,23.701825910125,36.998658990762
50.359497159553,7.014360137608,23.666566542305
60.000000000000,60.000000000000,60.000000000000
60.000000000000,60.000000000000,60.000000000000
26.609599229477,20.634357924703,19.141553106630
60.000000000000,60.000000000000,60.000000000000
60.000000000000,60.000000000000,60.000000000000
59.740059990241,14.986303152207,30.849965537963
26.484310869372,21.238580316940,53.833267702561
24.355551463287,10.941472975055,45.059260545853
60.000000000000,60.000000000000,60.000000000000
28.578652160362,60.000000000000,9.872237139753
0.000000000000,60.000000000000,60.000000000000
60.000000000000,60.000000000000,60.000000000000
8.590038242095,45.278669041123,22.663074233910
36.788846678826,28.122829284929,40.896723573816
43.704642283221,13.471035560008,32.338981828326
60.000000000000,60.000000000000,60.000000000000
18.394716512146,53.765199866164,20.717938355701
60.000000000000,60.000000000000,60.000000000000
19.599900931455,24.373653300954,11.377773147827
60.000000000000,60.000000000000,60.000000000000
60.000000000000,60.000000000000,60.000000000000
60.000000000000,60.000000000000,60.000000000000
60.000000000000,60.000000000000,60.000000000000
60.000000000000,60.000000000000,0.000000000000
40.653185522465,30.014834135635,52.490758129543
18.237532615183,42.594986445950,30.278492031302
40.874905450347,5.271776268001,15.312690762330
60.000000000000,60.000000000000,60.000000000000
60.000000000000,60.000000000000,60.000000000000
58.188422360342,0.988105107771,38.061699257821
60.000000000000,60.000000000000,60.000000000000
60.000000000000,60.000000000000,60.000000000000
32.423890273453,4.369850685994,30.847359862162
60.000000000000,60.000000000000,0.000000000000
60.000000000000,60.000000000000,60.000000000000
60.000000000000,60.000000000000,60.000000000000
46.921822797036,47.619551379959,52.767315132021
55.080573535855,38.984021967009,59.344252697135
60.000000000000,60.000000000000,60.000000000000
34.267224198788,3.817763797166,45.583786579700
55.368607958288,3.912573010990,53.545587028106
13.112685466463,19.222980671702,16.175410502339
60.000000000000,60.000000000000,60.000000000000
49.828152352773,55.123751897596,31.137536694318
60.000000000000,60.000000000000,60.000000000000
60.000000000000,60.000000000000,60.000000000000
60.000000000000,60.000000000000,60.000000000000
0.000000000000,0.000000000000,0.000000000000
35.837115779934,0.008350522212,14.837836940496
40.204104497375,15.813759257943,13.268086972281
35.338703887083,33.284769360875,23.084691440766
47.488348244237,51.505208591475,57.490465764836
56.304441428564,26.306004712915,56.974429674019
60.000000000000,60.000000000000,60.000000000000
15.685788616020,52.619760110031,52.367872519935
56.821368105516,7.008288824099,26.666305011642
60.000000000000,60.000000000000,60.000000000000
22.961439833762,60.000000000000,60.000000000000
35.776250585104,25.988478754379,57.252115787752
5.378164061352,43.225371661095,47.168440637609
60.000000000000,60.000000000000,60.000000000000
60.000000000000,60.000000000000,60.000000000000
1.588996980356,57.799275677748,17.803547258448
31.726532805817,42.580688682258,36.975534483924
60.000000000000,60.000000000000,60.000000000000
29.356455859883,37.191773110849,41.724399246599
45.282060063658,11.102607870979,59.192050242631
60.000000000000,60.000000000000,60.000000000000
60.000000000000,60.000000000000,60.000000000000
60.000000000000,60.000000000000,60.000000000000
25.096906615267,15.153088380342,12.180291407233
60.000000000000,60.000000000000,60.000000000000
37.998437355185,19.008536789492,1.241051644486
26.106519590066,3.687046708594,41.343845575775
21.779110084551,45.842092658855,19.453245070440
60.000000000000,60.000000000000,60.000000000000
60.000000000000,60.000000000000,60.000000000000
60.000000000000,60.000000000000,60.000000000000
51.704077735578,36.314690293044,50.719481156030
60.000000000000,60.000000000000,60.000000000000
30.632712128025,6.109658906888,30.666735633659
38.835087915321,31.387813072044,3.383828739231
34.797275430954,0.233081180992,19.330465636959
60.000000000000,60.000000000000,60.000000000000
60.000000000000,60.000000000000,60.000000000000
0.000000000000,0.000000000000,0.000000000000
31.523108476537,52.383809201499,50.861041637224
60.000000000000,60.000000000000,60.000000000000
60.000000000000,60.000000000000,60.000000000000
60.000000000000,60.000000000000,60.000000000000
60.000000000000,60.000000000000,60.000000000000
25.063969808151,22.193090532146,33.098687538892
59.242619411979,15.845129068234,42.605927107519
49.823731271961,5.758316177681,55.481772526933
60.000000000000,60.000000000000,60.000000000000
60.000000000000,60.000000000000,60.000000000000
60.000000000000,19.173868974976,60.000000000000
60.000000000000,60.000000000000,60.000000000000
59.888042850018,28.527569359564,54.251999045444
36.601647042919,27.977345699046,19.855550066949
60.000000000000,60.000000000000,60.000000000000
60.000000000000,60.000000000000,60.000000000000
60.000000000000,60.000000000000,60.000000000000
60.000000000000,60.000000000000,60.000000000000
1.235584306099,60.000000000000,58.915201334173
51.858904064804,9.891360103430,51.677998977438
29.437007370125,35.161590875294,23.234834458285
33.217540902434,47.077916571335,33.484321560510
0.097490297344,20.696079000458,59.092720706241
30.157787921276,14.316347718175,49.764959317661
0.478890013381,47.684152856720,23.744749782681
60.000000000000,60.000000000000,60.000000000000
46.035403144363,21.684173576823,4.616485474948
60.000000000000,60.000000000000,60.000000000000
60.000000000000,60.000000000000,60.000000000000
29.431703481276,25.772953064861,53.350417561209
48.428988144149,56.786682010238,57.390348126331
37.634939925578,22.503742908422,43.472762091567
60.000000000000,60.000000000000,60.000000000000
60.000000000000,60.000000000000,60.000000000000
58.559238015229,26.514064236238,21.788975187139
60.000000000000,60.000000000000,60.000000000000
60.000000000000,60.000000000000,60.000000000000
43.355407764114,43.511065115053,42.329697185001
8.297523943130,11.303038999222,42.698050461780
60.000000000000,60.000000000000,0.000000000000
60.000000000000,60.000000000000,60.000000000000
52.351314745817,27.853114495296,27.883861892788
60.000000000000,60.000000000000,0.000000000000
60.000000000000,60.000000000000,60.000000000000
2.103485187117,1.542058921552,36.456280022119
24.642896542957,34.233097291524,55.845834053983
2.159629174418,20.367891954376,60.000000000000
6.396971605890,45.052874526283,2.872583429205
60.000000000000,60.000000000000,60.000000000000
60.000000000000,60.000000000000,60.000000000000
48.585638327290,53.375157223775,38.277443750343
39.556661062257,29.073027944831,20.360971921981
34.216266293313,12.223614110411,29.730896233693
18.380960097623,5.310843901044,51.376953233863
28.929569917079,4.497905162347,4.748418408138
35.975935136127,44.972716191190,13.561828936080
60.000000000000,60.000000000000,60.000000000000
16.371955022271,56.415818146053,35.448859954266
60.000000000000,60.000000000000,60.000000000000
60.000000000000,60.000000000000,2.854071245782
46.374628266031,56.194900930486,50.142821659648
13.716193154182,8.599631121125,25.796074366470
60.000000000000,36.289293931756,32.438940056708
60.000000000000,60.000000000000,60.000000000000
60.000000000000,60.000000000000,60.000000000000
60.000000000000,60.000000000000,60.000000000000
60.000000000000,60.000000000000,60.000000000000
60.000000000000,60.000000000000,60.000000000000
60.000000000000,60.000000000000,60.000000000000
0.000000000000,60.000000000000,60.000000000000
60.000000000000,60.000000000000,60.000000000000
60.000000000000,60.000000000000,60.000000000000
60.000000000000,60.000000000000,60.000000000000
60.000000000000,60.000000000000,60.000000000000
60.000000000000,60.000000000000,60.000000000000
60.000000000000,60.000000000000,60.000000000000
60.000000000000,60.000000000000,60.000000000000
60.000000000000,60.000000000000,60.000000000000
41.010732245722,1.901786866347,3.035182769119
60.000000000000,60.000000000000,60.000000000000
23.465155701618,20.516064345775,51.635843643290
34.501569814104,25.605207877251,26.770311569363
60.000000000000,60.000000000000,60.000000000000
4.471214430316,31.955071357326,29.052358400548
51.902126759712,42.805620228895,21.778577580545
0.000000000000,60.000000000000,53.099967216650
11.451532047200,49.472432156010,60.000000000000
26.332053870073,4.794977881530,4.152386037414
39.084542245735,36.797414956338,0.039126351721
60.000000000000,60.000000000000,60.000000000000
39.971894469292,30.116852519332,9.900799910970
60.000000000000,60.000000000000,60.000000000000
60.000000000000,24.560242985979,40.515528832813
60.000000000000,60.000000000000,60.000000000000
60.000000000000,60.000000000000,60.000000000000
60.000000000000,60.000000000000,60.000000000000
60.000000000000,60.000000000000,60.000000000000
60.000000000000,60.000000000000,60.000000000000
20.419566669433,23.308088545340,57.991542469165
60.000000000000,60.000000000000,60.000000000000
60.000000000000,60.000000000000,60.000000000000
51.213715440633,46.239214887726,52.543337816840
23.937086437943,19.975066112822,27.985626249706
60.000000000000,60.000000000000,60.000000000000
42.311939261230,55.747188082730,12.108575694618
60.000000000000,60.000000000000,60.000000000000
60.000000000000,60.000000000000,60.000000000000
30.815994549911,40.576595416888,27.371926444077
28.553510566011,46.843831203188,32.587935310422
60.000000000000,60.000000000000,60.000000000000
54.406537786774,41.348210675952,3.445223037969
60.000000000000,60.000000000000,60.000000000000
56.311313873523,38.826134831568,5.812138759273
60.000000000000,60.000000000000,60.000000000000
2.955890936213,33.686352698342,16.383934536420
60.000000000000,60.000000000000,60.000000000000
60.000000000000,60.000000000000,60.000000000000
34.353756755220,41.426642600012,11.288064401196
60.000000000000,60.000000000000,60.000000000000
0.000000000000,60.000000000000,60.000000000000
60.000000000000,60.000000000000,60.000000000000
58.781654560706,32.445936319751,4.845955350394
60.000000000000,60.000000000000,60.000000000000
47.778925586985,40.042903383253,15.848219160843
60.000000000000,60.000000000000,60.000000000000
60.000000000000,60.000000000000,60.000000000000
60.000000000000,60.000000000000,60.000000000000
60.000000000000,60.000000000000,60.000000000000
60.000000000000,60.000000000000,60.000000000000
60.000000000000,60.000000000000,60.000000000000
16.218258521255,3.910839629456,4.089887381667
35.699061700816,39.634415419071,34.312772298840
37.786796475851,9.373561569689,12.024647313286
60.000000000000,60.000000000000,60.000000000000
60.000000000000,60.000000000000,60.000000000000
43.570940485799,53.998180051190,20.284793713550
60.000000000000,60.000000000000,60.000000000000
60.000000000000,60.000000000000,60.000000000000
60.000000000000,60.000000000000,60.000000000000
6.600345382566,44.049403910903,24.731669069026
60.000000000000,60.000000000000,60.000000000000
60.000000000000,0.000000000000,20.539334073395
60.000000000000,60.000000000000,60.000000000000
58.304722775276,17.447688120869,54.059127646154
33.263407798609,15.320194291842,54.573851462716
60.000000000000,60.000000000000,0.000000000000
1.494588943840,60.000000000000,0.000000000000
60.000000000000,60.000000000000,60.000000000000
60.000000000000,60.000000000000,60.000000000000
22.485974725429,3.367180177560,22.112251581881
60.000000000000,60.000000000000,60.000000000000
50.153322148776,52.386579823716,6.902571715172
20.024177819725,59.662339711378,15.478588387383
42.155246715816,1.917967470805,2.316045380499
60.000000000000,60.000000000000,60.000000000000
60.000000000000,60.000000000000,60.000000000000
47.399946627656,19.478378384932,0.871384483961
60.000000000000,60.000000000000,60.000000000000
60.000000000000,60.000000000000,60.000000000000
60.000000000000,60.000000000000,60.000000000000
60.000000000000,60.000000000000,60.000000000000
45.318632981619,19.883997375678,26.396069833740
40.119441282370,29.153303769418,50.310132987536
59.210846522274,19.581647663756,51.592432076493
56.491255306452,17.307608023955,27.091566811554
60.000000000000,60.000000000000,38.094143888379
60.000000000000,60.000000000000,60.000000000000
60.000000000000,60.000000000000,60.000000000000
60.000000000000,60.000000000000,60.000000000000
60.000000000000,60.000000000000,60.000000000000
60.000000000000,60.000000000000,60.000000000000
20.195200702016,53.673808409491,50.767718331036
43.364309178641,36.183060791121,27.991108561848
60.000000000000,60.000000000000,60.000000000000
43.250399155953,9.842745431241,22.659425172511
1.938161459244,50.442500952467,15.546805611924
60.000000000000,60.000000000000,60.000000000000
47.587944550789,16.685591112037,10.314774185337
58.236370329844,11.895946787023,14.022936591689
60.000000000000,60.000000000000,60.000000000000
42.876030240566,35.231955471640,49.701890128629
60.000000000000,60.000000000000,60.000000000000
19.605436457538,36.853965277950,38.406948447024
60.000000000000,60.000000000000,60.000000000000
4.596526839055,24.886955477044,6.309244220770
6.726321464848,36.556217779693,19.550889553154
35.466053785957,11.780256870635,4.949494796458
12.166066590451,47.440183040090,0.614000711009
60.000000000000,60.000000000000,60.000000000000
15.239393890110,26.938796927017,26.795945613299
35.440084552930,20.715904152029,48.875786744222
15.227702298254,5.936578520230,17.630195640940
60.000000000000,60.000000000000,60.000000000000
8.128962658394,30.190494515843,45.528220566993
54.992151256439,31.012527054135,14.794558512888
60.000000000000,60.000000000000,0.000000000000
60.000000000000,60.000000000000,60.000000000000
60.000000000000,60.000000000000,60.000000000000
60.000000000000,60.000000000000,60.000000000000
30.443214864807,41.294896942886,29.635410965453
57.330189313334,34.345230037201,6.423160151267
45.952794301641,6.123967916829,24.722829271975
11.264139164140,14.750533050823,41.879273453123
60.000000000000,60.000000000000,60.000000000000
34.038951847149,20.653681381994,8.481753650597
60.000000000000,60.000000000000,60.000000000000
60.000000000000,60.000000000000,60.000000000000
17.860182870169,48.705007462091,34.223290795740
19.674399693194,36.689327708530,41.721987115491
18.389156905810,32.366246340334,27.441189680035
60.000000000000,60.000000000000,60.000000000000
60.000000000000,60.000000000000,60.000000000000
52.975359965704,1.567169722478,28.951421786124
60.000000000000,60.000000000000,60.000000000000
60.000000000000,60.000000000000,60.000000000000
21.453723945044,15.332942619461,38.957347478842
15.564418040943,52.323227769716,39.945019071052
32.483805027862,21.434164796341,20.488518253038
60.000000000000,0.000000000000,47.707339525834
60.000000000000,60.000000000000,60.000000000000
60.000000000000,60.000000000000,60.000000000000
60.000000000000,60.000000000000,60.000000000000
18.245518209643,19.254215118709,26.720069149734
60.000000000000,60.000000000000,60.000000000000
60.000000000000,60.000000000000,60.000000000000
60.000000000000,60.000000000000,60.000000000000
40.877090581294,18.942176403356,2.767497009272
60.000000000000,60.000000000000,60.000000000000
52.400070720402,52.913268324890,58.186486747994
60.000000000000,60.000000000000,60.000000000000
60.000000000000,60.000000000000,60.000000000000
10.199946034160,36.352748647295,22.672370835865
60.000000000000,60.000000000000,60.000000000000
60.000000000000,60.000000000000,60.000000000000
28.687306712330,60.000000000000,60.000000000000
60.000000000000,60.000000000000,60.000000000000
60.000000000000,60.000000000000,60.000000000000
34.244429389991,31.670536972413,28.142887792790
60.000000000000,60.000000000000,60.000000000000
60.000000000000,60.000000000000,0.000000000000
60.000000000000,60.000000000000,0.000000000000
38.066941161237,27.232460399116,55.183045726500
60.000000000000,60.000000000000,60.000000000000
2.967471428635,60.000000000000,15.039050188609
60.000000000000,60.000000000000,60.000000000000
48.378400580698,53.721800380433,30.165839172322
60.000000000000,60.000000000000,0.000000000000
60.000000000000,60.000000000000,60.000000000000
60.000000000000,60.000000000000,60.000000000000
60.000000000000,60.000000000000,24.626390465537
39.999220039012,40.774390199646,0.065426733389
60.000000000000,60.000000000000,60.000000000000
26.211960955190,5.399391182330,21.087856429319
60.000000000000,60.000000000000,60.000000000000
44.875230434284,10.812439708060,26.636352580001
60.000000000000,60.000000000000,60.000000000000
60.000000000000,60.000000000000,60.000000000000
50.275723731800,12.885306514637,28.913100643659
60.000000000000,60.000000000000,60.000000000000
60.000000000000,60.000000000000,60.000000000000
3.990611116695,41.006843449697,7.369396277588
48.590058882217,21.037672246689,21.390839078187
48.860519754045,53.646674883688,4.065237241754
60.000000000000,60.000000000000,60.000000000000
60.000000000000,60.000000000000,60.000000000000
60.000000000000,60.000000000000,60.000000000000
60.000000000000,60.000000000000,60.000000000000
60.000000000000,11.191685216975,12.224385412904
17.596722015343,24.556926685780,21.477527007008
35.466939217537,30.910852031377,19.902170377404
60.000000000000,60.000000000000,60.000000000000
60.000000000000,60.000000000000,60.000000000000
60.000000000000,60.000000000000,60.000000000000
20.884035144264,58.133832848359,40.123646859695
60.000000000000,60.000000000000,60.000000000000
49.515377070177,14.756123101667,39.399077565277
55.524923487996,42.112978239372,41.844766168813
60.000000000000,60.000000000000,60.000000000000
60.000000000000,60.000000000000,60.000000000000
60.000000000000,60.000000000000,60.000000000000
60.000000000000,60.000000000000,60.000000000000
60.000000000000,60.000000000000,60.000000000000
60.000000000000,60.000000000000,60.000000000000
49.129797405390,41.327994657584,45.788001155815
32.442311182387,14.439386230616,40.188510867476
43.460227685145,27.808699665393,24.090043936446
34.868381513553,54.926902323577,48.792396559718
60.000000000000,60.000000000000,60.000000000000
25.593782704766,39.476064605460,56.369494033243
60.000000000000,60.000000000000,60.000000000000
31.691689641367,47.843704037091,26.282662299096
27.541210285540,14.016622214303,42.683814996911
60.000000000000,60.000000000000,60.000000000000
60.000000000000,60.000000000000,60.000000000000
8.059070843310,40.313402878497,43.550849891614
3.336105328141,47.331940259362,35.040968890861
45.220007659696,53.762586924864,36.802112607158
21.825351985573,0.000000000000,20.977933084384
60.000000000000,60.000000000000,60.000000000000
17.258792669763,13.543179635865,37.789271756712
46.417427585828,47.786624137267,40.309182263818
60.000000000000,60.000000000000,60.000000000000
60.000000000000,60.000000000000,60.000000000000
60.000000000000,60.000000000000,60.000000000000
39.562954462120,31.386343671318,32.768201099989
15.127243783976,10.466008250708,49.136332626429
52.000933483765,28.438571217637,49.232094674494
44.091972467292,26.071326406261,32.825872307162
51.892956000733,23.957031944514,46.404794252642
46.521606490253,16.264090612933,17.060556865676
60.000000000000,60.000000000000,60.000000000000
53.926340871685,34.915245657019,40.605069086502
60.000000000000,60.000000000000,60.000000000000
60.000000000000,60.000000000000,60.000000000000
60.000000000000,60.000000000000,60.000000000000
60.000000000000,60.000000000000,60.000000000000
30.815378956061,3.912980451302,6.573960007212
60.000000000000,33.860489909435,4.232162262097
60.000000000000,60.000000000000,60.000000000000
36.742733017618,54.746182067565,25.170998766993
0.000000000000,60.000000000000,60.000000000000
16.088243412925,53.420278491898,29.988201149958
31.308782604285,38.612667146518,27.915074351537
60.000000000000,60.000000000000,60.000000000000
60.000000000000,60.000000000000,60.000000000000
60.000000000000,60.000000000000,60.000000000000
60.000000000000,60.000000000000,60.000000000000
25.807935236658,30.782638944780,58.608876880013
60.000000000000,60.000000000000,60.000000000000
43.457914421252,26.724258106575,39.414748012821
60.000000000000,60.000000000000,60.000000000000
60.000000000000,60.000000000000,60.000000000000
60.000000000000,60.000000000000,60.000000000000
60.000000000000,60.000000000000,60.000000000000
54.829944717522,19.555936039738,37.233547890972
45.156194577621,36.082455297288,1.843427583128
34.745967690303,49.305640863272,44.496019604186
60.000000000000,60.000000000000,0.000000000000
60.000000000000,60.000000000000,60.000000000000
60.000000000000,60.000000000000,0.000000000000
30.266173869700,3.392517095432,36.673779925070
60.000000000000,60.000000000000,60.000000000000
60.000000000000,60.000000000000,60.000000000000
2.081537991483,32.985015176312,5.968849876920
60.000000000000,60.000000000000,60.000000000000
32.202084518236,5.532693853510,7.440894658879
60.000000000000,60.000000000000,60.000000000000
38.129904002035,11.238518750828,14.481074795578
48.669470526252,4.327548481509,32.296609529417
60.000000000000,60.000000000000,60.000000000000
55.589276640293,8.560392225631,46.490559621432
60.000000000000,60.000000000000,60.000000000000
60.000000000000,60.000000000000,60.000000000000
60.000000000000,60.000000000000,60.000000000000
60.000000000000,60.000000000000,60.000000000000
16.923423870829,3.628597335058,60.000000000000
23.501605828861,21.631097238391,20.703289685684
44.693727190345,26.058853230841,27.466720550988
49.393439137728,30.633054574419,53.585036342333
31.864029656872,4.315270541774,33.060679506597
60.000000000000,60.000000000000,60.000000000000
60.000000000000,60.000000000000,60.000000000000
60.000000000000,60.000000000000,60.000000000000
10.974019860112,39.280679648677,26.015962610844
60.000000000000,60.000000000000,60.000000000000
60.000000000000,60.000000000000,60.000000000000
60.000000000000,60.000000000000,60.000000000000
30.261558063770,53.748661888347,60.000000000000
60.000000000000,60.000000000000,60.000000000000
39.886821226979,53.454128023723,34.374564657994
30.941164246772,35.791399762670,19.514557347516
60.000000000000,60.000000000000,60.000000000000
60.000000000000,60.000000000000,60.000000000000
60.000000000000,60.000000000000,60.000000000000
60.000000000000,60.000000000000,60.000000000000
60.000000000000,60.000000000000,60.000000000000
60.000000000000,60.000000000000,60.000000000000
60.000000000000,60.000000000000,60.000000000000
48.578017848547,4.623041544202,42.052537195864
60.000000000000,60.000000000000,60.000000000000
60.000000000000,60.000000000000,60.000000000000
60.000000000000,60.000000000000,60.000000000000
26.239106377011,48.191852308634,44.529951044185
60.000000000000,60.000000000000,60.000000000000
60.000000000000,60.000000000000,60.000000000000
60.000000000000,60.000000000000,60.000000000000
60.000000000000,60.000000000000,60.000000000000
60.000000000000,60.000000000000,60.000000000000
53.068592206645,2.447441328540,17.838568459508
60.000000000000,60.000000000000,60.000000000000
48.783587357175,19.939391531581,41.051228100120
49.631284826685,33.637672788555,16.543697404465
42.054014738441,20.437741792379,22.294970157143
60.000000000000,60.000000000000,60.000000000000
52.134235234543,34.437971535797,54.522646809286
60.000000000000,60.000000000000,60.000000000000
60.000000000000,60.000000000000,60.000000000000
7.700258533886,18.439729131837,54.950276395112
60.000000000000,60.000000000000,60.000000000000
0.000000000000,32.199189916559,60.000000000000
60.000000000000,60.000000000000,60.000000000000
49.161508026479,23.267333850316,0.000000000000
60.000000000000,60.000000000000,60.000000000000
60.000000000000,60.000000000000,60.000000000000
60.000000000000,60.000000000000,60.000000000000
60.000000000000,60.000000000000,60.000000000000
60.000000000000,60.000000000000,60.000000000000
53.549458782658,7.805651301285,26.261713846977
31.455195390303,1.423471333589,21.321605330589
60.000000000000,60.000000000000,60.000000000000
5.712332968427,47.561363297834,27.869593706174
60.000000000000,60.000000000000,60.000000000000
51.839878945049,55.104382702905,43.089827400562
60.000000000000,60.000000000000,60.000000000000
15.654085545192,60.000000000000,60.000000000000
53.055680454980,18.150256816608,60.000000000000
60.000000000000,60.000000000000,60.000000000000
57.272568707931,1.051651755352,46.483061958591
46.977193712845,27.305926058381,34.896074437348
49.795955591139,25.467603325765,14.582630598834
60.000000000000,60.000000000000,60.000000000000
24.825908933052,19.987984307466,35.288773592517
26.490048365501,60.000000000000,45.262414456377
60.000000000000,60.000000000000,60.000000000000
21.304018148235,1.299265622707,37.190810964151
60.000000000000,60.000000000000,60.000000000000
13.284948745665,13.022310431209,8.752355028737
29.065279317484,3.399259869206,22.500819205512
60.000000000000,60.000000000000,60.000000000000
60.000000000000,60.000000000000,60.000000000000
20.459411881253,29.205236794078,8.955250835117
56.806072957454,37.546760208797,53.818656818342
60.000000000000,60.000000000000,60.000000000000
4.853369665515,43.232380806259,2.688494256048
50.401988448957,41.172376773894,45.010969348922
60.000000000000,60.000000000000,60.000000000000
60.000000000000,60.000000000000,60.000000000000
1.159927567617,0.636866848697,60.000000000000
45.522778834777,3.298704568071,20.433742180663
60.000000000000,60.000000000000,60.000000000000
60.000000000000,60.000000000000,60.000000000000
60.000000000000,60.000000000000,8.491564377600
60.000000000000,60.000000000000,60.000000000000
56.116445268142,36.706868259605,26.578454552684
55.125248817448,2.228497742191,8.615287277492
60.000000000000,60.000000000000,60.000000000000
60.000000000000,60.000000000000,60.000000000000
60.000000000000,60.000000000000,60.000000000000
60.000000000000,60.000000000000,60.000000000000
12.288569544320,33.070411629382,50.404919419332
60.000000000000,60.000000000000,60.000000000000
60.000000000000,60.000000000000,0.000000000000
60.000000000000,60.000000000000,60.000000000000
60.000000000000,60.000000000000,60.000000000000
60.000000000000,60.000000000000,60.000000000000
60.000000000000,60.000000000000,0.000000000000
20.516786810107,25.988560089628,28.186002378547
60.000000000000,60.000000000000,60.000000000000
52.187197174433,32.837839315682,39.976676084621
0.000000000000,60.000000000000,60.000000000000
3.546229682722,34.068811170318,51.698151675487
60.000000000000,60.000000000000,60.000000000000
10.685431636171,40.735995439849,10.332012179013
60.000000000000,60.000000000000,60.000000000000
60.000000000000,60.000000000000,60.000000000000
0.243589555826,1.519835840468,14.785635855634
53.528040779815,16.225215965673,55.073491676685
60.000000000000,60.000000000000,0.000000000000
60.000000000000,60.000000000000,60.000000000000
60.000000000000,60.000000000000,0.000000000000
60.000000000000,60.000000000000,60.000000000000
60.000000000000,60.000000000000,60.000000000000
60.000000000000,60.000000000000,0.000000000000
60.000000000000,60.000000000000,60.000000000000
56.189540963381,51.984273847890,27.004381128029
60.000000000000,60.000000000000,0.000000000000
60.000000000000,60.000000000000,60.000000000000
60.000000000000,60.000000000000,60.000000000000
55.229577799055,15.714235266259,22.732545540642
60.000000000000,10.115844629730,36.460683853862
0.164132008464,36.207220188717,31.820002626488
60.000000000000,60.000000000000,0.000000000000
0.000000000000,60.000000000000,60.000000000000
58.174879063328,24.752426624469,25.875479998478
60.000000000000,60.000000000000,0.000000000000
0.000000000000,60.000000000000,60.000000000000
54.656451257699,51.287195289969,34.786982894164
60.000000000000,40.240142606148,51.221040370809
60.000000000000,60.000000000000,0.000000000000
55.009275604677,22.939439947337,17.702870061554
60.000000000000,13.679857412533,46.074101688126
57.568026141430,41.499488784033,51.507517001361
60.000000000000,60.000000000000,60.000000000000
37.309013675860,49.621415535183,32.074229682977
60.000000000000,60.000000000000,60.000000000000
53.335710359289,22.161799698536,33.155048185669
60.000000000000,50.556378004854,15.937317882745
60.000000000000,60.000000000000,60.000000000000
47.489528677125,16.226901321262,40.606951865135
34.100494303894,7.745105614452,12.044648547514
60.000000000000,60.000000000000,60.000000000000
60.000000000000,60.000000000000,60.000000000000
54.329012084423,30.768658963787,20.340777526739
52.535817312923,40.925912028820,29.213053079490
9.198328219862,24.498064691419,33.949033756315
23.186788906482,19.592513621957,37.026829409658
52.207109290736,33.058848519997,6.346196785474
44.313323546447,28.720722350577,34.445557641694
57.052707629549,26.605661800606,7.539481794122
60.000000000000,60.000000000000,60.000000000000
60.000000000000,53.112741939350,40.602530085236
60.000000000000,60.000000000000,60.000000000000
60.000000000000,60.000000000000,0.000000000000
60.000000000000,60.000000000000,0.000000000000
23.232954507065,6.080640397447,59.848983037909
60.000000000000,60.000000000000,60.000000000000
60.000000000000,60.000000000000,60.000000000000
60.000000000000,60.000000000000,60.000000000000
2.443240528170,30.293658235209,53.815356488869
29.631297041552,21.505452361897,13.835980114673
37.394367911796,7.468326660796,10.736418310891
60.000000000000,60.000000000000,60.000000000000
60.000000000000,60.000000000000,0.000000000000
13.527463855400,21.873366026819,18.145236777405
60.000000000000,60.000000000000,24.256761272741
1.907518057659,55.647185655049,54.322199411263
59.548784969519,57.366479201845,14.626194395561
60.000000000000,60.000000000000,60.000000000000
25.595279163477,30.521463635887,32.578285427018
60.000000000000,60.000000000000,0.000000000000
60.000000000000,60.000000000000,60.000000000000
60.000000000000,60.000000000000,60.000000000000
60.000000000000,60.000000000000,0.000000000000
60.000000000000,60.000000000000,0.000000000000
53.243973399791,29.406135632157,48.088218044368
60.000000000000,60.000000000000,0.000000000000
60.000000000000,60.000000000000,60.000000000000
60.000000000000,60.000000000000,60.000000000000
60.000000000000,60.000000000000,60.000000000000
60.000000000000,60.000000000000,60.000000000000
60.000000000000,60.000000000000,60.000000000000
29.576422907114,20.563150893332,8.158270785426
35.506082824425,0.077084048851,22.045816642235
28.560521373673,48.721011224132,56.062606006394
60.000000000000,60.000000000000,60.000000000000
60.000000000000,60.000000000000,60.000000000000
56.572738140714,9.287563109250,7.417057002203
57.328672014554,11.130850465573,12.064523632556
60.000000000000,60.000000000000,60.000000000000
60.000000000000,60.000000000000,60.000000000000
60.000000000000,60.000000000000,60.000000000000
60.000000000000,60.000000000000,0.000000000000
60.000000000000,60.000000000000,60.000000000000
60.000000000000,60.000000000000,60.000000000000
60.000000000000,60.000000000000,60.000000000000
27.792262493957,29.296650011272,24.447744477708
60.000000000000,60.000000000000,60.000000000000
60.000000000000,60.000000000000,60.000000000000
56.202525150717,37.668838303005,10.889243223212
60.000000000000,60.000000000000,60.000000000000
60.000000000000,60.000000000000,60.000000000000
60.000000000000,60.000000000000,60.000000000000
60.000000000000,60.000000000000,60.000000000000
0.000000000000,60.000000000000,60.000000000000
60.000000000000,60.000000000000,60.000000000000
21.943160312039,58.836505809950,0.400213267213
7.823229270070,39.811695321607,46.497372016123
60.000000000000,60.000000000000,60.000000000000
53.544925235606,57.450998476852,12.862438849379
60.000000000000,60.000000000000,60.000000000000
60.000000000000,26.819832566266,29.899070977396
60.000000000000,60.000000000000,60.000000000000
60.000000000000,60.000000000000,0.000000000000
60.000000000000,60.000000000000,60.000000000000
60.000000000000,60.000000000000,60.000000000000
60.000000000000,60.000000000000,60.000000000000
60.000000000000,60.000000000000,60.000000000000
48.180951087586,39.547733317382,31.251926806692
60.000000000000,60.000000000000,60.000000000000
29.655847343267,40.057910073248,58.719380057205
60.000000000000,60.000000000000,60.000000000000
60.000000000000,60.000000000000,60.000000000000
1.206560597790,26.950700154559,2.619796284937
26.654466873716,11.655405018133,14.540724662966
37.094052688203,60.000000000000,28.239899148905
60.000000000000,60.000000000000,60.000000000000
60.000000000000,50.382307473445,34.297763757150
60.000000000000,60.000000000000,60.000000000000
60.000000000000,60.000000000000,60.000000000000
1.775724418578,52.857141563672,60.000000000000
60.000000000000,60.000000000000,60.000000000000
31.227832188446,4.357674465850,60.000000000000
55.110277382218,0.490209143366,41.098613258338
60.000000000000,60.000000000000,60.000000000000
60.000000000000,60.000000000000,60.000000000000
60.000000000000,60.000000000000,60.000000000000
57.268285851503,22.417446404126,13.870158674913
60.000000000000,60.000000000000,0.000000000000
29.225492968221,54.114349987245,27.382945901669
60.000000000000,60.000000000000,60.000000000000
60.000000000000,60.000000000000,60.000000000000
60.000000000000,60.000000000000,60.000000000000
36.950081380150,49.649578067418,40.060570235989
60.000000000000,60.000000000000,0.000000000000
46.230912778728,7.200737630407,49.218045400679
60.000000000000,60.000000000000,60.000000000000
60.000000000000,60.000000000000,0.000000000000
60.000000000000,60.000000000000,60.000000000000
57.502027134976,58.291441275157,21.970327952604
60.000000000000,60.000000000000,60.000000000000
60.000000000000,60.000000000000,60.000000000000
60.000000000000,60.000000000000,60.000000000000
35.524723796890,37.607033902517,15.156611669875
60.000000000000,60.000000000000,60.000000000000
1.037782887572,5.288187788105,25.653531743568
52.266912118902,14.392179901023,24.327263730325
55.723386859433,25.169761036095,0.540055117624
60.000000000000,60.000000000000,60.000000000000
45.998148514220,28.387109261936,23.626246876848
60.000000000000,60.000000000000,60.000000000000
60.000000000000,60.000000000000,60.000000000000
57.331097873012,34.676334727078,12.024558927077
59.264830648301,44.689722220505,51.079304771548
10.264769744379,18.516022474871,60.000000000000
60.000000000000,60.000000000000,0.000000000000
60.000000000000,60.000000000000,0.000000000000
47.466555973606,0.055349091456,35.831661595412
55.138098078729,21.206924541056,23.309726251596
60.000000000000,60.000000000000,60.000000000000
60.000000000000,60.000000000000,60.000000000000
39.048569829405,4.490662308381,34.505828061083
60.000000000000,60.000000000000,0.000000000000
60.000000000000,60.000000000000,0.000000000000
60.000000000000,60.000000000000,60.000000000000
0.930265442527,2.988010330602,1.165928956320
60.000000000000,60.000000000000,60.000000000000
