x,y,z
3.778315765684,1.628842268113,32.554960751076
60.000000000000,60.000000000000,60.000000000000
60.000000000000,60.000000000000,60.000000000000
39.482058483544,26.353338117224,29.681691676405
26.717093980672,21.827325731533,22.295313175783
60.000000000000,60.000000000000,60.000000000000
0.000000000000,60.000000000000,60.000000000000
11.344581262934,47.410292613234,12.542459113577
60.000000000000,60.000000000000,60.000000000000
60.000000000000,60.000000000000,60.000000000000
7.300832954262,2.947114466399,7.797933417845
60.000000000000,60.000000000000,60.000000000000
33.692742832124,42.439970952782,22.754616465303
0.152935891404,58.748076979163,42.110895891102
45.937787474670,55.720701187359,3.756363262016
60.000000000000,60.000000000000,0.000000000000
60.000000000000,60.000000000000,60.000000000000
60.000000000000,60.000000000000,60.000000000000
60.000000000000,60.000000000000,0.000000000000
13.040369919481,56.273767602790,37.757446352504
60.000000000000,60.000000000000,60.000000000000
60.000000000000,60.000000000000,60.000000000000
25.825564863233,10.951582271118,27.359491050001
2.006469275972,44.849344511489,59.199562897683
0.723702604393,24.842536527663,52.776561142928
60.000000000000,60.000000000000,60.000000000000
60.000000000000,60.000000000000,60.000000000000
60.000000000000,60.000000000000,0.000000000000
2.096241074151,54.696591572514,36.863798154662
60.000000000000,3.747965239024,47.110852734656
1.067240682179,50.525556312009,54.557646664329
60.000000000000,60.000000000000,60.000000000000
2.165844649675,5.548861558580,1.526129942625
58.034196649882,51.673663889957,8.445424242458
60.000000000000,60.000000000000,60.000000000000
60.000000000000,60.000000000000,0.000000000000
60.000000000000,60.000000000000,60.000000000000
49.776372391251,5.657285053282,37.590555232925
60.000000000000,60.000000000000,60.000000000000
60.000000000000,60.000000000000,60.000000000000
60.000000000000,0.580415472879,36.333318453608
60.000000000000,60.000000000000,0.000000000000
60.000000000000,60.000000000000,60.000000000000
48.170474024849,36.803593557486,7.994769416783
60.000000000000,60.000000000000,60.000000000000
29.877039342500,32.897931096910,16.576039353493
15.659514189337,20.294259177483,6.832476981970
24.360090302161,18.676661025567,21.159652149574
16.222902684190,7.951851156360,38.079585547616
60.000000000000,60.000000000000,60.000000000000
0.851722787720,25.201560048600,48.344326712929
60.000000000000,60.000000000000,60.000000000000
10.598575099746,9.013188047185,22.924848200033
54.366788469686,4.265036037551,4.176683965193
8.798261837656,31.373287664224,29.126589907932
60.000000000000,60.000000000000,60.000000000000
60.000000000000,60.000000000000,60.000000000000
0.000000000000,60.000000000000,60.000000000000
60.000000000000,60.000000000000,0.000000000000
40.800072728368,3.047131674462,21.062004806824
60.000000000000,60.000000000000,60.000000000000
60.000000000000,60.000000000000,60.000000000000
60.000000000000,60.000000000000,60.000000000000
60.000000000000,24.368460310145,31.780488013641
55.416157193316,34.790556397277,47.890031445086
0.000000000000,60.000000000000,60.000000000000
60.000000000000,60.000000000000,60.000000000000
39.785128876996,27.682503598908,26.473411684755
43.516896958872,3.962071271515,37.715749421559
60.000000000000,60.000000000000,60.000000000000
60.000000000000,60.000000000000,60.000000000000
60.000000000000,60.000000000000,60.000000000000
60.000000000000,60.000000000000,60.000000000000
60.000000000000,60.000000000000,0.000000000000
27.133344885052,36.362961763501,1.292065775051
60.000000000000,60.000000000000,60.000000000000
60.000000000000,60.000000000000,60.000000000000
60.000000000000,60.000000000000,60.000000000000
60.000000000000,60.000000000000,60.000000000000
60.000000000000,60.000000000000,0.000000000000
60.000000000000,60.000000000000,60.000000000000
13.966986695794,15.588767824390,21.900116155649
14.084459828260,39.794017993909,11.170186190946
6.315153419404,3.977078824755,14.585272597083
40.456869250838,33.868908535041,58.454686334746
60.000000000000,60.000000000000,60.000000000000
30.254029265918,16.824351721083,25.116774512611
60.000000000000,60.000000000000,60.000000000000
49.746167169811,17.014290765813,29.848958755530
60.000000000000,60.000000000000,60.000000000000
60.000000000000,60.000000000000,60.000000000000
60.000000000000,60.000000000000,60.000000000000
60.000000000000,60.000000000000,0.000000000000
11.954851847260,52.683433385247,26.733279849961
6.493165785897,14.820113011364,17.525839750621
60.000000000000,60.000000000000,0.000000000000
31.526834993158,51.713555557881,27.301708786810
17.948997755057,51.264143510447,19.747690060170
15.808450929336,39.108429523614,29.688054705947
60.000000000000,60.000000000000,60.000000000000
6.120851509483,55.103789130105,32.237776411699
60.000000000000,60.000000000000,60.000000000000
60.000000000000,60.000000000000,60.000000000000
60.000000000000,60.000000000000,60.000000000000
60.000000000000,60.000000000000,60.000000000000
60.000000000000,60.000000000000,60.000000000000
60.000000000000,60.000000000000,60.000000000000
60.000000000000,60.000000000000,60.000000000000
2.448968977126,35.284632998272,48.656043679368
60.000000000000,60.000000000000,60.000000000000
60.000000000000,60.000000000000,60.000000000000
60.000000000000,60.000000000000,60.000000000000
60.000000000000,60.000000000000,60.000000000000
60.000000000000,60.000000000000,60.000000000000
60.000000000000,60.000000000000,60.000000000000
60.000000000000,60.000000000000,0.000000000000
60.000000000000,60.000000000000,0.000000000000
60.000000000000,60.000000000000,60.000000000000
18.046172859045,56.176743183971,52.079451418663
4.352407420688,39.194248776328,8.221296368525
60.000000000000,60.000000000000,0.000000000000
60.000000000000,60.000000000000,60.000000000000
43.708517128638,22.240910457856,38.541957878436
12.764004404165,32.090223356206,30.889640283828
60.000000000000,60.000000000000,60.000000000000
60.000000000000,60.000000000000,60.000000000000
34.761001647323,32.432439505668,18.721866227749
17.313698320341,48.997291707106,18.381234634192
12.144200496706,23.798296747174,44.788312294239
60.000000000000,60.000000000000,60.000000000000
60.000000000000,60.000000000000,60.000000000000
19.573497612742,18.559374629177,27.939390718722
60.000000000000,60.000000000000,60.000000000000
27.628090739935,26.750131399594,4.656933151741
55.891443023928,52.633919109278,39.987074136982
60.000000000000,60.000000000000,60.000000000000
60.000000000000,60.000000000000,60.000000000000
0.000000000000,60.000000000000,60.000000000000
60.000000000000,60.000000000000,60.000000000000
60.000000000000,60.000000000000,0.000000000000
60.000000000000,60.000000000000,60.000000000000
60.000000000000,60.000000000000,60.000000000000
60.000000000000,60.000000000000,60.000000000000
41.642832137021,42.493178378803,35.908263776285
60.000000000000,60.000000000000,60.000000000000
46.411348716557,54.928882678894,0.215200882113
59.554133853731,10.597923969322,52.171743131872
60.000000000000,60.000000000000,60.000000000000
60.000000000000,60.000000000000,60.000000000000
60.000000000000,60.000000000000,60.000000000000
41.174168660253,43.945330298511,40.270351011447
60.000000000000,60.000000000000,60.000000000000
60.000000000000,60.000000000000,60.000000000000
60.000000000000,60.000000000000,60.000000000000
60.000000000000,60.000000000000,60.000000000000
60.000000000000,60.000000000000,60.000000000000
60.000000000000,60.000000000000,60.000000000000
60.000000000000,60.000000000000,0.000000000000
60.000000000000,33.678017789997,31.503758134840
60.000000000000,60.000000000000,0.000000000000
60.000000000000,60.000000000000,60.000000000000
60.000000000000,60.000000000000,0.000000000000
0.000000000000,60.000000000000,60.000000000000
60.000000000000,60.000000000000,60.000000000000
60.000000000000,60.000000000000,60.000000000000
60.000000000000,60.000000000000,0.000000000000
60.000000000000,60.000000000000,60.000000000000
60.000000000000,60.000000000000,60.000000000000
19.704428568616,16.517120307606,15.871682975409
60.000000000000,60.000000000000,60.000000000000
60.000000000000,60.000000000000,0.000000000000
42.331318228981,17.910065496296,16.882521254296
60.000000000000,60.000000000000,60.000000000000
60.000000000000,60.000000000000,60.000000000000
3.142560885500,29.738687654092,15.121647169071
60.000000000000,60.000000000000,0.000000000000
60.000000000000,60.000000000000,60.000000000000
36.594522840778,32.223361360275,60.000000000000
53.471174368037,44.287332004835,15.116889042881
60.000000000000,60.000000000000,60.000000000000
60.000000000000,60.000000000000,60.000000000000
60.000000000000,60.000000000000,60.000000000000
60.000000000000,60.000000000000,60.000000000000
60.000000000000,60.000000000000,60.000000000000
60.000000000000,60.000000000000,60.000000000000
17.489537300122,60.000000000000,19.774918744955
60.000000000000,60.000000000000,60.000000000000
60.000000000000,60.000000000000,0.000000000000
60.000000000000,60.000000000000,60.000000000000
60.000000000000,60.000000000000,60.000000000000
60.000000000000,60.000000000000,60.000000000000
60.000000000000,60.000000000000,60.000000000000
59.550648613609,46.579086148880,12.965836855150
57.856077029451,30.881780210431,48.718783867513
60.000000000000,60.000000000000,60.000000000000
22.780441423236,38.359087883817,35.523061156831
53.932580976341,22.596090030743,42.733423299428
60.000000000000,60.000000000000,60.000000000000
60.000000000000,60.000000000000,60.000000000000
60.000000000000,60.000000000000,60.000000000000
60.000000000000,60.000000000000,60.000000000000
0.000000000000,60.000000000000,60.000000000000
60.000000000000,60.000000000000,60.000000000000
60.000000000000,60.000000000000,0.000000000000
20.364956076483,17.131536315505,11.320133645043
60.000000000000,60.000000000000,60.000000000000
60.000000000000,60.000000000000,60.000000000000
60.000000000000,60.000000000000,60.000000000000
14.541356284396,5.265291569494,13.743135203332
51.468281233717,33.337002739965,7.059356166023
60.000000000000,60.000000000000,60.000000000000
60.000000000000,60.000000000000,60.000000000000
42.285944066128,40.084887934510,48.054259081512
60.000000000000,60.000000000000,60.000000000000
26.635732925493,2.089705644424,5.503982279617
60.000000000000,60.000000000000,60.000000000000
8.102977491739,34.186516912697,58.352435983938
60.000000000000,60.000000000000,60.000000000000
46.823401167669,13.053823232033,12.240054911681
60.000000000000,60.000000000000,60.000000000000
60.000000000000,60.000000000000,0.000000000000
4.184268753888,38.903431892247,6.491354979065
37.148385932582,40.416577856530,42.244947520918
60.000000000000,60.000000000000,60.000000000000
60.000000000000,60.000000000000,60.000000000000
57.352342275432,30.194279117900,58.960058441149
60.000000000000,60.000000000000,60.000000000000
60.000000000000,60.000000000000,60.000000000000
60.000000000000,60.000000000000,60.000000000000
60.000000000000,60.000000000000,60.000000000000
60.000000000000,60.000000000000,60.000000000000
60.000000000000,60.000000000000,60.000000000000
26.171448760976,0.000000000000,25.719207190192
60.000000000000,60.000000000000,60.000000000000
60.000000000000,60.000000000000,60.000000000000
60.000000000000,60.000000000000,60.000000000000
60.000000000000,60.000000000000,60.000000000000
60.000000000000,60.000000000000,60.000000000000
60.000000000000,0.000000000000,60.000000000000
60.000000000000,60.000000000000,60.000000000000
60.000000000000,60.000000000000,60.000000000000
55.066527344966,47.928619130521,27.771084778411
60.000000000000,60.000000000000,20.860293055594
60.000000000000,60.000000000000,60.000000000000
6.615639383779,58.177096730309,16.513453086145
27.465460372236,16.564136732211,27.364192796649
60.000000000000,60.000000000000,60.000000000000
60.000000000000,60.000000000000,0.000000000000
15.347928631481,49.827646064779,56.301828006862
43.780389617538,31.778190966011,30.566293956924
60.000000000000,60.000000000000,60.000000000000
1.387286816893,24.716571640906,30.822710311281
27.688792593159,41.607194808961,14.069570431379
60.000000000000,60.000000000000,60.000000000000
12.645783332631,16.928604243687,12.258790785781
60.000000000000,60.000000000000,60.000000000000
18.037850014877,20.539909419454,21.921061169380
27.916383945939,24.700597932542,33.943133115682
0.884527054122,31.301635091129,19.353358294756
60.000000000000,60.000000000000,60.000000000000
60.000000000000,60.000000000000,60.000000000000
60.000000000000,60.000000000000,0.000000000000
60.000000000000,60.000000000000,60.000000000000
60.000000000000,60.000000000000,60.000000000000
60.000000000000,60.000000000000,60.000000000000
60.000000000000,60.000000000000,60.000000000000
30.229599838350,56.235212338870,7.205451370908
60.000000000000,60.000000000000,60.000000000000
60.000000000000,60.000000000000,60.000000000000
60.000000000000,60.000000000000,60.000000000000
60.000000000000,60.000000000000,0.000000000000
44.851325027944,20.397318134127,14.235995973665
60.000000000000,60.000000000000,0.000000000000
22.879255387438,20.018135017214,55.349940270111
31.603630835730,43.276400226803,3.655376787697
60.000000000000,60.000000000000,60.000000000000
51.971341152559,28.458991065932,9.882852960032
19.139163801990,23.473635411140,7.561813580266
48.700312872136,44.251608137698,31.405143186380
60.000000000000,60.000000000000,60.000000000000
60.000000000000,60.000000000000,60.000000000000
11.415466569766,45.910283890254,30.106737726707
60.000000000000,60.000000000000,60.000000000000
50.849824923935,32.221872805627,38.337660831795
0.000000000000,60.000000000000,60.000000000000
60.000000000000,60.000000000000,60.000000000000
32.070069637640,14.845970690202,7.368344956215
52.790902241950,31.655013431888,0.921067514336
60.000000000000,60.000000000000,0.000000000000
60.000000000000,60.000000000000,60.000000000000
60.000000000000,60.000000000000,60.000000000000
60.000000000000,60.000000000000,0.000000000000
60.000000000000,60.000000000000,60.000000000000
60.000000000000,60.000000000000,0.000000000000
60.000000000000,60.000000000000,60.000000000000
60.000000000000,60.000000000000,60.000000000000
60.000000000000,60.000000000000,60.000000000000
60.000000000000,60.000000000000,0.000000000000
60.000000000000,26.256317384238,8.221313513144
60.000000000000,60.000000000000,60.000000000000
37.756548326096,60.000000000000,9.137013049463
54.008847745647,34.075609195183,13.858539825084
60.000000000000,60.000000000000,60.000000000000
27.681038377046,39.680830986315,33.055556122280
60.000000000000,60.000000000000,60.000000000000
14.179959819512,23.205536645347,22.855262271363
60.000000000000,60.000000000000,60.000000000000
60.000000000000,60.000000000000,60.000000000000
60.000000000000,60.000000000000,60.000000000000
60.000000000000,60.000000000000,60.000000000000
60.000000000000,60.000000000000,60.000000000000
14.484811585215,60.000000000000,15.000000931560
60.000000000000,60.000000000000,60.000000000000
60.000000000000,60.000000000000,0.000000000000
60.000000000000,60.000000000000,60.000000000000
19.891066562057,60.000000000000,39.478543356550
60.000000000000,60.000000000000,60.000000000000
60.000000000000,60.000000000000,60.000000000000
60.000000000000,60.000000000000,0.000000000000
60.000000000000,60.000000000000,0.000000000000
27.701610283832,12.103010629700,52.659381000999
27.685826436048,48.064409740147,4.779428810031
60.000000000000,60.000000000000,0.000000000000
60.000000000000,60.000000000000,0.000000000000
14.684261826049,31.416762803913,53.429663208159
60.000000000000,60.000000000000,60.000000000000
60.000000000000,43.185340363518,60.000000000000
60.000000000000,60.000000000000,0.000000000000
60.000000000000,60.000000000000,60.000000000000
60.000000000000,60.000000000000,0.000000000000
45.983775434673,38.195610209994,40.325627381311
46.234491005990,26.350965939752,21.421643294667
60.000000000000,60.000000000000,60.000000000000
60.000000000000,60.000000000000,0.000000000000
45.911624813759,50.330292154518,23.287118068178
60.000000000000,60.000000000000,60.000000000000
16.612771353016,6.210698046316,39.319779634494
60.000000000000,60.000000000000,60.000000000000
20.331593466767,39.810067475262,2.449194544823
60.000000000000,60.000000000000,60.000000000000
60.000000000000,60.000000000000,60.000000000000
60.000000000000,60.000000000000,60.000000000000
60.000000000000,60.000000000000,60.000000000000
60.000000000000,60.000000000000,60.000000000000
27.787141382093,37.681258225371,52.910036766798
60.000000000000,60.000000000000,0.000000000000
60.000000000000,60.000000000000,60.000000000000
60.000000000000,60.000000000000,0.000000000000
25.800574996566,40.280874468322,28.868322378532
60.000000000000,60.000000000000,0.000000000000
60.000000000000,60.000000000000,60.000000000000
60.000000000000,60.000000000000,0.000000000000
60.000000000000,60.000000000000,60.000000000000
3.064152506475,0.068802693578,50.358750872318
45.039912993022,60.000000000000,18.250656192537
60.000000000000,60.000000000000,60.000000000000
60.000000000000,60.000000000000,60.000000000000
60.000000000000,60.000000000000,60.000000000000
60.000000000000,60.000000000000,60.000000000000
60.000000000000,23.783647298761,13.496175460839
60.000000000000,60.000000000000,60.000000000000
60.000000000000,60.000000000000,60.000000000000
60.000000000000,60.000000000000,60.000000000000
60.000000000000,60.000000000000,60.000000000000
60.000000000000,60.000000000000,60.000000000000
60.000000000000,60.000000000000,60.000000000000
57.732118610717,0.963179622572,60.000000000000
60.000000000000,60.000000000000,60.000000000000
60.000000000000,60.000000000000,60.000000000000
53.282014381506,15.161521501542,34.323184659193
4.081798621711,4.506459881241,18.017713126848
9.892960843378,57.840281089869,12.667030055677
60.000000000000,60.000000000000,60.000000000000
60.000000000000,60.000000000000,60.000000000000
60.000000000000,60.000000000000,60.000000000000
60.000000000000,60.000000000000,60.000000000000
60.000000000000,60.000000000000,60.000000000000
60.000000000000,60.000000000000,60.000000000000
31.514706364586,57.614347415989,44.604617776508
60.000000000000,60.000000000000,60.000000000000
60.000000000000,60.000000000000,60.000000000000
0.968767975433,19.205518028743,54.811090204307
20.297240006590,5.369338482070,48.425386625609
60.000000000000,60.000000000000,60.000000000000
60.000000000000,60.000000000000,60.000000000000
60.000000000000,60.000000000000,60.000000000000
60.000000000000,60.000000000000,60.000000000000
60.000000000000,60.000000000000,60.000000000000
5.994746397558,48.679613185717,7.635399061762
0.000000000000,56.236864901535,60.000000000000
60.000000000000,60.000000000000,60.000000000000
60.000000000000,60.000000000000,0.000000000000
25.751688057525,42.247422658700,30.754284378150
4.081840538725,19.075932794716,23.275672906652
60.000000000000,60.000000000000,60.000000000000
23.107570600049,27.180155269239,22.200003768123
60.000000000000,60.000000000000,60.000000000000
54.899926293720,12.766029796273,49.754694243066
60.000000000000,60.000000000000,60.000000000000
60.000000000000,0.000000000000,60.000000000000
60.000000000000,60.000000000000,60.000000000000
18.572084655362,4.656372457030,33.401377206362
60.000000000000,60.000000000000,60.000000000000
19.972913964832,4.685231918234,60.000000000000
22.368261781636,17.836783808133,25.231824429160
28.462707380160,55.983088117774,19.202298137722
20.164002773473,54.757253707772,34.646682449327
60.000000000000,60.000000000000,60.000000000000
60.000000000000,60.000000000000,60.000000000000
60.000000000000,60.000000000000,60.000000000000
60.000000000000,60.000000000000,60.000000000000
6.724786364720,42.051818907247,36.950898918118
29.950341617583,39.271236946773,14.006696500246
0.000000000000,0.000000000000,0.000000000000
38.510275839121,52.585823083782,36.924450033938
60.000000000000,60.000000000000,60.000000000000
60.000000000000,60.000000000000,5.994527678329
37.282353810598,18.073939026191,6.023395301293
21.892914234050,10.368972708170,13.145329227368
60.000000000000,60.000000000000,0.000000000000
18.904426625014,24.156058378895,8.334225056190
60.000000000000,60.000000000000,60.000000000000
58.881740703403,5.756669440738,55.802176411502
12.860455619257,1.136036843601,36.058616987222
28.325896907479,59.170820463133,5.152118653837
60.000000000000,60.000000000000,0.000000000000
60.000000000000,60.000000000000,60.000000000000
21.673994165490,46.795536705399,46.619767020755
60.000000000000,60.000000000000,60.000000000000
60.000000000000,60.000000000000,60.000000000000
31.713459870411,23.134768145444,38.117934813529
7.573222713572,43.709299540173,29.435975054896
60.000000000000,60.000000000000,60.000000000000
51.838674574836,41.843034736940,3.558606694272
60.000000000000,60.000000000000,60.000000000000
60.000000000000,60.000000000000,0.000000000000
60.000000000000,60.000000000000,60.000000000000
60.000000000000,60.000000000000,0.000000000000
60.000000000000,60.000000000000,60.000000000000
29.704662065535,36.902291981152,25.954194867684
0.000000000000,60.000000000000,60.000000000000
60.000000000000,60.000000000000,60.000000000000
60.000000000000,60.000000000000,60.000000000000
60.000000000000,60.000000000000,60.000000000000
7.928526496322,29.078921609489,1.637771670409
60.000000000000,60.000000000000,60.000000000000
33.075420120381,37.368993340515,42.075531587934
0.000000000000,0.000000000000,0.000000000000
60.000000000000,60.000000000000,60.000000000000
60.000000000000,60.000000000000,60.000000000000
60.000000000000,60.000000000000,60.000000000000
56.313315105557,53.773313489153,35.679721791128
18.522468507382,28.226797706787,2.369603108299
28.854792663423,3.122489729652,22.549122052165
60.000000000000,60.000000000000,60.000000000000
60.000000000000,60.000000000000,60.000000000000
60.000000000000,60.000000000000,60.000000000000
60.000000000000,60.000000000000,60.000000000000
30.872826080472,39.294977684834,42.607934584754
60.000000000000,60.000000000000,60.000000000000
60.000000000000,60.000000000000,60.000000000000
60.000000000000,60.000000000000,60.000000000000
34.692864854257,33.780456236795,60.000000000000
60.000000000000,60.000000000000,60.000000000000
60.000000000000,45.821420292438,4.131102905050
33.890106796280,37.813286766690,60.000000000000
60.000000000000,60.000000000000,60.000000000000
60.000000000000,2.932698291682,8.831147796410
0.000000000000,4.850451266736,1.995809615350
60.000000000000,60.000000000000,0.000000000000
60.000000000000,60.000000000000,60.000000000000
60.000000000000,60.000000000000,60.000000000000
60.000000000000,60.000000000000,60.000000000000
60.000000000000,60.000000000000,60.000000000000
60.000000000000,60.000000000000,60.000000000000
60.000000000000,60.000000000000,60.000000000000
60.000000000000,60.000000000000,60.000000000000
60.000000000000,60.000000000000,60.000000000000
60.000000000000,60.000000000000,60.000000000000
13.976026173611,19.010096523840,21.044273944906
60.000000000000,60.000000000000,60.000000000000
60.000000000000,60.000000000000,60.000000000000
60.000000000000,60.000000000000,60.000000000000
60.000000000000,60.000000000000,60.000000000000
60.000000000000,60.000000000000,60.000000000000
60.000000000000,60.000000000000,60.000000000000
36.823292357459,31.021737742429,58.289588756071
60.000000000000,60.000000000000,0.000000000000
21.670489611136,1.775824321617,30.324629276406
0.000000000000,56.397371167844,60.000000000000
10.147528002319,1.564372545630,42.514014906825
35.557956555135,18.263160416019,13.463397980033
60.000000000000,60.000000000000,0.000000000000
60.000000000000,60.000000000000,60.000000000000
46.669747551910,57.434284201022,4.091583642784
31.616359164276,52.958813335584,28.240617470153
60.000000000000,60.000000000000,0.000000000000
11.081064866496,12.777502897447,27.451052892724
60.000000000000,60.000000000000,60.000000000000
60.000000000000,60.000000000000,60.000000000000
24.224867007454,29.412686520697,57.912433189259
60.000000000000,60.000000000000,60.000000000000
60.000000000000,60.000000000000,0.000000000000
60.000000000000,60.000000000000,60.000000000000
60.000000000000,60.000000000000,60.000000000000
60.000000000000,60.000000000000,60.000000000000
18.652760195165,40.745148530239,4.666248996022
60.000000000000,60.000000000000,0.000000000000
60.000000000000,60.000000000000,60.000000000000
60.000000000000,60.000000000000,0.000000000000
60.000000000000,60.000000000000,60.000000000000
60.000000000000,60.000000000000,60.000000000000
7.005385920732,1.737296518936,0.000000000000
60.000000000000,60.000000000000,60.000000000000
37.433256087930,29.351735655775,55.974113708870
60.000000000000,60.000000000000,60.000000000000
60.000000000000,60.000000000000,60.000000000000
60.000000000000,60.000000000000,60.000000000000
28.712422307309,19.762613405917,56.090299359534
60.000000000000,60.000000000000,60.000000000000
0.000000000000,60.000000000000,60.000000000000
60.000000000000,60.000000000000,60.000000000000
23.110706268089,19.909546059402,26.462159265780
60.000000000000,60.000000000000,60.000000000000
15.814023651260,21.366657446718,60.000000000000
48.647881453546,23.378431063170,51.618083221175
60.000000000000,60.000000000000,60.000000000000
52.897691108756,42.389113898462,21.048838822143
60.000000000000,60.000000000000,60.000000000000
60.000000000000,60.000000000000,60.000000000000
60.000000000000,60.000000000000,60.000000000000
60.000000000000,60.000000000000,60.000000000000
55.507732408432,9.481623143916,57.030262106052
60.000000000000,60.000000000000,60.000000000000
60.000000000000,60.000000000000,60.000000000000
60.000000000000,60.000000000000,60.000000000000
60.000000000000,60.000000000000,60.000000000000
60.000000000000,60.000000000000,60.000000000000
52.486016248516,39.338375542287,31.440636069989
28.624880427758,41.710332598976,37.605428942721
20.816617697593,17.475816840377,22.696571249287
60.000000000000,60.000000000000,0.000000000000
60.000000000000,60.000000000000,0.000000000000
60.000000000000,60.000000000000,60.000000000000
60.000000000000,60.000000000000,60.000000000000
60.000000000000,60.000000000000,60.000000000000
35.320199737783,12.502673672250,40.628280996502
60.000000000000,60.000000000000,60.000000000000
12.324488493764,55.993766749311,33.218324083860
60.000000000000,60.000000000000,60.000000000000
22.948008389474,15.924447552725,2.177152551659
60.000000000000,60.000000000000,60.000000000000
17.498800816930,11.430606831325,53.182106851573
60.000000000000,60.000000000000,60.000000000000
60.000000000000,60.000000000000,60.000000000000
60.000000000000,60.000000000000,60.000000000000
60.000000000000,60.000000000000,60.000000000000
60.000000000000,60.000000000000,60.000000000000
60.000000000000,60.000000000000,60.000000000000
20.422443619630,14.512180280916,48.164808729654
60.000000000000,60.000000000000,60.000000000000
31.354800683386,20.993419563184,26.830829950267
8.190026354906,37.840351993055,28.065474091374
60.000000000000,60.000000000000,0.000000000000
60.000000000000,60.000000000000,60.000000000000
60.000000000000,60.000000000000,0.000000000000
21.987042386805,16.647226227267,37.036520700015
60.000000000000,60.000000000000,60.000000000000
25.305019148358,0.968596597525,32.588261899190
60.000000000000,60.000000000000,0.000000000000
27.227886812165,52.857401365000,52.028825849675
60.000000000000,60.000000000000,60.000000000000
60.000000000000,60.000000000000,60.000000000000
60.000000000000,60.000000000000,60.000000000000
40.054332613073,14.075234091571,33.205527778029
53.768406578838,15.447651556162,20.996115049371
6.782033575460,6.560528796869,22.131293011772
60.000000000000,60.000000000000,60.000000000000
48.386412445737,21.154416270955,6.562083611250
33.936639746910,35.820938900913,59.609035846283
60.000000000000,60.000000000000,60.000000000000
60.000000000000,60.000000000000,60.000000000000
60.000000000000,60.000000000000,60.000000000000
60.000000000000,60.000000000000,60.000000000000
42.045643114208,8.049551913361,7.892480622523
60.000000000000,51.706437452171,60.000000000000
60.000000000000,60.000000000000,60.000000000000
30.671474184816,22.049810923835,29.477555365149
60.000000000000,60.000000000000,60.000000000000
60.000000000000,60.000000000000,0.000000000000
38.434069418691,41.649643773354,35.176160996385
60.000000000000,60.000000000000,0.000000000000
60.000000000000,60.000000000000,60.000000000000
27.868044121709,28.425889306572,20.967958387746
26.485333894567,39.707330213059,33.230984590537
60.000000000000,60.000000000000,60.000000000000
60.000000000000,60.000000000000,60.000000000000
60.000000000000,60.000000000000,60.000000000000
60.000000000000,60.000000000000,60.000000000000
60.000000000000,60.000000000000,60.000000000000
60.000000000000,60.000000000000,0.000000000000
60.000000000000,60.000000000000,60.000000000000
60.000000000000,60.000000000000,60.000000000000
60.000000000000,60.000000000000,0.000000000000
58.777421621166,32.411841135781,42.161002609903
60.000000000000,60.000000000000,60.000000000000
19.203555071873,22.572732926803,28.553733614815
60.000000000000,60.000000000000,0.000000000000
60.000000000000,60.000000000000,60.000000000000
60.000000000000,15.263778566965,33.673915093817
60.000000000000,60.000000000000,60.000000000000
60.000000000000,60.000000000000,60.000000000000
60.000000000000,60.000000000000,60.000000000000
60.000000000000,60.000000000000,60.000000000000
60.000000000000,60.000000000000,60.000000000000
60.000000000000,60.000000000000,60.000000000000
60.000000000000,60.000000000000,60.000000000000
60.000000000000,60.000000000000,60.000000000000
60.000000000000,60.000000000000,60.000000000000
0.000000000000,31.215837258758,30.670392979045
60.000000000000,60.000000000000,60.000000000000
60.000000000000,0.000000000000,60.000000000000
60.000000000000,60.000000000000,60.000000000000
60.000000000000,60.000000000000,60.000000000000
60.000000000000,60.000000000000,60.000000000000
60.000000000000,60.000000000000,60.000000000000
60.000000000000,60.000000000000,60.000000000000
60.000000000000,60.000000000000,60.000000000000
60.000000000000,60.000000000000,60.000000000000
60.000000000000,60.000000000000,60.000000000000
26.059962864583,26.735707352871,37.586972519671
30.514432779106,45.089401487469,36.442733450401
41.968327904914,21.860423931949,4.334574576144
60.000000000000,60.000000000000,60.000000000000
60.000000000000,60.000000000000,60.000000000000
60.000000000000,60.000000000000,60.000000000000
60.000000000000,60.000000000000,60.000000000000
60.000000000000,60.000000000000,0.000000000000
22.609569127484,26.624771433002,13.523562694937
60.000000000000,60.000000000000,60.000000000000
30.660926125069,53.785281843546,19.082379798488
60.000000000000,60.000000000000,60.000000000000
60.000000000000,60.000000000000,60.000000000000
60.000000000000,60.000000000000,60.000000000000
60.000000000000,60.000000000000,60.000000000000
28.262468244142,31.248937565711,13.285876443713
60.000000000000,60.000000000000,60.000000000000
21.367930840951,0.501016721924,34.399201539095
0.344491707207,41.639894126130,51.241958364709
60.000000000000,60.000000000000,60.000000000000
60.000000000000,60.000000000000,60.000000000000
60.000000000000,60.000000000000,60.000000000000
60.000000000000,60.000000000000,60.000000000000
34.207295765915,24.397831527649,37.078488901244
60.000000000000,60.000000000000,60.000000000000
60.000000000000,60.000000000000,60.000000000000
60.000000000000,60.000000000000,60.000000000000
60.000000000000,60.000000000000,60.000000000000
60.000000000000,60.000000000000,60.000000000000
60.000000000000,60.000000000000,60.000000000000
60.000000000000,60.000000000000,60.000000000000
43.041756676459,34.370963993982,41.982010588597
24.447683440118,13.571008224073,15.698005779270
60.000000000000,56.211673494081,29.074807476038
42.053015888551,52.167688273181,34.340158803618
60.000000000000,60.000000000000,60.000000000000
60.000000000000,60.000000000000,60.000000000000
60.000000000000,60.000000000000,0.000000000000
42.665388920486,41.144617847222,46.680525810754
60.000000000000,60.000000000000,60.000000000000
9.086528408038,38.623773006387,38.430442826939
22.834616576617,43.903774033788,58.204609257789
60.000000000000,60.000000000000,60.000000000000
60.000000000000,60.000000000000,60.000000000000
60.000000000000,60.000000000000,60.000000000000
60.000000000000,60.000000000000,60.000000000000
20.985117619269,10.385620514573,2.477497424048
60.000000000000,60.000000000000,60.000000000000
60.000000000000,60.000000000000,60.000000000000
60.000000000000,60.000000000000,5.216495359278
60.000000000000,60.000000000000,60.000000000000
60.000000000000,60.000000000000,60.000000000000
60.000000000000,60.000000000000,60.000000000000
60.000000000000,60.000000000000,60.000000000000
14.404812407556,2.709813677636,26.272443509459
0.834448866776,49.648432696209,19.306273949113
60.000000000000,60.000000000000,60.000000000000
60.000000000000,60.000000000000,60.000000000000
60.000000000000,60.000000000000,60.000000000000
60.000000000000,60.000000000000,60.000000000000
60.000000000000,60.000000000000,60.000000000000
60.000000000000,60.000000000000,60.000000000000
43.260699386011,41.261429029771,20.270883978063
60.000000000000,60.000000000000,60.000000000000
48.246294321393,40.838099464675,33.943455590915
60.000000000000,60.000000000000,60.000000000000
60.000000000000,60.000000000000,60.000000000000
60.000000000000,60.000000000000,60.000000000000
60.000000000000,60.000000000000,60.000000000000
60.000000000000,60.000000000000,60.000000000000
22.836253840303,52.737239017462,41.610897228988
60.000000000000,60.000000000000,0.000000000000
60.000000000000,60.000000000000,60.000000000000
30.628874164907,49.019939523139,35.794286068086
60.000000000000,60.000000000000,60.000000000000
22.445362921251,57.992468776689,60.000000000000
0.570115308546,52.345107399646,29.037453738858
20.167885102334,12.858636774138,21.368685487574
36.313222763128,55.813291818525,12.237273073274
60.000000000000,60.000000000000,60.000000000000
4.328670067756,51.197625656302,24.422020744317
29.700496248655,48.005221546581,45.241266621930
60.000000000000,60.000000000000,60.000000000000
60.000000000000,60.000000000000,60.000000000000
5.035197557580,47.913307590791,39.646984125841
60.000000000000,60.000000000000,60.000000000000
35.701143572446,18.085852971668,18.432221711947
60.000000000000,60.000000000000,60.000000000000
60.000000000000,60.000000000000,60.000000000000
60.000000000000,60.000000000000,60.000000000000
30.761574089075,6.381736483844,56.377302786179
60.000000000000,60.000000000000,60.000000000000
60.000000000000,60.000000000000,60.000000000000
60.000000000000,60.000000000000,60.000000000000
60.000000000000,60.000000000000,42.034292836790
60.000000000000,60.000000000000,60.000000000000
60.000000000000,60.000000000000,60.000000000000
60.000000000000,60.000000000000,60.000000000000
10.504500120279,3.997169799989,1.080154915253
60.000000000000,60.000000000000,60.000000000000
60.000000000000,60.000000000000,60.000000000000
60.000000000000,60.000000000000,60.000000000000
60.000000000000,60.000000000000,60.000000000000
51.870030939533,47.237262392062,28.956441104336
60.000000000000,60.000000000000,60.000000000000
60.000000000000,60.000000000000,60.000000000000
19.857019910592,37.934590224873,15.874813101344
34.256997874392,42.447260600927,38.949940700782
60.000000000000,60.000000000000,60.000000000000
60.000000000000,60.000000000000,60.000000000000
60.000000000000,60.000000000000,60.000000000000
60.000000000000,60.000000000000,60.000000000000
60.000000000000,60.000000000000,60.000000000000
59.233458517979,35.450017653561,39.397524660819
38.968070242232,27.515037191049,35.494783227297
60.000000000000,60.000000000000,60.000000000000
60.000000000000,60.000000000000,60.000000000000
60.000000000000,60.000000000000,60.000000000000
10.187383465949,4.500586611864,43.420198261752
60.000000000000,60.000000000000,60.000000000000
41.421506418927,0.000961361159,42.629324373603
60.000000000000,60.000000000000,60.000000000000
60.000000000000,60.000000000000,60.000000000000
34.751709228345,27.070934351016,32.973653362740
40.585268087249,30.792910055377,23.435055081138
60.000000000000,60.000000000000,60.000000000000
56.000000000000,57.494558560448,60.000000000000
60.000000000000,60.000000000000,60.000000000000
22.048625258088,45.917716283712,60.000000000000
60.000000000000,60.000000000000,60.000000000000
60.000000000000,60.000000000000,60.000000000000
60.000000000000,60.000000000000,60.000000000000
60.000000000000,60.000000000000,60.000000000000
19.593078841044,8.625193036512,40.055043782515
60.000000000000,60.000000000000,60.000000000000
14.162061279177,38.817889307913,51.542288007525
52.413188515913,31.228567045024,58.412680496052
60.000000000000,60.000000000000,60.000000000000
60.000000000000,60.000000000000,60.000000000000
24.506069859711,8.970503764501,20.109531402343
60.000000000000,60.000000000000,60.000000000000
60.000000000000,60.000000000000,60.000000000000
18.931378851971,21.754161527812,57.167544068129
28.157476685616,25.916325142162,28.148488966068
29.408227654124,32.442970670384,42.491315795011
60.000000000000,60.000000000000,60.000000000000
15.616582477843,39.662845672179,40.496358108787
60.000000000000,60.000000000000,60.000000000000
60.000000000000,60.000000000000,60.000000000000
60.000000000000,60.000000000000,60.000000000000
60.000000000000,60.000000000000,60.000000000000
60.000000000000,60.000000000000,60.000000000000
60.000000000000,60.000000000000,60.000000000000
34.441993547491,4.422188683492,27.552695706546
60.000000000000,60.000000000000,60.000000000000
26.820287657360,4.434413007781,54.750604029602
60.000000000000,60.000000000000,60.000000000000
0.000000000000,60.000000000000,60.000000000000
0.000000000000,60.000000000000,60.000000000000
60.000000000000,60.000000000000,60.000000000000
60.000000000000,60.000000000000,60.000000000000
40.005382555959,10.714378652198,5.415050704757
46.585786366390,14.397670220826,14.176084268670
60.000000000000,60.000000000000,60.000000000000
12.097227403710,52.525968777843,21.029304236047
60.000000000000,60.000000000000,60.000000000000
22.836563585906,9.374179119234,33.382019165615
60.000000000000,60.000000000000,60.000000000000
60.000000000000,60.000000000000,60.000000000000
60.000000000000,60.000000000000,60.000000000000
60.000000000000,60.000000000000,60.000000000000
60.000000000000,60.000000000000,0.000000000000
12.340810907417,2.367719716654,15.221717217410
40.261496607049,44.499358355347,30.457601626020
60.000000000000,60.000000000000,60.000000000000
60.000000000000,60.000000000000,60.000000000000
60.000000000000,60.000000000000,60.000000000000
25.050081912434,39.044190305746,25.154757865546
60.000000000000,60.000000000000,60.000000000000
60.000000000000,60.000000000000,60.000000000000
33.180834464857,3.013752844650,29.565453934497
60.000000000000,60.000000000000,0.000000000000
60.000000000000,60.000000000000,60.000000000000
60.000000000000,60.000000000000,60.000000000000
16.577155344027,55.831086526399,22.930021205644
60.000000000000,60.000000000000,60.000000000000
60.000000000000,60.000000000000,60.000000000000
36.298747598095,36.215044084636,13.844550276185
14.726445908734,57.497941044930,53.794528732751
47.770750966724,54.174138535939,31.225789806628
60.000000000000,60.000000000000,60.000000000000
52.150824123000,31.590497964857,23.690738843891
60.000000000000,60.000000000000,60.000000000000
60.000000000000,60.000000000000,60.000000000000
60.000000000000,60.000000000000,60.000000000000
0.000000000000,0.000000000000,0.000000000000
35.446693148870,2.035661271702,15.573465089400
60.000000000000,60.000000000000,60.000000000000
52.257591794668,43.565656137718,53.657074569569
42.510918735149,43.464741211470,20.581920606841
60.000000000000,11.966054260761,60.000000000000
60.000000000000,60.000000000000,60.000000000000
60.000000000000,41.369618203004,3.819487296269
60.000000000000,60.000000000000,60.000000000000
60.000000000000,60.000000000000,60.000000000000
60.000000000000,60.000000000000,60.000000000000
60.000000000000,60.000000000000,60.000000000000
23.105639677872,25.424510814216,47.250734097461
60.000000000000,60.000000000000,60.000000000000
60.000000000000,60.000000000000,60.000000000000
5.975995847554,46.464746501138,47.395117100654
21.467421804415,50.904680477021,5.170105294211
60.000000000000,60.000000000000,60.000000000000
28.208086189026,38.173018869027,43.320099400059
60.000000000000,60.000000000000,27.105348471297
60.000000000000,60.000000000000,60.000000000000
60.000000000000,60.000000000000,60.000000000000
60.000000000000,60.000000000000,60.000000000000
60.000000000000,60.000000000000,60.000000000000
60.000000000000,60.000000000000,60.000000000000
46.489657628126,41.672499453531,13.926240999925
60.000000000000,60.000000000000,60.000000000000
19.680845467299,55.310123360758,1.129522024618
60.000000000000,60.000000000000,60.000000000000
60.000000000000,60.000000000000,60.000000000000
60.000000000000,60.000000000000,60.000000000000
43.917751766630,29.570914528121,0.703648675077
60.000000000000,60.000000000000,60.000000000000
59.974650683037,34.579686094515,1.757120655567
3.246735811784,31.318631491819,3.159841755066
34.489249733909,0.488535337690,17.895121271299
60.000000000000,60.000000000000,60.000000000000
60.000000000000,60.000000000000,60.000000000000
0.000000000000,0.000000000000,0.000000000000
3.314959248560,23.994998556931,6.092982323646
60.000000000000,60.000000000000,60.000000000000
60.000000000000,60.000000000000,60.000000000000
60.000000000000,60.000000000000,60.000000000000
60.000000000000,60.000000000000,60.000000000000
53.655473340690,27.929402267209,48.907438391864
60.000000000000,60.000000000000,60.000000000000
60.000000000000,60.000000000000,60.000000000000
60.000000000000,60.000000000000,60.000000000000
60.000000000000,60.000000000000,60.000000000000
60.000000000000,60.000000000000,60.000000000000
60.000000000000,60.000000000000,60.000000000000
40.136174034364,3.296080384023,6.925966067571
37.464280687586,38.720321913602,25.023510993073
60.000000000000,60.000000000000,60.000000000000
60.000000000000,60.000000000000,60.000000000000
60.000000000000,60.000000000000,60.000000000000
60.000000000000,60.000000000000,60.000000000000
60.000000000000,60.000000000000,60.000000000000
60.000000000000,10.864903305790,26.285357054726
60.000000000000,60.000000000000,60.000000000000
7.161610244849,58.243893382955,33.487051567757
40.600791364317,58.974270113035,2.305177028094
19.492867915400,23.233782811689,36.367590482700
40.788841017402,50.311556923287,33.629210536183
60.000000000000,60.000000000000,60.000000000000
22.850824488343,5.120371675140,32.515490682932
60.000000000000,60.000000000000,60.000000000000
60.000000000000,60.000000000000,60.000000000000
4.659736538516,52.601252702673,17.534624561896
60.000000000000,60.000000000000,60.000000000000
33.305074175787,1.613151150797,9.134285349709
60.000000000000,60.000000000000,60.000000000000
60.000000000000,60.000000000000,60.000000000000
60.000000000000,60.000000000000,60.000000000000
60.000000000000,60.000000000000,60.000000000000
60.000000000000,60.000000000000,60.000000000000
49.423100982095,50.720482030029,37.273321590006
60.000000000000,0.000000000000,60.000000000000
60.000000000000,60.000000000000,0.000000000000
60.000000000000,60.000000000000,60.000000000000
60.000000000000,60.000000000000,60.000000000000
60.000000000000,60.000000000000,0.000000000000
60.000000000000,60.000000000000,60.000000000000
23.845372846513,7.370489830404,32.170411956745
19.208670609346,1.146740768851,31.236849582403
60.000000000000,60.000000000000,60.000000000000
31.752714388936,36.028911812047,26.418884598569
60.000000000000,60.000000000000,60.000000000000
60.000000000000,60.000000000000,60.000000000000
60.000000000000,60.000000000000,60.000000000000
39.439030987114,31.092293048410,12.174379394098
44.660551058002,14.643940978624,19.720731746502
46.810064601057,42.818418306660,38.031999684259
0.000000000000,60.000000000000,60.000000000000
46.379728161389,12.455149148450,30.208806529264
60.000000000000,60.000000000000,60.000000000000
11.913231030134,45.116116544386,59.042689981045
60.000000000000,60.000000000000,60.000000000000
60.000000000000,60.000000000000,60.000000000000
30.059179291233,52.861951201808,21.866624186226
51.422135100644,49.845851644959,48.632182893255
60.000000000000,60.000000000000,60.000000000000
60.000000000000,60.000000000000,60.000000000000
60.000000000000,60.000000000000,60.000000000000
60.000000000000,60.000000000000,60.000000000000
60.000000000000,60.000000000000,60.000000000000
60.000000000000,60.000000000000,60.000000000000
60.000000000000,60.000000000000,60.000000000000
0.000000000000,60.000000000000,60.000000000000
60.000000000000,60.000000000000,60.000000000000
60.000000000000,60.000000000000,60.000000000000
60.000000000000,60.000000000000,60.000000000000
60.000000000000,60.000000000000,60.000000000000
60.000000000000,60.000000000000,60.000000000000
60.000000000000,60.000000000000,60.000000000000
60.000000000000,60.000000000000,60.000000000000
60.000000000000,60.000000000000,60.000000000000
60.000000000000,60.000000000000,60.000000000000
60.000000000000,60.000000000000,60.000000000000
8.827179412022,34.287074172053,54.061772632780
44.847571612985,27.185595081103,12.370723050405
60.000000000000,60.000000000000,60.000000000000
48.839235407594,42.464528900239,36.533194003335
60.000000000000,60.000000000000,60.000000000000
0.000000000000,60.000000000000,37.337132641239
60.000000000000,60.000000000000,60.000000000000
60.000000000000,60.000000000000,60.000000000000
60.000000000000,60.000000000000,60.000000000000
60.000000000000,60.000000000000,60.000000000000
10.010891617795,2.517278291868,30.023955047681
60.000000000000,60.000000000000,60.000000000000
60.000000000000,60.000000000000,60.000000000000
60.000000000000,60.000000000000,60.000000000000
60.000000000000,60.000000000000,60.000000000000
60.000000000000,60.000000000000,60.000000000000
60.000000000000,60.000000000000,60.000000000000
60.000000000000,60.000000000000,60.000000000000
60.000000000000,60.000000000000,60.000000000000
60.000000000000,60.000000000000,60.000000000000
60.000000000000,60.000000000000,60.000000000000
34.589626306059,54.717835668016,10.889203610027
14.918572390790,20.586936539368,34.316942238921
60.000000000000,60.000000000000,60.000000000000
35.787374015141,54.355563858266,12.187290629757
60.000000000000,60.000000000000,60.000000000000
60.000000000000,60.000000000000,60.000000000000
60.000000000000,20.651757501933,18.707728667105
47.546837313676,47.174660711498,38.975095966032
60.000000000000,60.000000000000,60.000000000000
60.000000000000,60.000000000000,60.000000000000
60.000000000000,60.000000000000,60.000000000000
23.972028101052,16.413733356073,10.338522938475
60.000000000000,60.000000000000,60.000000000000
60.000000000000,60.000000000000,60.000000000000
60.000000000000,60.000000000000,60.000000000000
60.000000000000,60.000000000000,60.000000000000
39.768860912001,43.875612732157,14.912791960823
60.000000000000,60.000000000000,60.000000000000
0.000000000000,60.000000000000,60.000000000000
60.000000000000,60.000000000000,60.000000000000
28.371836119444,1.011289758310,48.605917724163
60.000000000000,60.000000000000,60.000000000000
52.799344534432,54.834607028671,32.353026754567
60.000000000000,60.000000000000,60.000000000000
60.000000000000,60.000000000000,60.000000000000
60.000000000000,60.000000000000,60.000000000000
60.000000000000,60.000000000000,60.000000000000
60.000000000000,60.000000000000,60.000000000000
60.000000000000,60.000000000000,60.000000000000
60.000000000000,60.000000000000,60.000000000000
35.550892077528,39.654624417841,34.599866323405
22.014923354122,42.223608970330,60.000000000000
60.000000000000,60.000000000000,60.000000000000
60.000000000000,60.000000000000,60.000000000000
60.000000000000,60.000000000000,60.000000000000
60.000000000000,60.000000000000,60.000000000000
60.000000000000,60.000000000000,60.000000000000
60.000000000000,60.000000000000,60.000000000000
48.778939095104,36.395220087667,20.932443155573
60.000000000000,60.000000000000,60.000000000000
60.000000000000,0.000000000000,20.539034854707
60.000000000000,60.000000000000,60.000000000000
50.230821511965,1.552549042256,23.348640020286
2.746547607331,47.006849447333,15.176477817482
60.000000000000,60.000000000000,0.000000000000
1.494444112411,60.000000000000,0.000000000000
60.000000000000,60.000000000000,60.000000000000
60.000000000000,60.000000000000,60.000000000000
20.441576927462,60.000000000000,56.646860844072
60.000000000000,60.000000000000,60.000000000000
33.554121413490,48.151451862037,60.000000000000
51.901549887560,0.416977679039,26.193157607448
60.000000000000,60.000000000000,60.000000000000
60.000000000000,60.000000000000,60.000000000000
60.000000000000,60.000000000000,60.000000000000
50.625941698466,11.826211302071,4.947497229901
60.000000000000,60.000000000000,60.000000000000
60.000000000000,60.000000000000,60.000000000000
60.000000000000,60.000000000000,60.000000000000
60.000000000000,60.000000000000,60.000000000000
60.000000000000,60.000000000000,60.000000000000
39.596541994529,30.341219141479,52.773616041760
20.710334329136,59.624280686526,51.284212686105
28.853701147928,36.610722397886,45.227611461980
60.000000000000,60.000000000000,60.000000000000
60.000000000000,60.000000000000,60.000000000000
60.000000000000,60.000000000000,60.000000000000
60.000000000000,60.000000000000,60.000000000000
60.000000000000,60.000000000000,60.000000000000
60.000000000000,60.000000000000,60.000000000000
60.000000000000,60.000000000000,60.000000000000
45.322466989591,47.950016232155,26.401718445153
60.000000000000,60.000000000000,60.000000000000
43.291976983146,9.475782319707,22.608241226604
53.463263266451,60.000000000000,60.000000000000
60.000000000000,60.000000000000,60.000000000000
60.000000000000,60.000000000000,60.000000000000
56.758763675597,43.760393502592,27.178667129650
60.000000000000,60.000000000000,60.000000000000
56.395155321139,29.071038821408,54.500088517961
60.000000000000,60.000000000000,60.000000000000
15.217600831005,19.216438430500,6.617136219569
60.000000000000,60.000000000000,60.000000000000
60.000000000000,60.000000000000,60.000000000000
9.615333693433,39.010177979658,44.210167112014
32.947278775112,14.171493434701,24.871729645265
60.000000000000,60.000000000000,60.000000000000
60.000000000000,60.000000000000,60.000000000000
56.518648632340,47.537620647135,42.213635851795
18.047698777123,36.810030007672,58.898820565251
60.000000000000,48.633166577037,0.000000000000
60.000000000000,60.000000000000,60.000000000000
60.000000000000,0.000000000000,60.000000000000
53.082232886530,8.992928201913,26.255870860971
60.000000000000,60.000000000000,0.000000000000
60.000000000000,60.000000000000,60.000000000000
60.000000000000,60.000000000000,60.000000000000
60.000000000000,60.000000000000,60.000000000000
15.505331885473,49.049641589593,56.884595905547
41.591726853402,58.474552332383,14.760420414800
0.000000000000,60.000000000000,24.691636566882
46.271042522095,28.275582797140,31.428065883979
60.000000000000,60.000000000000,60.000000000000
52.499393333730,43.125338018374,29.091156932611
60.000000000000,60.000000000000,60.000000000000
60.000000000000,60.000000000000,60.000000000000
34.101102053683,19.743532699520,3.704102525011
36.479069027308,27.664619617355,3.577991494161
18.190977574610,0.621158044370,10.891554632948
60.000000000000,60.000000000000,60.000000000000
60.000000000000,60.000000000000,60.000000000000
60.000000000000,60.000000000000,60.000000000000
60.000000000000,60.000000000000,60.000000000000
60.000000000000,60.000000000000,60.000000000000
21.976963247133,54.916318176720,17.033705823565
28.871530325826,0.308876351401,41.868390798640
60.000000000000,60.000000000000,60.000000000000
60.000000000000,0.000000000000,47.699340026328
60.000000000000,60.000000000000,60.000000000000
60.000000000000,60.000000000000,60.000000000000
60.000000000000,60.000000000000,60.000000000000
0.874592235351,14.306613186596,15.828090830932
60.000000000000,60.000000000000,60.000000000000
60.000000000000,60.000000000000,60.000000000000
60.000000000000,60.000000000000,60.000000000000
60.000000000000,60.000000000000,60.000000000000
60.000000000000,60.000000000000,60.000000000000
13.173095621693,17.861237173587,20.090987337999
60.000000000000,60.000000000000,60.000000000000
60.000000000000,60.000000000000,60.000000000000
2.499196029759,38.154339433491,5.157170459687
60.000000000000,60.000000000000,60.000000000000
60.000000000000,60.000000000000,60.000000000000
60.000000000000,60.000000000000,60.000000000000
60.000000000000,60.000000000000,60.000000000000
60.000000000000,60.000000000000,60.000000000000
52.905665887258,38.351406955541,1.754272585630
60.000000000000,60.000000000000,60.000000000000
60.000000000000,60.000000000000,0.000000000000
60.000000000000,60.000000000000,0.000000000000
1.574295394669,5.815872583509,14.343318840992
60.000000000000,60.000000000000,60.000000000000
60.000000000000,60.000000000000,60.000000000000
60.000000000000,60.000000000000,60.000000000000
28.062899017830,42.325769489980,18.690299066450
60.000000000000,60.000000000000,0.000000000000
60.000000000000,60.000000000000,60.000000000000
60.000000000000,60.000000000000,60.000000000000
60.000000000000,60.000000000000,60.000000000000
35.941587701172,38.092676935999,6.352610703469
60.000000000000,60.000000000000,60.000000000000
9.056162741131,27.721289104784,8.855201949830
60.000000000000,60.000000000000,60.000000000000
45.357429654481,2.700200181841,26.653499180081
60.000000000000,60.000000000000,60.000000000000
60.000000000000,60.000000000000,60.000000000000
60.000000000000,60.000000000000,60.000000000000
60.000000000000,60.000000000000,60.000000000000
60.000000000000,60.000000000000,60.000000000000
58.412362994945,60.000000000000,10.517981330892
49.098345946261,20.945065880478,21.094215760093
49.816853103531,58.924242948749,4.446317896246
60.000000000000,60.000000000000,60.000000000000
60.000000000000,60.000000000000,60.000000000000
60.000000000000,60.000000000000,60.000000000000
60.000000000000,60.000000000000,60.000000000000
30.831596990466,41.670083739343,36.930784468495
60.000000000000,60.000000000000,60.000000000000
60.000000000000,60.000000000000,60.000000000000
60.000000000000,60.000000000000,60.000000000000
60.000000000000,60.000000000000,60.000000000000
60.000000000000,60.000000000000,60.000000000000
60.000000000000,60.000000000000,60.000000000000
60.000000000000,60.000000000000,60.000000000000
9.859029324211,20.049462590896,57.236901096097
7.781989146924,3.829471500721,0.859120792054
60.000000000000,60.000000000000,60.000000000000
60.000000000000,60.000000000000,60.000000000000
60.000000000000,60.000000000000,60.000000000000
60.000000000000,60.000000000000,60.000000000000
60.000000000000,60.000000000000,60.000000000000
60.000000000000,60.000000000000,60.000000000000
60.000000000000,60.000000000000,60.000000000000
38.709319258532,16.064833603774,46.107138248527
43.847745488001,29.565310697613,27.166215674217
16.014121887159,48.623431026513,10.067520038640
60.000000000000,60.000000000000,60.000000000000
40.110097863177,34.931197284123,32.746511357748
60.000000000000,60.000000000000,60.000000000000
12.513514957178,6.119418663367,29.971911136404
20.716548778125,58.428681485289,51.358539095768
60.000000000000,60.000000000000,60.000000000000
60.000000000000,60.000000000000,60.000000000000
8.392123809641,23.057311888326,23.853206127387
2.323517886583,3.184757294238,42.176666399731
46.550627924550,5.310757441084,40.488161945380
21.833310667131,0.000000000000,20.979010846146
60.000000000000,60.000000000000,60.000000000000
53.490854762574,7.606813695565,13.974605040142
52.148260750457,1.055136421537,19.513388595199
60.000000000000,60.000000000000,60.000000000000
60.000000000000,60.000000000000,60.000000000000
60.000000000000,60.000000000000,60.000000000000
29.002406542978,11.477243639243,11.900982590239
44.792611763297,41.720893361780,48.255247911403
37.667338947375,47.308922646174,29.792825249649
60.000000000000,60.000000000000,60.000000000000
11.391676442066,22.230356542260,21.452746742445
24.862663981356,7.900725247856,28.594553455663
60.000000000000,60.000000000000,60.000000000000
58.055682828701,39.196513230513,37.192806477924
60.000000000000,60.000000000000,60.000000000000
60.000000000000,60.000000000000,60.000000000000
60.000000000000,60.000000000000,60.000000000000
60.000000000000,60.000000000000,60.000000000000
60.000000000000,60.000000000000,60.000000000000
0.000000000000,34.012126225760,60.000000000000
60.000000000000,60.000000000000,60.000000000000
8.775750664499,60.000000000000,60.000000000000
0.000000000000,60.000000000000,60.000000000000
15.279598225780,31.350047510806,29.810842868003
8.585692447527,30.533270084928,18.461271102975
60.000000000000,60.000000000000,60.000000000000
60.000000000000,60.000000000000,60.000000000000
60.000000000000,60.000000000000,60.000000000000
60.000000000000,60.000000000000,60.000000000000
16.545701165865,20.562305517430,5.184744869683
60.000000000000,60.000000000000,60.000000000000
60.000000000000,60.000000000000,60.000000000000
60.000000000000,60.000000000000,60.000000000000
60.000000000000,60.000000000000,60.000000000000
60.000000000000,60.000000000000,60.000000000000
60.000000000000,60.000000000000,60.000000000000
46.203581007801,26.398312911507,58.799135056401
60.000000000000,60.000000000000,60.000000000000
50.157828550679,20.945553070651,46.254739111169
60.000000000000,60.000000000000,0.000000000000
60.000000000000,60.000000000000,60.000000000000
60.000000000000,60.000000000000,0.000000000000
0.592141713451,39.822520701176,56.975892170788
60.000000000000,60.000000000000,60.000000000000
60.000000000000,60.000000000000,60.000000000000
54.756570405783,26.590577064112,60.000000000000
60.000000000000,60.000000000000,60.000000000000
60.000000000000,60.000000000000,60.000000000000
60.000000000000,60.000000000000,60.000000000000
31.557487435642,1.444910180670,12.359339094474
47.199423258907,6.215835282377,36.485801445298
60.000000000000,60.000000000000,60.000000000000
27.996509425878,50.866375316029,60.000000000000
60.000000000000,60.000000000000,60.000000000000
60.000000000000,60.000000000000,60.000000000000
60.000000000000,60.000000000000,60.000000000000
60.000000000000,60.000000000000,60.000000000000
60.000000000000,60.000000000000,60.000000000000
33.695020788282,21.456571632120,44.288157094158
60.000000000000,60.000000000000,60.000000000000
11.602873752629,60.000000000000,60.000000000000
1.139079929142,17.320873130944,12.753957041655
60.000000000000,60.000000000000,60.000000000000
60.000000000000,60.000000000000,60.000000000000
60.000000000000,60.000000000000,60.000000000000
40.948602171996,54.191962177755,35.658322638562
60.000000000000,60.000000000000,60.000000000000
60.000000000000,60.000000000000,60.000000000000
60.000000000000,60.000000000000,60.000000000000
30.509079734666,60.000000000000,1.683829322038
60.000000000000,60.000000000000,60.000000000000
60.000000000000,60.000000000000,60.000000000000
5.785219132831,59.319328632737,44.671221180272
60.000000000000,60.000000000000,60.000000000000
60.000000000000,60.000000000000,60.000000000000
60.000000000000,60.000000000000,60.000000000000
60.000000000000,60.000000000000,60.000000000000
60.000000000000,60.000000000000,60.000000000000
60.000000000000,60.000000000000,60.000000000000
60.000000000000,60.000000000000,60.000000000000
50.744090747794,19.144697454168,39.064394688229
60.000000000000,60.000000000000,60.000000000000
60.000000000000,60.000000000000,60.000000000000
60.000000000000,60.000000000000,60.000000000000
13.862882514272,27.864908819194,30.056134570452
60.000000000000,60.000000000000,60.000000000000
60.000000000000,60.000000000000,60.000000000000
60.000000000000,60.000000000000,60.000000000000
60.000000000000,60.000000000000,60.000000000000
60.000000000000,60.000000000000,60.000000000000
53.444178311117,0.942685597124,14.588589310761
60.000000000000,60.000000000000,60.000000000000
7.294367842092,47.349863602562,23.819790855696
48.516146767265,33.081361911551,11.689049375110
58.875431391956,45.805286409032,6.473243447407
60.000000000000,60.000000000000,60.000000000000
60.000000000000,60.000000000000,60.000000000000
60.000000000000,60.000000000000,60.000000000000
60.000000000000,60.000000000000,60.000000000000
4.876919912961,60.000000000000,29.782958479559
60.000000000000,60.000000000000,60.000000000000
0.000000000000,32.191320242083,60.000000000000
60.000000000000,60.000000000000,60.000000000000
38.168224249347,60.000000000000,0.000000000000
60.000000000000,60.000000000000,60.000000000000
60.000000000000,60.000000000000,60.000000000000
60.000000000000,60.000000000000,60.000000000000
60.000000000000,60.000000000000,60.000000000000
60.000000000000,60.000000000000,60.000000000000
34.620431959513,3.955748915597,17.261944939356
60.000000000000,60.000000000000,60.000000000000
60.000000000000,60.000000000000,60.000000000000
25.072515922754,57.017528721053,2.875798848882
60.000000000000,60.000000000000,60.000000000000
51.684842842473,56.580128494313,45.447992002088
60.000000000000,60.000000000000,60.000000000000
60.000000000000,60.000000000000,60.000000000000
60.000000000000,60.000000000000,60.000000000000
60.000000000000,60.000000000000,60.000000000000
32.082694715223,60.000000000000,60.000000000000
13.078915988429,1.959470571328,17.072577543314
31.831778728253,15.163009074527,14.582506330611
60.000000000000,60.000000000000,60.000000000000
10.817389003272,41.238094013569,7.984874698891
33.647743543776,60.000000000000,45.412894056275
60.000000000000,60.000000000000,60.000000000000
19.340858586115,27.577247856339,34.197640000403
60.000000000000,60.000000000000,60.000000000000
28.289691632994,20.223370405254,12.130262961119
18.051673829116,28.964436852250,56.580969024855
60.000000000000,60.000000000000,60.000000000000
60.000000000000,60.000000000000,60.000000000000
49.910216181004,11.103244176466,32.682727069468
23.578485855006,8.390235489651,3.825020863923
60.000000000000,60.000000000000,60.000000000000
57.051491875850,56.657066320762,43.728977921725
18.515735808972,20.679747767047,55.206360079778
60.000000000000,60.000000000000,60.000000000000
60.000000000000,60.000000000000,60.000000000000
60.000000000000,60.000000000000,60.000000000000
60.000000000000,60.000000000000,60.000000000000
60.000000000000,60.000000000000,60.000000000000
60.000000000000,60.000000000000,60.000000000000
60.000000000000,60.000000000000,60.000000000000
60.000000000000,60.000000000000,60.000000000000
51.379228918251,9.815745511723,50.568943601705
2.471815883259,3.013407652047,8.887163941312
60.000000000000,60.000000000000,60.000000000000
60.000000000000,60.000000000000,60.000000000000
60.000000000000,60.000000000000,60.000000000000
60.000000000000,60.000000000000,60.000000000000
50.489631673176,53.337241420362,6.982741465860
60.000000000000,60.000000000000,60.000000000000
60.000000000000,60.000000000000,0.000000000000
60.000000000000,60.000000000000,60.000000000000
60.000000000000,60.000000000000,60.000000000000
60.000000000000,60.000000000000,60.000000000000
60.000000000000,60.000000000000,0.000000000000
6.605526410906,60.000000000000,41.949062120010
60.000000000000,60.000000000000,60.000000000000
52.502472965212,31.819798674452,37.951787837697
0.000000000000,60.000000000000,60.000000000000
0.000000000000,60.000000000000,60.000000000000
60.000000000000,60.000000000000,60.000000000000
60.000000000000,60.000000000000,60.000000000000
60.000000000000,60.000000000000,60.000000000000
60.000000000000,60.000000000000,60.000000000000
60.000000000000,60.000000000000,60.000000000000
53.476217289654,16.049570447935,55.589731130872
60.000000000000,60.000000000000,0.000000000000
60.000000000000,60.000000000000,60.000000000000
60.000000000000,60.000000000000,0.000000000000
60.000000000000,60.000000000000,60.000000000000
60.000000000000,60.000000000000,60.000000000000
60.000000000000,60.000000000000,0.000000000000
60.000000000000,60.000000000000,60.000000000000
55.789481810128,55.227400789556,26.625464355872
60.000000000000,60.000000000000,0.000000000000
60.000000000000,60.000000000000,60.000000000000
60.000000000000,60.000000000000,60.000000000000
57.759240074109,4.285475305255,14.046741875255
60.000000000000,60.000000000000,60.000000000000
40.526338666430,7.650162370506,52.860886783117
60.000000000000,60.000000000000,0.000000000000
60.000000000000,60.000000000000,60.000000000000
39.486306408845,34.612882687002,27.336627263971
60.000000000000,60.000000000000,0.000000000000
0.000000000000,60.000000000000,60.000000000000
21.351540618565,50.637228331883,34.749778685888
60.000000000000,37.201637752577,46.709289225221
60.000000000000,60.000000000000,0.000000000000
56.965519530441,31.164874853322,15.188900872223
60.000000000000,60.000000000000,60.000000000000
51.158865130242,34.277404353787,46.786784812179
60.000000000000,60.000000000000,60.000000000000
60.000000000000,60.000000000000,60.000000000000
60.000000000000,60.000000000000,60.000000000000
60.000000000000,60.000000000000,60.000000000000
60.000000000000,60.000000000000,60.000000000000
60.000000000000,60.000000000000,60.000000000000
46.238877027601,41.732348086179,52.327433556989
1.881350774721,55.370285688162,52.986031358527
60.000000000000,60.000000000000,60.000000000000
60.000000000000,60.000000000000,60.000000000000
7.943345678143,4.849876280341,15.448242011668
10.885504992444,24.578623868105,48.508269777467
60.000000000000,60.000000000000,60.000000000000
22.126402500002,26.327197964580,15.115320926793
49.618245452375,4.719321165962,60.000000000000
60.000000000000,24.353655856256,60.000000000000
59.267219561845,25.242637466974,7.096461456620
60.000000000000,60.000000000000,60.000000000000
60.000000000000,60.000000000000,60.000000000000
60.000000000000,60.000000000000,60.000000000000
60.000000000000,60.000000000000,0.000000000000
60.000000000000,60.000000000000,0.000000000000
26.707386144208,34.289062069634,5.994138344875
60.000000000000,60.000000000000,60.000000000000
60.000000000000,60.000000000000,60.000000000000
60.000000000000,60.000000000000,60.000000000000
60.000000000000,60.000000000000,60.000000000000
25.115584108445,16.715315479825,11.085817560322
60.000000000000,21.380001971398,57.200415661088
60.000000000000,60.000000000000,60.000000000000
60.000000000000,60.000000000000,0.000000000000
56.548163907147,50.173278732358,26.711915520838
60.000000000000,60.000000000000,60.000000000000
40.034127820945,25.805120826332,10.475503068305
60.000000000000,60.000000000000,60.000000000000
60.000000000000,60.000000000000,60.000000000000
14.224536219988,29.823906790893,47.663507282639
60.000000000000,60.000000000000,0.000000000000
60.000000000000,60.000000000000,60.000000000000
60.000000000000,60.000000000000,60.000000000000
60.000000000000,60.000000000000,0.000000000000
60.000000000000,60.000000000000,0.000000000000
51.202890794782,30.372076584497,43.560997479176
60.000000000000,60.000000000000,0.000000000000
60.000000000000,60.000000000000,60.000000000000
60.000000000000,60.000000000000,60.000000000000
60.000000000000,60.000000000000,60.000000000000
60.000000000000,60.000000000000,60.000000000000
60.000000000000,60.000000000000,60.000000000000
48.290280652342,29.575535809752,42.034752037756
5.973086987946,25.314769888505,41.608849216032
20.594796802261,60.000000000000,8.533298745730
60.000000000000,60.000000000000,60.000000000000
60.000000000000,60.000000000000,60.000000000000
35.568890039278,51.895138195992,34.165971518071
46.923505862357,10.410397672125,9.147502342795
60.000000000000,60.000000000000,60.000000000000
60.000000000000,60.000000000000,60.000000000000
60.000000000000,60.000000000000,60.000000000000
60.000000000000,60.000000000000,0.000000000000
60.000000000000,60.000000000000,60.000000000000
60.000000000000,60.000000000000,60.000000000000
60.000000000000,60.000000000000,60.000000000000
10.475006602752,33.006697361264,56.761665172796
60.000000000000,60.000000000000,60.000000000000
60.000000000000,60.000000000000,60.000000000000
60.000000000000,60.000000000000,60.000000000000
60.000000000000,60.000000000000,60.000000000000
60.000000000000,60.000000000000,60.000000000000
60.000000000000,60.000000000000,60.000000000000
60.000000000000,60.000000000000,60.000000000000
0.000000000000,60.000000000000,60.000000000000
60.000000000000,60.000000000000,60.000000000000
60.000000000000,60.000000000000,60.000000000000
60.000000000000,60.000000000000,60.000000000000
60.000000000000,60.000000000000,60.000000000000
51.109843180068,56.898405005598,12.316681731018
60.000000000000,60.000000000000,60.000000000000
31.711677159283,21.585461677569,21.415115793644
60.000000000000,60.000000000000,60.000000000000
60.000000000000,60.000000000000,0.000000000000
60.000000000000,60.000000000000,60.000000000000
60.000000000000,60.000000000000,60.000000000000
60.000000000000,60.000000000000,60.000000000000
60.000000000000,60.000000000000,60.000000000000
52.574236148310,1.936694184111,24.498899795750
60.000000000000,60.000000000000,60.000000000000
41.106678878049,1.759832742329,19.411838340294
60.000000000000,60.000000000000,60.000000000000
60.000000000000,60.000000000000,60.000000000000
55.321445038764,43.556749075233,24.962284255670
60.000000000000,60.000000000000,60.000000000000
0.000000000000,60.000000000000,60.000000000000
60.000000000000,60.000000000000,60.000000000000
60.000000000000,60.000000000000,0.000000000000
60.000000000000,60.000000000000,60.000000000000
60.000000000000,60.000000000000,60.000000000000
60.000000000000,60.000000000000,60.000000000000
60.000000000000,60.000000000000,60.000000000000
21.134546523837,60.000000000000,37.784206180402
9.381971127507,44.005054564586,31.897525646546
60.000000000000,60.000000000000,60.000000000000
60.000000000000,60.000000000000,60.000000000000
60.000000000000,60.000000000000,60.000000000000
60.000000000000,60.000000000000,60.000000000000
60.000000000000,60.000000000000,0.000000000000
35.347411563430,48.498878214209,19.522178261493
60.000000000000,60.000000000000,60.000000000000
60.000000000000,60.000000000000,60.000000000000
60.000000000000,60.000000000000,60.000000000000
6.938427927833,5.098652571012,40.106650683352
60.000000000000,60.000000000000,0.000000000000
57.246160945698,38.619458624681,2.635680650580
60.000000000000,60.000000000000,60.000000000000
60.000000000000,60.000000000000,0.000000000000
60.000000000000,60.000000000000,60.000000000000
59.457408634006,54.929375785954,25.272808342011
60.000000000000,60.000000000000,60.000000000000
60.000000000000,60.000000000000,60.000000000000
60.000000000000,60.000000000000,60.000000000000
60.000000000000,60.000000000000,60.000000000000
60.000000000000,60.000000000000,60.000000000000
60.000000000000,60.000000000000,60.000000000000
29.795560040233,9.763948280697,54.718531428579
54.671100820691,24.567079397772,0.011525771240
60.000000000000,60.000000000000,60.000000000000
13.415389968199,52.869358205235,10.656151458394
60.000000000000,60.000000000000,60.000000000000
60.000000000000,60.000000000000,60.000000000000
50.141749454370,37.568572973055,7.125652296763
60.000000000000,60.000000000000,60.000000000000
60.000000000000,60.000000000000,60.000000000000
60.000000000000,60.000000000000,0.000000000000
60.000000000000,60.000000000000,0.000000000000
47.406779658430,26.655459341164,47.352658678846
25.572706386550,23.779967991433,41.401263750848
60.000000000000,60.000000000000,60.000000000000
60.000000000000,60.000000000000,60.000000000000
2.873675479130,60.000000000000,28.476588073022
60.000000000000,60.000000000000,0.000000000000
60.000000000000,60.000000000000,0.000000000000
60.000000000000,60.000000000000,60.000000000000
46.968762079248,38.121358415234,31.779098330536
60.000000000000,60.000000000000,60.000000000000
