x,y,z
0.570296169711,44.981281779676,5.669393628459
3.088553691446,32.483543622176,34.460841071186
2.717747796025,22.117781346483,52.399622863516
25.532198924315,54.335019556145,41.525775459803
33.142386397352,18.568842478987,16.248393477410
60.000000000000,60.000000000000,60.000000000000
2.850134929533,4.997510717611,27.350610459022
1.366203437945,31.892097728269,28.997834268501
24.296301335515,42.364437022705,48.144949596896
0.366722341507,23.767419216621,25.074763887642
4.287736342948,26.567073121450,48.513414845251
4.242267915435,19.711546125532,37.318166866409
0.045840340025,9.259984374867,22.977648263942
5.318012559268,12.822181873519,9.759857459889
0.109231014511,20.843273559785,23.336467089191
60.000000000000,60.000000000000,0.000000000000
4.140669976186,11.702577917964,47.888028801986
23.620829134160,13.978670172861,37.361992263152
60.000000000000,60.000000000000,0.000000000000
0.954147599275,32.417390521527,34.465482706553
19.946987189525,50.605885397804,1.881603960020
24.920370143943,48.272665612357,42.315582659741
2.551601722264,57.570565220041,21.912053876535
16.416908861842,26.196691498430,40.689164405930
3.919989475506,34.573762961775,51.929016319725
21.776323899878,39.918598760385,13.959849533866
0.293340675362,56.975001145754,57.743689349630
60.000000000000,60.000000000000,0.000000000000
0.873079550433,57.978903964403,35.219507274225
0.335996714961,21.502282781907,32.656717722640
0.047880447369,46.085037806872,43.303926120273
5.901341637374,31.198038993600,33.387623583258
2.959448060600,4.152050735017,3.210299884857
2.959778483871,35.616851549478,21.612555728564
39.308201667416,7.027393336182,32.328669741878
60.000000000000,60.000000000000,0.000000000000
60.000000000000,60.000000000000,60.000000000000
2.884236718562,26.430650754037,30.131857267639
0.615595989388,11.667563805915,42.630311066414
27.646002712911,30.705843187450,0.568875494759
5.723327363191,47.063516356072,6.132800040530
60.000000000000,60.000000000000,0.000000000000
22.231006271699,17.165383571024,38.482470865463
7.825773628637,29.730126807533,18.948459278240
30.812955461589,47.380652623480,50.868093264191
3.889678707324,37.881433822746,40.527837449844
1.891983851585,27.267068075882,27.295433600928
11.116443078721,29.091743335285,32.255116980740
17.443135972633,59.602541443338,0.671311907533
11.377604961652,48.636385002095,36.833007281112
2.490744293247,38.976765594930,50.501060226529
60.000000000000,60.000000000000,60.000000000000
3.484345978532,9.506072781334,51.925149757471
9.018609318888,49.973393882907,40.958428435234
3.695728936995,27.841616846575,14.975893221561
60.000000000000,60.000000000000,60.000000000000
0.488651675017,28.669788603986,47.077190058644
0.000000000000,60.000000000000,60.000000000000
60.000000000000,60.000000000000,0.000000000000
3.629310006479,20.215044939601,32.710003926958
10.532097662722,35.066679489540,35.141222542351
2.685223035734,41.575548999558,21.090109393846
60.000000000000,60.000000000000,60.000000000000
2.854725552632,21.264988869871,20.130808076174
3.126504332545,37.667356127825,55.817103420019
0.000000000000,60.000000000000,60.000000000000
0.808182870027,18.513679864773,12.632772933701
1.645633681843,25.665149342165,13.045796646942
54.265722307941,2.322250662605,45.510825913843
3.148363571696,47.803041712354,4.947443213400
5.224370988674,1.667529877221,8.411188794762
60.000000000000,60.000000000000,60.000000000000
60.000000000000,60.000000000000,60.000000000000
60.000000000000,60.000000000000,0.000000000000
1.651137505718,49.465056067064,33.118210617475
2.353350271025,33.144104138181,26.391597146617
0.877554484359,27.820171674432,34.611387530379
60.000000000000,60.000000000000,60.000000000000
31.268878034984,11.652592776640,16.221951571225
60.000000000000,60.000000000000,0.000000000000
60.000000000000,60.000000000000,60.000000000000
1.250061376736,38.450702019745,37.925979242439
3.883152050716,37.123158508518,3.977239683288
1.831576484979,33.454089381222,19.374916617930
2.226402353921,14.036255860788,36.721969045222
3.993593885585,33.412685459736,31.470103263072
1.841228733795,7.249471119853,14.183052086927
60.000000000000,60.000000000000,60.000000000000
10.240689620931,36.179781909629,54.201359483701
0.517635292333,34.621651002991,26.745824031043
14.916820334011,50.466722475134,20.406404474467
6.934894114130,28.339549231986,24.492438558325
60.000000000000,60.000000000000,0.000000000000
0.305154057175,23.550101741355,29.528464208398
0.629976495703,22.484139425259,13.566903672774
60.000000000000,60.000000000000,0.000000000000
2.271584880661,24.890316975002,44.343116445569
1.043412058415,23.564118457561,32.960804593906
2.128388444296,54.115618865623,39.303388011412
2.094195563444,20.113774537438,24.131970633098
6.634508605057,55.291556017420,36.395221546382
3.854553951845,29.657988625194,34.676295530347
7.125422208012,15.497839464163,13.463299366269
5.208297752530,35.122066778542,25.537135835469
7.698406920700,43.700646767131,23.778012363619
60.000000000000,60.000000000000,60.000000000000
5.932435406608,47.637126223906,47.131170716766
3.695375319139,30.780731092212,25.216809537856
12.035712088685,33.244438039417,3.346203060262
12.088204623374,28.276446407664,40.271266352055
7.653888578432,7.296645278856,21.804623020861
60.000000000000,60.000000000000,60.000000000000
8.273646785595,23.665532606707,3.166264230410
10.607595258425,32.478407804195,29.172918442278
60.000000000000,60.000000000000,60.000000000000
60.000000000000,60.000000000000,0.000000000000
60.000000000000,60.000000000000,0.000000000000
7.571704006131,25.094946392752,32.233542371299
8.629372409212,14.705779241229,43.277800580787
4.827272100598,37.585685927849,17.692147554351
60.000000000000,60.000000000000,0.000000000000
60.000000000000,60.000000000000,60.000000000000
14.980795238386,3.573898388654,51.776314064914
7.206314441084,32.824305416200,23.478776359692
60.000000000000,60.000000000000,60.000000000000
12.242419825155,39.538260425329,12.902428917956
6.927284209536,13.092630178537,13.311026169897
5.646365840432,35.756475560746,36.385220042548
6.054046791569,10.913024313501,9.080395575390
7.126850257860,19.556677120787,22.184122644300
6.936305416904,25.264249387905,13.307552486673
7.195079819469,33.218629708806,35.998820756134
3.739222459029,57.277277316177,21.160091888907
7.004062448176,42.286400504886,27.640372800525
4.069586257625,5.828993818781,58.962187834452
3.841659640207,28.341353057946,32.918635553379
45.653679692254,2.119587354380,55.902910276835
10.883940440901,59.317635919992,7.521902059290
6.374592894947,23.667978515127,5.866271395111
60.000000000000,60.000000000000,0.000000000000
2.544610439423,23.053580912461,41.149221136508
0.980025582970,35.284596588251,22.379910824522
5.941190974067,29.879795435151,34.067427212612
6.252360174668,24.145646572734,25.373660016558
6.117150791690,49.540569101350,6.020928165704
14.698282385430,37.102807577251,56.980117771495
8.298198743526,11.622564885636,25.645131113300
1.997790077224,24.331211654089,24.451348649360
15.316817923520,55.604203371183,2.368603485302
23.983648610906,28.354080406247,60.000000000000
6.717728366927,49.371413064195,35.853419935701
7.079700911999,34.467797434385,31.538073736478
8.143738228731,59.166377155455,38.639961893839
10.834900675434,20.503612886438,21.298434885495
10.948765897647,12.308838309238,8.256606631522
8.509218872281,34.359045085524,21.640672252475
6.814249816723,39.953996833480,3.419294370281
60.000000000000,60.000000000000,0.000000000000
5.189661977058,11.522799501723,3.183377008023
60.000000000000,60.000000000000,0.000000000000
5.386216070672,4.094208069758,18.628396906209
60.000000000000,60.000000000000,0.000000000000
6.589345427046,41.297258863561,32.035737658639
60.000000000000,60.000000000000,60.000000000000
60.000000000000,60.000000000000,60.000000000000
2.396531018615,25.087939584273,33.337933823905
4.968159414724,18.240586455076,53.595815342044
60.000000000000,15.388989116399,3.686941838937
6.217883866407,27.865616102854,42.645260249416
60.000000000000,60.000000000000,60.000000000000
60.000000000000,60.000000000000,0.000000000000
8.105074528630,28.333204588870,38.734575188723
7.795029968514,5.281073987403,14.120270654159
8.931937428289,31.559874256836,20.564853984017
4.630903432880,29.686246978812,17.683357958844
60.000000000000,60.000000000000,0.000000000000
9.123288352027,6.612919976829,21.044586506430
3.204452767890,26.481181318939,25.334080835196
13.197552861169,7.080548733258,31.870995317934
5.115820844941,35.817441830479,34.357186102433
16.916876385556,46.817576851094,12.918956078337
60.000000000000,60.000000000000,16.446141365425
53.267528656197,4.328714564366,20.682262130314
55.358674563302,45.448177492841,29.305329521668
1.733300313691,34.654375844215,45.088258953597
5.927364897475,29.394309252082,20.329348851270
7.916354582023,27.783470152686,15.817435226667
60.000000000000,14.031106705772,0.000000000000
28.141599434313,23.090492252988,32.072878056533
4.018353479903,26.779978281324,38.184670469641
55.522218517171,17.904558854409,21.782094054883
20.357785790239,8.276568139676,18.192183063812
6.394410588029,46.940339124980,54.755446570378
10.609493120874,28.144407045915,35.426107817584
31.606545433058,47.315952600017,18.847995352269
5.414583298484,23.764707713607,43.059567483684
2.916461420243,1.134306046476,49.312302317666
8.175701304922,28.271313306469,28.407110435545
7.067972645714,38.331107300347,58.622102655705
5.835168719235,37.454008065644,24.355925426648
60.000000000000,60.000000000000,60.000000000000
60.000000000000,4.804542232589,21.812045676652
10.298134028116,41.004239105502,50.965725562932
44.476034952715,50.975628971053,30.030468272919
9.500545461727,12.539301043770,23.625288006060
8.219607687537,33.568805083871,33.770644971310
9.018776949359,30.162901214615,6.951230330146
13.420384015664,38.325283675667,12.735846094127
8.358736160647,11.960383348601,12.902191571770
18.589655500585,49.592222516034,25.297397238777
9.773499139913,50.765321064470,58.510817979412
60.000000000000,60.000000000000,60.000000000000
14.781306661891,31.005559376331,50.575786798874
60.000000000000,60.000000000000,60.000000000000
11.448590545649,15.755723580131,22.471134075820
44.656495903677,14.916139458800,60.000000000000
8.157882447650,30.970621353746,55.140340887766
11.189644865975,23.931635454663,20.799751933394
11.679395868099,54.789625744563,57.986326683775
9.662183699407,19.549164028479,34.710896621742
60.000000000000,60.000000000000,0.000000000000
11.936203202491,36.917854030890,23.391336883809
9.242547901363,11.344280675532,28.448676844956
36.705972257943,11.866496582494,4.376912074487
27.674947206318,9.616340612483,43.161665926447
11.533695321450,25.450317669937,30.606326732532
34.831118510617,8.335155589521,11.952925105159
26.543358715944,3.163460538442,19.803423937649
10.990558706872,23.915838177970,43.609821456933
50.271457953909,31.362162249250,18.751115376285
21.195490075022,7.665543201376,45.211462492195
8.337589390462,41.879781110991,14.912568235998
45.186088534581,20.981834075769,33.910241720348
8.063799656606,23.922402542823,31.605565408931
60.000000000000,60.000000000000,60.000000000000
14.818133213985,37.850804532712,31.516209222119
10.353768697801,43.937376226631,21.423941491501
40.913908610688,60.000000000000,18.907368982148
11.105286673089,33.187926135801,28.901848423960
60.000000000000,35.098940855222,60.000000000000
8.797402273076,4.402508920968,28.838963887254
4.812793646931,21.289103621793,23.949384476374
11.819243686312,55.176588004279,20.060899925048
44.177651124925,16.816490390951,46.576014178322
9.509949873639,55.102234702713,17.348795756188
11.075905582257,18.864722706933,25.611938615448
9.788746016864,51.489326724072,24.420168835248
60.000000000000,60.000000000000,0.000000000000
0.244242485850,53.437914633317,41.771994130726
16.199862021250,5.497919934347,12.865674298166
12.259087660532,53.928782192394,25.131572431118
41.579384630196,47.575380140118,20.549129912040
11.891939390698,42.021525003110,26.438135354606
5.796754552474,32.808700113172,27.345016605803
11.952665028161,5.321620901367,14.295143775850
60.000000000000,60.000000000000,60.000000000000
8.585862310990,51.211333849644,19.150948736550
12.563820549288,25.379502211226,33.329506112339
9.542288490483,2.012921257255,40.954576731463
20.195851432000,56.206860193103,42.105552803089
60.000000000000,60.000000000000,60.000000000000
60.000000000000,60.000000000000,0.000000000000
24.516110059162,29.996453699319,19.730025168543
52.090347857574,34.825725767165,14.200920184101
58.934888787677,27.405644776924,60.000000000000
60.000000000000,60.000000000000,60.000000000000
7.933986992946,12.221475400713,24.171787392951
8.449469928111,20.594900049711,35.957045490219
26.461078143961,60.000000000000,60.000000000000
54.021148432310,31.273117247311,22.087306246606
60.000000000000,60.000000000000,0.000000000000
7.122014508807,34.801785179052,19.005262121360
60.000000000000,9.755273720219,0.000000000000
10.614094109742,30.196622203212,25.995217790337
9.918882591629,11.452464759813,16.949221476013
8.110698856693,25.522867129286,21.922963751136
9.460673660630,42.673520641463,11.351745425930
8.067290820642,32.258957204939,25.174689589127
9.908966129577,38.200781854903,42.874227033161
13.556329039210,27.257614370860,33.592794078571
59.078374160441,5.282705240886,46.150781084259
8.924444792402,40.131010188984,24.135982297751
32.801406195536,60.000000000000,4.729145608068
6.359182158466,21.912181391961,38.535071892847
10.250971759339,49.074818206834,49.511515238849
39.844954719538,14.166681026942,20.085023974656
10.010554629033,48.687358032257,17.387704642695
10.306527361923,44.227015273566,30.501578436787
60.000000000000,60.000000000000,0.000000000000
10.305805276426,30.225793789584,56.793890296700
10.667397515362,25.902516348575,36.391042345194
60.000000000000,60.000000000000,0.000000000000
2.951018077943,48.743482863649,59.357841355299
60.000000000000,60.000000000000,0.000000000000
37.260313521937,15.376681731288,11.866233724923
13.889238694864,32.877840044379,37.777331242590
11.503328385058,48.509606486721,44.865408985321
60.000000000000,60.000000000000,0.000000000000
11.796052197840,32.134816718214,50.363384375575
60.000000000000,60.000000000000,60.000000000000
14.466938388824,15.782116162594,37.716508033887
12.749318679416,19.586899838602,37.115156644977
8.397218309604,19.198753862965,37.237596649210
18.131742337523,18.317841667122,42.348125622002
60.000000000000,60.000000000000,60.000000000000
12.204227927770,21.936992924049,22.698991235693
0.241751183213,37.170302489236,31.882733858368
14.795680310686,25.820625866533,32.441400142710
13.367784111500,49.214960355775,23.592875981838
60.000000000000,60.000000000000,60.000000000000
60.000000000000,60.000000000000,60.000000000000
13.131152456387,25.866377654734,41.535379179469
15.299007717338,52.741821203135,24.667767919261
60.000000000000,60.000000000000,0.000000000000
53.758438295009,49.063336371213,16.302024352014
13.511383616624,39.827063574791,27.662417353952
60.000000000000,60.000000000000,60.000000000000
17.753596519828,39.702457697576,34.438894843872
18.858834222681,60.000000000000,11.975547303027
60.000000000000,60.000000000000,0.000000000000
14.198615039507,53.579155062335,12.949145912401
15.707746627373,33.880599251156,32.629877179656
60.000000000000,60.000000000000,0.000000000000
60.000000000000,60.000000000000,0.000000000000
14.054054665505,4.887311275941,47.153696078368
60.000000000000,60.000000000000,60.000000000000
12.245254928265,43.580326064375,49.192362654260
60.000000000000,60.000000000000,0.000000000000
20.501823834646,9.471285740576,53.333508135785
60.000000000000,60.000000000000,0.000000000000
15.918318715694,44.019302321761,9.071875545517
11.470117101344,28.064429151248,24.732986154009
32.694496392174,9.719575922643,27.024927154070
60.000000000000,60.000000000000,0.000000000000
14.770300794001,8.186145974067,35.420682180850
48.815716885431,50.111536873058,12.825360610201
15.133436999917,0.072471995932,37.949889958932
14.981110313966,22.799083254052,20.177329646302
15.170293464579,47.576606876090,49.708581325135
8.748828366526,22.577248234171,34.798369645660
12.418542466126,40.960956295610,8.101679476534
42.451550211185,53.559515663030,39.176766754884
60.000000000000,60.000000000000,46.025034799852
50.143670843841,18.626150596993,51.677676014920
13.056555072018,0.358519580316,28.369667491375
60.000000000000,60.000000000000,0.000000000000
14.125112962470,32.567948090824,23.624034754768
60.000000000000,60.000000000000,0.000000000000
14.561428467703,31.993994888823,29.708884062267
60.000000000000,60.000000000000,0.000000000000
14.470188158408,9.436404802053,6.186192728118
60.000000000000,60.000000000000,0.000000000000
24.657840525545,41.582864538381,9.333059894129
12.966339518016,29.847622519278,30.693993303346
6.296051013088,27.654326836228,18.375890567230
60.000000000000,60.000000000000,60.000000000000
60.000000000000,60.000000000000,60.000000000000
60.000000000000,60.000000000000,60.000000000000
15.108533652402,53.632802113390,18.032930918794
14.201839540300,29.302741015914,37.741970801162
55.352503462204,31.433508285071,19.095108575208
60.000000000000,60.000000000000,60.000000000000
14.413304763377,24.130728828530,35.980118171894
23.999149686199,35.440687000798,22.801300877940
15.068525554793,53.283575628568,52.713792215511
10.688297541837,36.915075849446,31.634719771682
7.833967554974,12.051176893731,30.374641270541
54.921139901989,0.358542803662,36.047497780557
12.185889560161,21.565737995932,10.546406498246
17.668637891584,29.196773328085,30.577331778989
14.591946177778,22.545205281947,29.376710213274
4.546375704462,7.937090976807,56.071989284895
11.677756117961,9.256861029704,32.458771228095
1.419978485717,19.203345665352,35.784752621234
60.000000000000,48.544943483755,55.443188251117
12.749284411857,25.875475533077,19.823432134518
15.847667739579,19.382709501391,0.907428982673
32.306035113003,30.424932423134,5.538239367101
14.976716487715,7.742540001022,42.695121082434
13.713250084148,37.469701094149,32.903925910967
13.891360229177,37.167887364485,2.918040829778
15.789487731990,29.138653834094,26.099860366283
12.329014086739,28.888065847123,8.416485643025
60.000000000000,60.000000000000,60.000000000000
13.271559671696,7.121104195373,56.092351027153
15.720587542700,26.772442840972,39.460943196863
42.545950364574,0.465111556447,54.256539679793
60.000000000000,60.000000000000,60.000000000000
12.054540368898,2.816814983284,30.538332778535
13.170385555205,34.800687092687,28.863062654057
60.000000000000,60.000000000000,60.000000000000
60.000000000000,60.000000000000,0.000000000000
14.090730624649,57.187415002606,16.800978291582
14.113576212267,26.599790314599,28.160365050400
11.737562624005,29.719086728806,35.036941859065
13.039151749295,28.845987988510,21.330816672810
15.816989238253,0.008784984906,14.487560339633
14.697817639824,24.513836039984,34.233913929340
12.199316376552,20.798528156631,55.849558982130
11.331976623694,33.530846023890,26.122208611382
16.416271619881,26.260502634544,8.405802796297
25.061647283974,57.413508225775,10.713103493566
17.483360511957,59.940553679130,49.920427254134
19.696576594166,25.456414881947,37.714581480854
19.136812130918,1.681735211968,42.661517622380
15.560335243808,28.539511409248,36.119450598455
19.146838251477,55.547129416908,46.451462121527
24.249890591663,24.413853379601,2.893157952948
19.465466243154,16.091938808009,26.244339249706
17.724082889948,33.009420738991,33.852173929441
60.000000000000,56.861250201764,46.869775093455
16.643315194692,32.758326536426,40.407744623455
34.119625670989,18.900294871773,32.405596314946
0.000000000000,0.000000000000,0.000000000000
17.365862286916,15.882718435518,26.767208297838
60.000000000000,60.000000000000,60.000000000000
17.694711998728,48.834723758499,4.429894524432
20.512514800762,32.957378557324,21.491565256954
17.223700547166,8.526606259349,29.878532243238
42.824165390072,13.233370601770,35.260862455814
11.822976845301,53.715593074719,22.328474174892
23.049494429036,30.356797350223,18.518013063771
17.404250105765,24.947198167671,38.794752323274
15.317910381173,19.226268543035,33.125999785439
18.353286500787,35.493029424219,31.108595533083
60.000000000000,60.000000000000,0.000000000000
16.167548022124,58.713712979572,6.218331833465
14.403418222219,37.206884211321,40.662704089782
16.928959805052,50.078233879224,51.863665564123
16.448119581854,39.330736180966,35.944745813688
22.100922164540,22.952059549682,37.817836929444
18.245472952086,26.262697948680,27.102858864686
18.313206526547,45.610832847647,32.447665961897
16.451177207887,35.806580726829,25.263549398318
15.045306924407,8.839486830783,53.722340657096
60.000000000000,60.000000000000,0.000000000000
16.170544122956,17.757514261436,53.361282331056
60.000000000000,60.000000000000,0.000000000000
35.512169433788,44.316449195281,17.909295504049
22.253827617053,39.025057079283,26.955617780560
45.917578403192,17.459496481118,36.705082726695
39.981052429860,5.302845682180,23.907598494654
19.947635378059,44.753737549404,48.965107286367
60.000000000000,60.000000000000,60.000000000000
60.000000000000,26.746226877840,21.114995667269
51.066913594980,52.710548187906,17.718608804570
4.829633078373,28.131748948281,0.978394972282
0.000000000000,0.000000000000,0.000000000000
15.036833297546,21.908610747027,37.952729068147
21.420341172230,35.372316112671,34.406974827160
60.000000000000,60.000000000000,60.000000000000
25.838756901218,33.256398401837,18.721118995075
19.148128994721,28.493758929277,2.029187342650
18.957126780669,22.265463868454,34.440835787178
60.000000000000,60.000000000000,60.000000000000
26.209954802745,21.200087659732,30.176957777887
11.480930719690,10.330444000008,54.749724976032
16.230103572518,20.261974848040,39.499601699095
18.135030761913,54.275470735614,53.002793791431
20.545168386797,25.163766700146,31.344988638374
14.961163290831,35.573037879865,4.000162240075
19.065629094674,36.276080825567,34.128224881853
16.033615285172,37.755090666033,7.778976338139
14.970541338222,31.489975121180,27.868636718970
16.769477714755,37.951159930121,51.628506939954
18.405571372555,35.565110924656,41.474190627458
17.554420480470,17.738653150908,56.884737979958
15.368871378992,34.367461796430,31.717963917853
39.083127199713,14.464473081169,32.052098277276
60.000000000000,60.000000000000,0.000000000000
20.329843017941,43.304065021957,59.424926664095
16.664337958422,20.313844975327,31.542505681491
18.691985123488,40.950452037205,42.503241520448
17.784329074469,30.105549802214,37.149229352934
16.357430123417,50.725139877799,30.952921704908
17.999256544946,25.846728634410,23.214966847700
60.000000000000,60.000000000000,60.000000000000
16.454755661377,27.531101537372,22.606709069119
19.357628829216,37.913894605774,44.764865239863
15.962123406464,19.866280945599,20.920861451270
18.069576857169,5.702671023872,9.447216997609
16.483792835058,43.378069696270,28.522249438856
15.747012115359,7.183786400265,10.476846094908
17.950937560864,40.437259920579,33.032266181610
18.241071550089,24.070002341901,2.376301752779
19.242068007916,25.847885094352,25.403246600762
4.780597958207,46.292304647165,17.373929365014
60.000000000000,60.000000000000,0.000000000000
17.494258318062,48.181775247946,43.616053423376
0.000000000000,0.291072652383,60.000000000000
18.709718137815,10.224507476142,47.218291147530
20.634169757161,24.851577335570,23.353809253470
60.000000000000,60.000000000000,0.000000000000
60.000000000000,60.000000000000,60.000000000000
18.722105930251,41.540272157695,3.202006582517
18.701470086735,18.232766502360,23.780401898324
60.000000000000,60.000000000000,0.000000000000
19.909704906942,22.596183516629,29.511955138506
21.361709710997,13.433393806413,55.924791266100
60.000000000000,60.000000000000,60.000000000000
22.146991146746,35.018211549773,42.629242531747
23.114867215971,32.623378387904,38.177278188399
60.000000000000,16.882618962922,0.000000000000
60.000000000000,60.000000000000,60.000000000000
34.602748043128,38.229413462708,20.579390245226
10.559118546946,39.380179553711,25.013006767162
22.357853256167,38.788051533348,1.776137517642
60.000000000000,60.000000000000,0.000000000000
60.000000000000,60.000000000000,60.000000000000
60.000000000000,60.000000000000,0.000000000000
37.139023311390,46.914768438091,54.531291368333
23.360874192461,42.207420465567,36.837979516886
6.958124133459,1.875680271489,0.000000000000
23.929435626314,36.700894888778,31.768531740167
21.113270359898,45.768654074262,57.652613307904
20.086404306771,26.549524211273,20.225661663297
22.439908167197,57.495045139477,9.719964107926
18.928592215231,28.749957634899,34.483641573709
20.287048774667,45.150426842508,45.141925095363
60.000000000000,60.000000000000,60.000000000000
17.011288743017,20.185077820526,20.186918892118
60.000000000000,60.000000000000,60.000000000000
21.812534715596,32.549135336457,9.837280192416
0.162562957368,17.202396757195,48.952948962644
21.791892770419,5.061047332581,4.091185296495
20.469123141968,20.167984224644,37.856834465197
20.591214457451,14.335521163125,22.969476541712
20.828198154668,44.253629945110,23.656599061371
60.000000000000,60.000000000000,60.000000000000
21.132745933461,31.128798499651,20.035587083979
21.279798297332,12.137004194509,11.041978555300
60.000000000000,28.396649723026,60.000000000000
20.724785415573,41.071486348637,54.700358517341
19.629436990331,18.311687039483,31.719593905835
60.000000000000,60.000000000000,60.000000000000
27.902271454849,30.476376197974,36.799326752381
20.393324021406,35.865259284018,9.864270530066
23.827096604394,33.531428699851,33.737530089671
26.065242731775,20.779813910428,40.249092065529
22.648049278367,36.558696037731,37.204748216848
23.710037635531,57.780171240452,28.479605433288
60.000000000000,60.000000000000,0.000000000000
60.000000000000,60.000000000000,0.000000000000
19.403542247022,32.965784981032,24.761662142732
23.527607464928,10.343637931099,51.748039114838
6.226108263015,1.916234151679,34.902482948786
25.843784185507,39.534857559301,23.525743403872
20.968666856894,22.841620476279,32.325488034176
21.081126571383,14.420937985235,44.218211754710
8.498215473473,21.430686035745,51.756670507661
23.229195880334,30.964625089162,35.291893492033
60.000000000000,60.000000000000,60.000000000000
21.507487810985,17.754331834211,50.334045534312
27.273732083238,36.378937460371,38.632765282402
20.483460542100,1.568143330208,14.044151402510
24.319246667902,29.257686046242,28.824637030238
19.873309193794,33.779755075852,5.982778393183
21.020857845100,38.470947068534,31.618255415968
13.157803598005,8.532643343108,53.833215813831
20.622330708488,20.701212357671,28.271148177290
9.592230050966,59.325543065418,55.580005439255
23.874180251360,45.818897263586,28.123984754616
20.444131806637,56.439488431008,39.865252907397
60.000000000000,60.000000000000,0.000000000000
22.322794936494,22.853957816146,50.546774219576
53.231807216305,16.849259573754,59.628277950286
21.680114607138,17.399508213801,37.777209113120
18.865400717484,36.731311409865,32.165084230125
22.442942936578,0.312052441752,31.828591690950
60.000000000000,60.000000000000,0.000000000000
20.534792506495,8.545806923919,26.704667042267
35.492091693377,57.034378872578,33.732162726785
20.769648168170,12.796906415655,52.171109816785
22.702615569706,24.525261118747,25.795173540511
21.321206897771,10.790390790970,17.384041463473
22.282389568402,21.765293480872,19.495991331213
22.963871562426,32.781452852614,44.268552042081
25.148059071925,29.585798860972,23.460279918502
23.308089587219,8.851974209324,46.800969198330
25.257621732816,22.556091677439,28.902048707466
21.255785302678,29.784222320551,13.532529677840
36.931027752520,31.526385507398,8.265127539111
20.744941292844,43.583794354432,11.564051375487
51.924389508593,4.107305034256,9.690741180379
20.228367121461,41.531624965976,8.553832972108
18.645571882928,22.790874804140,36.921515248199
20.114096043673,51.131099157163,22.528144185768
28.036693543113,26.504196637433,21.938407304191
22.340093542235,34.453650973818,57.069128046822
60.000000000000,60.000000000000,0.000000000000
23.252440779631,2.235254814367,20.057312001902
60.000000000000,60.000000000000,0.000000000000
19.995738217597,8.034196417716,38.109254196923
23.423843118139,27.839033826504,20.895028259827
23.229213465937,45.314641598551,30.488932146463
27.174416715207,2.649875213454,32.894560099608
9.989984621872,39.149375289240,40.766165562341
21.492132728224,21.541515853116,23.599605975455
12.393391530963,56.623640321071,9.865566870056
2.553132732809,60.000000000000,5.609542425117
60.000000000000,60.000000000000,0.000000000000
46.485331980736,22.614763974786,36.709635241141
25.915616253741,19.357518927131,47.882421542984
60.000000000000,60.000000000000,0.000000000000
24.517827848061,4.417101470401,24.852932704578
45.003860104133,18.501583974840,17.360042981501
24.650572598926,19.412927906138,25.881420588684
60.000000000000,60.000000000000,0.000000000000
24.508681836648,40.858628537559,55.215617354077
15.366026551741,31.359125047682,42.583124381368
60.000000000000,60.000000000000,60.000000000000
27.757926860408,27.981082154250,42.636704287842
60.000000000000,60.000000000000,60.000000000000
60.000000000000,60.000000000000,60.000000000000
14.781182401258,8.029270824053,23.228863859495
36.847937016869,22.017756277947,45.489550937710
26.815554833696,6.653156470970,13.978233001319
46.352216069472,14.119987521817,41.596647764590
27.115210700482,21.663138774479,1.561922601283
23.495264860313,40.250348190184,37.121490955573
26.280882367711,9.892757052237,20.039992092676
15.971423485883,3.432499879435,46.482479639571
50.154791207680,60.000000000000,42.622716826421
60.000000000000,60.000000000000,60.000000000000
29.644666927337,38.043580205466,54.593096055440
26.595261165223,34.162935765007,35.787371380610
60.000000000000,46.792893286731,26.411417712791
27.716297954322,36.407872289574,31.432589899990
26.345137872884,16.957479945090,0.102120162596
60.000000000000,60.000000000000,60.000000000000
53.444689555719,26.584519095526,40.948809782129
27.030498579168,39.814832023911,36.359540671234
27.932156430323,36.465603334237,17.019520920098
60.000000000000,60.000000000000,60.000000000000
32.898851305726,7.935842785036,25.420473676612
40.140383928608,52.456280346130,23.566297809227
25.880980986355,51.927032402362,25.103757879472
60.000000000000,60.000000000000,0.000000000000
23.974898514028,21.826143568682,57.458567704726
60.000000000000,60.000000000000,60.000000000000
25.281320849471,36.260374482074,8.645859953732
40.876040237089,7.667046220773,27.050141415313
23.780476738277,34.194788588891,16.993694827052
60.000000000000,60.000000000000,60.000000000000
17.403350448737,4.246229987477,27.932874971541
24.165487306649,28.016194073362,34.198841032737
52.693841921912,21.095485583645,12.293734705841
25.691529822995,27.267295879166,23.783817484051
24.025335882849,5.030194584379,51.269845316965
60.000000000000,60.000000000000,60.000000000000
51.949502441816,60.000000000000,60.000000000000
29.554793011567,22.422595180313,20.332683391178
28.447402931060,6.114766772358,36.281547922773
30.998472445584,25.987271777072,31.250418894044
16.295745097253,38.354315912810,60.000000000000
60.000000000000,60.000000000000,60.000000000000
27.297823498238,40.435804993641,21.959167031022
25.618010467247,34.902958878408,24.611215346846
13.584582321743,8.300314611668,14.237670827962
60.000000000000,60.000000000000,60.000000000000
26.313727716407,17.890044049241,12.683260010712
29.243347951085,26.672531757141,9.995471108169
25.022037898271,15.120570086347,11.699463771071
19.919608760076,43.055835465703,46.487886534714
27.889125801093,7.776343212841,49.483063460703
26.257378996774,30.276564322133,34.084010425844
25.883012771043,17.323637484667,18.782329732599
27.440652015496,34.126555770924,22.293628881780
10.275862318592,27.598545950528,22.119889807260
24.217837374988,28.398962226954,39.645726186613
24.828870754294,31.310523613275,54.482015206382
25.573203949511,19.786897354607,36.824805894008
34.305528037803,33.470084915900,5.795203966848
60.000000000000,60.000000000000,60.000000000000
6.647695695618,50.591047982416,57.936952623955
5.184455006220,44.373526392288,46.993993639034
24.639065134507,9.313676838607,35.030117078722
23.037279008623,22.219055382126,19.829202245155
27.813187615836,39.316447326692,48.603256004094
24.587144751313,21.806239466357,39.950419882448
60.000000000000,60.000000000000,60.000000000000
27.203260383172,20.154547566019,33.346953652079
42.246601699090,60.000000000000,45.598011607999
24.388236301697,32.133109678738,28.187444221263
25.130684491631,57.668496484808,13.913111595772
27.390964155413,21.494683808269,28.247973068145
26.143563204740,11.854629389835,24.239140259950
60.000000000000,1.983248653146,60.000000000000
26.807029114442,20.755228883842,10.032768740616
21.120183576678,27.170159158050,34.936632593675
27.681134762582,54.299677889529,53.006243141974
60.000000000000,60.000000000000,60.000000000000
43.361676145811,12.004709437062,9.260855397664
24.748371249104,28.929872209068,27.419623124038
27.663485345445,48.842396396400,57.562576797155
57.157208857800,21.875711710289,37.135746984243
24.046033265021,33.110660932553,42.011969095352
60.000000000000,60.000000000000,60.000000000000
27.978546649889,56.363648168537,37.522758351510
24.780856347949,3.191264420446,56.065219449864
30.242679448664,56.972308847484,40.252941422294
60.000000000000,60.000000000000,0.000000000000
30.542651876075,58.218341353023,48.016843266676
30.741766568781,39.568757667560,27.363233059273
34.985167279687,33.583766265870,25.685123603154
55.122466930683,50.081305614930,20.256685811331
28.395585897146,3.444694489373,45.910037476185
31.643072973020,21.444870679020,38.309186369446
29.377692274954,18.121373578943,5.695500687687
32.064239858894,30.430310369707,16.059679572663
28.972285519551,22.264442183761,56.355785661684
32.242276409791,35.656085935158,41.188240865887
30.765526638265,56.456035029286,7.966087628540
24.988008112824,41.651516048655,9.797731900948
31.094382277197,45.853164395474,5.242673963452
60.000000000000,60.000000000000,60.000000000000
31.751756116151,15.511023375361,18.796159520673
32.853621662154,43.132229449641,38.343892717840
3.915216547705,24.704224430772,37.267215515362
60.000000000000,60.000000000000,60.000000000000
29.976497903028,14.013047721032,58.590466811059
32.553064837247,23.099403915659,23.206528618368
29.501742103197,45.621112730008,16.176701985933
31.212397910480,47.281694763567,40.137428348895
31.343189712402,4.104103641546,19.715866038758
60.000000000000,60.000000000000,60.000000000000
31.940763680765,45.103580692232,57.494114342786
30.949158232258,34.300342275173,38.245577884730
31.616694625001,29.893243255320,34.768481354844
60.000000000000,60.000000000000,60.000000000000
30.778577897200,21.294121525549,2.803347194718
31.700449753143,23.059119245921,20.188206363744
27.627470966449,34.419343731718,35.992223469590
25.298451478678,31.964497323967,22.723273074331
60.000000000000,60.000000000000,60.000000000000
30.911700201495,39.193616237755,31.293888290946
35.082621461031,14.255119660446,37.561458502925
33.192807552881,27.488114497606,24.718651691817
28.746304599657,34.533450453279,16.357810182449
60.000000000000,60.000000000000,60.000000000000
60.000000000000,54.082832269817,60.000000000000
60.000000000000,60.000000000000,60.000000000000
57.542355814399,1.446006940350,3.585638320732
30.501443490167,16.174404309582,25.568819625069
52.473449402119,39.497501824392,28.361787492247
38.648017751912,55.862165082725,55.057523519311
28.754235199222,18.373863173103,22.432037675434
39.014404315005,13.279902887528,1.875506818551
31.186326468235,55.820831235236,58.138499719776
31.048784539516,33.946078567088,33.786674014204
29.834975793646,43.950396880604,5.873672901613
60.000000000000,60.000000000000,60.000000000000
32.260154374917,58.517665006901,24.083862468278
28.826415222959,23.104079827661,27.628654932439
29.036741608984,39.178672203695,13.785223755213
60.000000000000,60.000000000000,60.000000000000
28.931564658524,48.518444809168,41.811649826577
28.351531679685,30.922949261999,37.391788934028
31.004114932883,18.975665285110,47.391208129106
60.000000000000,60.000000000000,60.000000000000
60.000000000000,60.000000000000,60.000000000000
26.738688591957,36.367007649939,34.577294712210
60.000000000000,60.000000000000,60.000000000000
33.473513174752,33.743694895690,28.161789004756
29.180099204837,53.030276182252,48.455327130932
36.711650337003,28.459709078061,24.810203474393
30.224971703723,17.498842076612,59.956715910930
31.620926831197,29.953374471123,25.994087865891
29.038119686154,41.222084856724,52.266093138650
29.702296017938,22.588363467826,34.331286939550
60.000000000000,60.000000000000,60.000000000000
60.000000000000,60.000000000000,60.000000000000
23.332754437786,10.152297558409,0.641253413732
27.519288751916,28.108929650925,33.832931959931
31.370229804770,31.109658009936,46.846823398059
18.489329259962,15.929524962302,40.338746775989
31.471232215504,45.542629833964,26.080870960082
36.318088280264,24.880613354600,45.665572430984
28.136602632987,9.704772410909,50.690770030303
33.954271334504,20.973909776283,26.465089329983
28.022414935813,22.092735462346,23.558167042434
60.000000000000,60.000000000000,60.000000000000
29.871669983582,57.134412110520,13.853944111495
27.871866486582,28.513319213214,37.367763342122
28.136097500159,16.010067679089,21.101855750505
27.578272714477,17.604504560042,38.630778960661
24.484804380157,32.531268006565,25.916616059075
28.260782106626,31.594094428363,33.045109921489
0.000000000000,60.000000000000,60.000000000000
43.939408390577,16.275352012164,42.017954983859
27.311541893879,46.613034371561,25.677194009418
33.417681968419,24.892989125540,36.809984119349
29.687356126011,17.904127405720,1.594706411864
60.000000000000,60.000000000000,60.000000000000
27.902085007330,52.454336174102,24.655991872955
30.654491158328,36.753766364759,30.654521094273
22.616243219889,49.742615735023,22.691096590364
60.000000000000,17.095352471807,60.000000000000
31.212575327026,37.181000174546,18.229566613105
27.109762231494,26.246580482964,33.719820760279
60.000000000000,60.000000000000,60.000000000000
60.000000000000,60.000000000000,0.000000000000
31.487129609514,37.625172744442,47.211634085138
40.399723156692,9.162333071816,10.001214714380
34.555760962186,0.430916055973,25.659316239836
60.000000000000,44.648344684997,50.133015570359
60.000000000000,38.813439484616,32.699616153847
33.326986237730,39.839726111691,41.724952367072
60.000000000000,60.000000000000,60.000000000000
60.000000000000,60.000000000000,60.000000000000
32.012604720733,4.533545495199,31.756926930335
60.000000000000,60.000000000000,0.000000000000
34.067043787309,5.266931002315,47.682554514661
60.000000000000,60.000000000000,60.000000000000
32.812718100886,15.359333901827,33.823106355524
33.018178341250,22.339396512223,34.646027300197
60.000000000000,60.000000000000,60.000000000000
32.439644691211,36.310899174318,31.278067412889
33.637870709530,34.097146609328,33.377058787593
36.846428169229,32.878483597678,33.003748365787
50.739562577626,15.310683068652,19.543999398537
34.516815271093,39.135026681447,34.256144497680
32.828611979897,53.347771659210,48.936484348818
36.988465534751,26.321997681811,29.847929332032
30.859865841389,29.001486266220,52.629839432000
0.000000000000,0.000000000000,0.000000000000
35.854133642263,0.449851223461,14.622809024643
16.870835151400,36.889386568411,13.121303288184
32.137693313598,43.165858125493,9.181105636493
38.197022234452,30.506124439652,32.451330339857
34.552804209049,0.372903416872,31.325024954507
60.000000000000,60.000000000000,60.000000000000
31.372483369556,13.987878582874,9.082188942300
41.789995351914,51.308055872492,6.515191747333
30.260867969456,17.998859751163,4.791151457388
19.758402201335,19.822831672446,16.263720050096
35.617270499031,26.028963182812,56.838261798505
9.624954238125,34.679214161214,5.866754655667
60.000000000000,60.000000000000,60.000000000000
10.706850903071,11.284900025272,39.500535469548
31.711470410744,52.966578524043,29.583680127397
32.672614590983,37.796982607460,35.482943238653
47.292349235163,20.744900320314,60.000000000000
31.353170474765,35.299201388849,39.243200157209
33.200641200492,21.586433807105,30.175005211713
60.000000000000,60.000000000000,60.000000000000
31.069821349401,0.050311146700,22.863150042363
40.524006387579,57.652761247867,42.710342512358
30.810420505741,48.844919293827,3.274106059222
33.934539184118,30.996518788786,28.306420285592
33.666067013801,59.984356736627,51.431256441948
46.963491132977,24.509521044678,18.270218428130
35.140562432855,47.259591823394,12.408107229951
60.000000000000,60.000000000000,60.000000000000
33.339311236541,57.915448009857,13.744779664385
60.000000000000,60.000000000000,60.000000000000
35.831934725665,59.986659609955,58.411621237074
34.470692713256,27.763926950937,28.950519810521
35.999981282510,10.290741116993,24.763960146260
27.415041854316,29.032087986755,27.318269703104
34.795983852208,0.431012832496,21.623975229569
47.135890895205,59.643035971864,14.901614795622
52.684836876711,60.000000000000,48.629050512381
0.000000000000,0.000000000000,0.000000000000
35.361659585645,38.008052292868,47.325156735210
15.641694478055,10.681728049019,29.429218635547
29.349543017638,60.000000000000,34.483291241219
33.621459170306,30.705452444952,36.328799950435
60.000000000000,60.000000000000,60.000000000000
40.933238754865,25.670272458949,50.637920277176
33.464620283271,16.853374167899,50.258108643067
56.917412600944,37.193406573303,23.087510773031
27.524999816549,45.222037553487,14.153647420542
35.926296581113,27.795481125691,40.337001576853
34.148262818317,11.119127528452,32.441153801358
29.007528304492,39.466701887968,37.219557595581
32.307051714226,22.533135821050,17.022789337089
35.303434071752,36.041749354942,37.072519792704
37.353056542720,33.835174223564,59.658714949546
29.983818672885,26.397892090320,39.299662866417
48.229087591821,58.014777479423,29.169503682116
27.159018729329,60.000000000000,60.000000000000
33.201499464730,35.160413518802,15.709219080205
14.241701913935,0.864836856598,10.099072685072
32.808607754568,34.299236249457,26.639359830907
42.263804898863,2.187532257518,34.985905298623
35.139129601168,53.654045283524,26.972969913420
39.522292726553,29.759716533169,37.734325452702
47.258206226122,59.802951745079,9.148110059356
60.000000000000,60.000000000000,60.000000000000
4.154135669118,27.401390857785,47.050413127983
60.000000000000,60.000000000000,60.000000000000
35.951507717587,23.131111168722,42.994374336160
46.853782209409,50.975438955523,0.954764744400
36.235547469510,56.401375246786,53.607054475741
37.086183150336,25.918468933490,32.855214389953
53.011197750316,51.103038971491,42.475493466697
32.245100306954,42.108572141156,30.141160924363
33.399872320790,24.185785343275,19.535924284845
60.000000000000,60.000000000000,60.000000000000
38.187483415519,17.621399844139,41.687311682945
39.551385012412,38.989932943741,40.546598275057
37.622164013217,16.353038311543,47.115163682139
60.000000000000,60.000000000000,0.000000000000
28.018314355397,49.998852601190,53.523131703713
43.865958896035,30.900198128280,32.666826437735
60.000000000000,60.000000000000,0.000000000000
60.000000000000,60.000000000000,60.000000000000
56.649001230041,24.245346398862,28.938353642913
42.516370076392,29.346490272430,24.957509189093
60.000000000000,19.276359012574,19.693847173862
40.101942590694,27.771239378587,19.359069278367
60.000000000000,60.000000000000,60.000000000000
39.876941151918,21.810476766971,35.013396871465
40.066082653872,44.853575526132,5.144709254143
39.365128965232,27.428594316894,28.267238993813
35.679535268104,34.496478109114,33.115560552905
39.566644237948,26.579531018207,23.819184681316
28.709197823464,52.860581077536,24.410671850281
37.560221501137,32.909693718522,37.726447356732
39.748908842142,24.465145763482,21.771737506942
40.273633266599,35.076379648413,40.287252504043
37.973089413102,1.537363568801,22.858031763384
37.632037696582,34.306679561610,29.511553120495
33.583868871398,2.824091725091,43.433229044658
40.094970984200,36.151281832942,27.399976619394
39.944121712788,15.803791892308,31.507989184783
40.756538052250,39.912126391148,33.507271983662
60.000000000000,60.000000000000,60.000000000000
14.841455840366,15.994078418903,1.602776786004
60.000000000000,22.684979405595,11.965202022942
40.109791059171,32.046948356722,27.653474559488
60.000000000000,60.000000000000,60.000000000000
0.000000000000,60.000000000000,60.000000000000
43.544008081642,14.804265242823,20.343245840002
60.000000000000,60.000000000000,60.000000000000
36.515969849291,43.032585451280,12.689695649221
57.646142779545,4.527202362448,59.025856834361
38.242315992923,58.247546321103,0.378050805056
60.000000000000,60.000000000000,60.000000000000
38.244945644521,32.410715481651,9.804745749051
60.000000000000,60.000000000000,60.000000000000
36.692603287003,49.060491380325,29.619545546368
60.000000000000,60.000000000000,60.000000000000
35.925174425135,30.247633758496,37.553871527448
36.529734788008,21.823159483673,23.523981420495
58.387578820269,49.698054232401,1.446290025680
35.839286262763,22.814626355887,19.924250472904
37.641785777124,37.509658416098,12.031013540529
9.002006050008,23.932899145022,44.286729931969
39.646731816770,7.419154504356,32.370122294796
37.028662086954,37.570099002918,22.226014827632
39.127751702522,36.964366024860,0.022298343997
46.766220658360,15.051437357674,39.433905898357
38.638986728627,17.156887513469,13.399215074519
15.625557545940,50.595782966126,25.998879701423
51.926503184398,6.413085283062,55.105633679689
60.000000000000,60.000000000000,60.000000000000
36.864100351123,1.583882409050,2.177280599560
60.000000000000,60.000000000000,60.000000000000
38.704090721418,51.352183247857,57.027018670136
60.000000000000,60.000000000000,60.000000000000
37.849288823879,10.871818659621,46.875653004381
53.426325555299,19.263809129075,25.212817415432
37.203128512697,21.375583030523,50.213963235657
37.117261877587,23.276760384519,35.839619192360
34.514450511908,17.996629467819,23.419824114995
60.000000000000,60.000000000000,60.000000000000
39.706441395372,22.131636357889,12.621894581209
60.000000000000,60.000000000000,60.000000000000
38.008780132548,39.678527565026,18.102063310209
36.621663547148,40.039494462348,28.077531335692
39.316919262645,17.205031688674,30.075589853936
37.620474417166,27.391355045813,25.354206783884
37.783318252889,51.728491571978,16.766424179740
38.845994481771,36.422260232575,37.090679921426
38.098024621494,59.164244884850,7.961680400549
60.000000000000,60.000000000000,60.000000000000
36.676571177192,10.666519030961,54.647434345187
60.000000000000,60.000000000000,60.000000000000
39.921248006984,14.771346160823,34.887966728285
37.709268054545,34.978055865499,18.232942841741
37.038688345487,12.585395606869,17.543585504431
0.000000000000,9.320104662261,60.000000000000
55.110487964102,31.378237419081,6.286952098790
39.340546664480,36.638647663828,34.040101490976
60.000000000000,60.000000000000,60.000000000000
40.308367928816,8.502551910581,15.220210525781
38.378865075658,38.713011707718,51.394401550873
38.914451076305,23.413135182180,38.768651468067
9.909536926685,26.887131416518,5.621979335085
60.000000000000,60.000000000000,60.000000000000
60.000000000000,60.000000000000,60.000000000000
38.075544318512,29.789774989620,25.606819302027
36.883079761225,0.013285574069,19.328041299776
36.771697208961,39.766116174549,34.240569854765
38.018187311802,9.002253349963,12.228952013816
60.000000000000,60.000000000000,60.000000000000
60.000000000000,60.000000000000,60.000000000000
31.727376754954,29.028402143137,30.539688504815
39.968695762046,27.843675102485,12.155665746951
43.079994187117,33.245919354036,19.989779877175
60.000000000000,60.000000000000,7.898431280602
42.391818976289,32.854495147296,40.356602385950
40.584500365341,59.705703005861,26.547895461310
43.558389939374,19.767438726387,38.941974088569
41.800139972657,11.599437750857,45.629624650194
42.831043894814,36.330156860581,22.173279290890
41.582282079452,9.625354779102,37.295362551898
60.000000000000,60.000000000000,0.000000000000
1.022262106830,60.000000000000,0.000000000000
39.922456748281,35.844480137833,20.408533811556
60.000000000000,40.003816626026,55.883127810155
44.556954090981,24.573968152249,31.381472973600
42.766552846366,15.045625522713,37.294598535247
40.653308742330,30.052934671463,11.674321440235
39.162702755273,42.688649428884,36.405471423948
49.712352905168,35.295950011911,45.072831498907
42.247076208911,48.901383298165,5.406246382368
60.000000000000,60.000000000000,60.000000000000
42.821690065261,29.825581727143,3.737395023819
60.000000000000,60.000000000000,60.000000000000
40.836287613350,8.330997512702,56.101190102779
41.216721128326,26.493375602361,37.067338241418
43.793982951210,35.470200420119,16.400831859338
43.570640889510,28.307772018000,25.021406602762
42.955914190493,30.489536974020,48.625456905062
41.610920050058,35.763216125244,37.285321427228
41.892241939838,9.514737203221,17.811339061137
32.632776838233,51.164073781095,16.863598777854
60.000000000000,60.000000000000,60.000000000000
60.000000000000,60.000000000000,60.000000000000
42.609121792472,17.744620887461,46.080749013256
43.804997330121,27.667476359404,39.383341008745
42.669384089857,17.665344272096,39.542770253983
41.611114097111,22.330787721676,33.142051410064
41.656227339171,0.036491220031,28.745978442116
22.127274399997,18.600018065694,32.070455743587
42.825255959448,10.195478410546,22.354562745637
41.884608309201,23.086811974295,24.852251886536
22.274888580849,53.807310690851,60.000000000000
40.387637737534,28.810315296549,24.013735697258
40.817656909374,13.932968557641,13.801310663933
39.758497545400,21.349036129490,27.963832109670
43.198548572680,36.357666745558,49.147317731939
60.000000000000,60.000000000000,60.000000000000
46.960690035420,5.811416372924,15.738245927543
40.127934955880,31.231404561524,31.025050629153
31.736182919149,27.849705642497,19.283283724209
21.767014020689,36.720811322960,10.056875524762
39.186330387863,17.627481197940,17.611836382072
41.368626959471,31.144328960579,29.308723664407
60.000000000000,6.621722890582,60.000000000000
41.638770200600,24.663724412633,38.206334171313
41.593380295601,35.431270704012,13.256348974718
42.371734998241,40.290245603510,36.075057735258
32.100792254372,35.056976960119,60.000000000000
43.025932731708,23.458260780794,35.257455718154
44.077981030031,53.938105728901,39.402559967829
44.540669825986,20.087276575628,19.317259637904
12.266636106439,37.349079367989,21.959616132401
60.000000000000,60.000000000000,26.628024124234
51.989931449884,52.090938986577,20.239409644739
40.516116601246,36.726674652039,32.614511683122
41.652348048318,7.887188880773,45.249257640899
40.759182610429,37.886340302516,23.308654817374
42.567742451007,16.568339218087,3.047226748554
38.776166752692,25.520054453571,29.426589204053
42.957894793123,12.364566999368,52.750040024382
43.693295325450,17.194031759481,23.495640593175
23.293399124178,42.162554412149,34.321930226239
43.167644047243,29.491474882898,35.004493335272
38.425933000142,50.505721061171,39.540961470174
46.887881978176,29.072897210200,26.652191997300
40.484836154744,32.233720050389,1.146876673478
42.142619403962,34.621121740113,34.928673415186
43.532728116905,35.000370823480,57.970103974211
44.791969730506,33.474753701840,30.766118440648
43.469573343828,46.918093639040,57.483144362869
43.893534173810,29.892135212580,36.527039993634
43.577200297517,41.156694188895,39.962890628483
38.699080007288,21.808960545656,22.578469428343
41.086640735646,49.883977759128,19.036453297215
60.000000000000,60.000000000000,60.000000000000
12.336693934161,19.034491150728,21.067132614542
41.426341418280,34.664597198910,25.092286971416
41.795964699172,34.695994629442,30.889413265369
60.000000000000,60.000000000000,60.000000000000
43.666205458844,25.183018271555,5.144611382563
60.000000000000,32.655774989868,36.488724797409
41.573974429414,22.155259228805,4.291226871561
38.846941544606,19.229345043168,24.979394265700
43.125493646699,33.859421125305,5.407528062541
60.000000000000,60.000000000000,60.000000000000
40.199370513502,5.136502411493,47.547100451380
39.040248484103,29.714891845638,44.943876902626
42.588180257623,20.601685822677,42.327626364803
60.000000000000,60.000000000000,60.000000000000
40.988262007189,3.428540951636,34.115677500278
60.000000000000,60.000000000000,60.000000000000
60.000000000000,60.000000000000,60.000000000000
47.948415146738,29.912627994239,20.818114294788
2.852947182576,25.553847446133,60.000000000000
60.000000000000,60.000000000000,0.000000000000
60.000000000000,60.000000000000,0.000000000000
25.750179128434,52.816944994454,10.621741455615
44.782544268607,53.948595718884,5.078054654551
56.426811813426,16.738891165779,8.353987797687
40.581357173173,44.550445828483,41.535589690453
47.179757694771,38.539773742066,30.208084445686
60.000000000000,60.000000000000,0.000000000000
60.000000000000,60.000000000000,60.000000000000
45.008897535204,49.388407467275,49.553104135853
45.181807986513,25.152975059175,42.656100358245
45.597645456647,45.358395150753,9.365380463588
48.763448916446,33.378856504990,25.257297012577
46.697209520157,50.911131048405,37.025879823628
60.000000000000,60.000000000000,60.000000000000
44.899846555675,23.370006487441,23.293087959132
50.211328572178,21.857210097210,32.250541171534
60.000000000000,60.000000000000,60.000000000000
48.324571697060,25.624959491466,33.943690077633
44.984403384015,15.548339517984,29.715239059507
49.074981962125,39.568307130713,38.940997678020
45.759127683142,5.526156708600,54.671360921283
47.772153243198,21.315074349006,22.110638214940
47.751575423212,46.750853411441,5.828454658797
47.064564240129,38.473245526277,25.793096655494
44.923136679782,37.023469834691,57.190097112436
60.000000000000,43.759457633488,20.240232573992
42.807267925699,2.595622483365,50.083901142785
40.246702151650,19.906740785501,37.377878263817
45.093792552950,14.435942771329,10.717360523131
35.908548920462,32.300835811550,39.949030044790
17.295518335160,55.453811919211,24.865841913998
57.410738732521,24.099988343392,59.960523776175
60.000000000000,60.000000000000,60.000000000000
49.087652774295,24.491119382398,31.770349210666
47.349258007600,22.122105322138,44.298638153804
42.783493444279,34.473240775315,32.722812077851
45.088326045630,48.357888502039,29.553082935667
44.615236123857,33.642095526558,28.317196622752
45.036853097640,39.011246528326,58.011368932469
42.803172346607,27.232021786978,31.691587116059
46.036667462289,41.677173235196,0.349457037985
60.000000000000,60.000000000000,60.000000000000
47.835351389994,4.635770163929,21.921302562768
22.201918727997,9.820444093236,52.573249644019
48.885285188996,18.065699806069,26.727169798392
44.013196695214,28.214248906258,21.413426766130
46.150446557667,29.612703308541,7.499957757923
60.000000000000,60.000000000000,43.634694820912
47.164506385377,16.400530760700,35.085486510252
45.579323976303,41.828035995482,17.609236346939
47.516242003148,53.621297392241,14.273662179192
3.248659249509,24.158818495685,29.251066225820
60.000000000000,60.000000000000,60.000000000000
44.145131517408,21.423309357579,27.511120760688
46.655542601061,44.305704474871,16.581327611523
44.334934871072,36.233203995934,36.694351563444
46.956391173013,33.070161562000,6.503813402117
44.196514040977,37.999720507079,27.278284425946
60.000000000000,60.000000000000,60.000000000000
51.076580620632,28.306467923157,35.349269425766
47.103135896478,53.115450686952,44.160240353043
52.362090573228,38.034845196616,34.753977091288
60.000000000000,60.000000000000,60.000000000000
44.218353046587,19.750557994566,32.324303414717
44.895060193822,0.936652197325,29.694916819970
41.805062187031,32.349090954940,41.036475202608
24.421850718061,45.815966383902,22.912138050525
46.895007599125,29.423595391394,35.111760729153
26.061880884480,24.522297860622,55.777478807610
45.219277479535,25.738305394164,35.919169059217
26.622010445180,53.739216196339,4.978826287136
45.182899683957,34.528391883867,39.696417079169
47.766806818272,13.095171521282,38.514425712303
48.539185216848,43.796271747766,30.940235654023
45.298878786894,11.679420258631,58.424423913416
60.000000000000,60.000000000000,60.000000000000
47.161885762187,7.374954271359,45.115994418385
47.835309263964,57.143639794115,42.352572631400
35.158562912104,49.522908704144,40.756957027248
46.896321540965,36.540048682208,27.218683501909
44.429228148003,26.737353623064,47.068893799467
49.047860804766,32.778757072843,31.380416048686
44.452261138154,55.752132781624,32.538218704874
25.295586486697,28.081172216084,47.794538274837
60.000000000000,60.000000000000,60.000000000000
44.926090749770,31.717086188880,29.563812819098
60.000000000000,60.000000000000,60.000000000000
41.072653092059,40.483785467461,39.912602316604
44.983226145096,39.206509969776,46.780958194142
46.515248089406,31.338610836668,37.936998948117
49.299900134241,52.188091682808,18.446287771079
48.684601416738,23.953528477165,38.129655485636
60.000000000000,60.000000000000,60.000000000000
44.972048431813,36.010835783264,31.073091486797
45.801886879339,53.009944846956,40.310599801760
45.984686416161,38.371521626965,33.002845725577
52.161421570238,48.508916969529,13.557652687393
60.000000000000,60.000000000000,0.000000000000
50.964919057657,15.555824342956,44.760862918685
60.000000000000,60.000000000000,0.000000000000
46.730207464076,45.165496828931,27.377543741256
47.966967754015,38.527617043925,22.231314373489
54.066380326803,38.175242657601,22.854679675433
51.743889343681,34.492832948440,27.754481250382
50.408810829604,24.094920631688,58.241743764922
53.912123416658,57.834553015800,48.492531023827
60.000000000000,60.000000000000,60.000000000000
48.756021108042,29.644143451008,20.066873841265
49.008673495635,3.144901670087,29.976091619262
49.066626985152,19.189555656483,30.158910348736
48.652153957374,15.133221365853,41.500423336947
35.547311182505,49.384576796006,49.666882445791
51.156144590661,0.054873088570,42.291470606046
49.158050163361,36.379060834655,36.260976814376
48.037157621309,2.612009087576,37.142787602552
32.112973269864,21.588387239517,48.505573366163
35.874086435561,51.097151561584,7.989874595817
51.552537463227,25.126295125523,22.544351382582
59.109658398151,22.767041536167,7.660547290740
37.254971886544,8.881713981616,0.976825446302
60.000000000000,60.000000000000,60.000000000000
60.000000000000,60.000000000000,60.000000000000
52.422230645898,1.294702878806,23.101158118716
45.571377215784,36.889113844592,41.198409682696
52.353996629535,30.962666496937,28.714857104937
51.956778282536,39.108940506241,31.824341872714
31.460126657556,3.441102302933,60.000000000000
50.754506059698,27.991640678699,39.854134578553
48.343580427226,8.756330550714,30.778923568806
50.872925450202,40.189074674304,25.203459168039
3.231979804283,20.331986000884,30.044665499264
51.322739951177,33.250913282662,23.103549037506
51.117005043626,34.130741385382,0.245882102050
60.000000000000,60.000000000000,60.000000000000
51.770340788215,33.647168522695,6.001227587519
3.993133407519,29.609613373263,34.021756980592
60.000000000000,60.000000000000,60.000000000000
60.000000000000,60.000000000000,60.000000000000
49.107930035040,3.613144459599,42.384603752451
49.044088364280,42.786852455092,50.143995280779
1.600083186980,21.896566771064,27.535270312656
49.943455408322,36.526541985552,30.170919271435
51.693194522450,46.224499976124,21.622170576629
43.930351012896,1.810770455410,3.789388542632
32.163959200745,4.828786647168,7.527124899730
54.285986625819,30.314439523217,22.049880171091
50.112718701181,39.858994220834,52.669801976872
51.464284670897,21.249951328424,36.265851012581
51.362044488367,4.796043796384,21.947925421801
50.185139523624,25.356894856194,27.093306829009
50.148581594531,12.897071714982,13.070863464482
49.226528907420,35.617773285875,26.233110482280
48.530131528943,45.883957479722,3.911493847276
48.021050288513,38.496820530032,39.975526668378
51.902387777872,35.636308076412,54.344510561883
51.060132298338,31.189794976989,32.757830100410
60.000000000000,60.000000000000,60.000000000000
50.053402506330,39.993673041991,21.791633807844
52.776373533681,9.586896403881,24.778196181239
50.750467824447,34.213806127034,36.590100529688
60.000000000000,60.000000000000,60.000000000000
12.817862677976,26.053978527517,0.000000000000
50.935179632919,16.277452666068,25.063944032527
48.396642169134,20.278486460159,21.360547262863
34.828217163888,50.802379141252,8.839989363272
60.000000000000,60.000000000000,60.000000000000
60.000000000000,60.000000000000,60.000000000000
50.943293888494,39.384020071735,40.024555609498
49.051829050984,55.537370567347,58.556173718026
60.000000000000,60.000000000000,60.000000000000
49.777221577761,52.066475355268,35.317819915155
8.000312415620,40.765475936698,22.071303128783
52.309727851709,51.947343043927,38.730663578938
47.534267005683,28.176039427868,31.079220351761
49.537877474929,42.226819281822,0.792495733419
36.576188914991,17.510125798493,3.822416093976
54.943358786929,20.833226552394,46.811404858733
48.427274462952,23.804102844275,14.317606685735
56.758058662996,12.874691719353,27.975513272449
47.995233521374,36.918811062384,31.401987469441
49.910633006335,44.204326274692,53.749000364600
47.142645196067,30.706028810023,22.090123103055
50.289256381909,16.240024095935,34.117393761994
51.745070345724,23.424237766171,39.611184531151
49.229595166926,58.368153694745,45.698495700964
48.597021715372,27.576015390288,24.636327725115
50.714004608744,6.770170728127,10.069682264872
45.528880867449,38.717902207631,24.964420859729
47.694260297316,41.306058002310,30.182958207749
53.373107811271,45.320053724263,2.177744744335
14.316598363861,2.686565345452,32.231514648038
48.580782073981,34.558276421822,20.278365015534
51.249806298958,42.760419421762,41.185697566512
46.513765115677,31.480115202220,30.894191663532
50.327908560464,41.229210106102,45.256453603779
48.869864926341,34.569703217383,32.985450839505
51.661768387276,45.052859817687,59.184823453298
52.795980119774,21.683162621763,21.698826873877
44.325789960841,23.287500312015,51.785782151992
60.000000000000,60.000000000000,60.000000000000
52.893249389428,21.345595531709,25.904128961547
57.265063998558,22.293226361614,33.865687018818
55.036528724091,19.269079392212,44.618328055721
53.301962723479,34.957706535375,27.534197236827
55.448492722493,1.403908000422,8.771082260335
53.152775520711,32.198634447844,33.592856997992
55.727541832565,34.670478354395,30.516639325083
53.940442157903,36.363785645331,20.124048865636
52.936231037778,17.801934350479,10.513270558304
43.254767409134,51.088868365466,44.647131653541
60.000000000000,60.000000000000,60.000000000000
60.000000000000,60.000000000000,0.000000000000
17.693928752623,5.122653361820,57.328569119452
60.000000000000,13.510613184886,60.000000000000
17.600734660352,44.909356724999,20.056936494949
60.000000000000,60.000000000000,0.000000000000
55.140263518567,45.615626795941,7.810515732057
52.770313390797,21.518405095015,31.072404671361
52.677018553174,30.480509391352,37.387329489815
13.378698561092,18.096437099005,27.767745965509
53.893296749803,5.593974440570,11.649955870280
51.452232046620,26.613100650812,36.413736406663
55.501901134071,17.559842318875,40.120861628421
54.120931325503,39.766287513025,45.700338620204
52.452169195070,49.112238817823,0.687218806486
55.947675668378,30.836197574256,36.899062582855
53.545970482110,16.680196689022,53.988114526685
60.000000000000,60.000000000000,0.000000000000
20.541670608781,21.972462228524,60.000000000000
60.000000000000,60.000000000000,0.000000000000
21.300395578285,41.782550018159,60.000000000000
53.585020000505,31.719923897038,28.879175183996
60.000000000000,60.000000000000,0.000000000000
50.744301484426,36.123678759548,27.799716282776
54.445250992072,46.957421496636,27.646797496394
60.000000000000,60.000000000000,0.000000000000
53.773959836757,22.384458257528,23.274196175298
9.408120270142,22.696137641543,14.245914524027
52.383148113813,27.050734671294,27.742485090773
54.733237914703,40.911551893500,20.931625213549
52.771140711184,51.780539402331,23.495948878980
60.000000000000,60.000000000000,0.000000000000
55.705709329188,27.055987111151,19.868415829506
55.720212815029,23.268246415866,28.156095859528
60.000000000000,60.000000000000,0.000000000000
17.550119553611,57.214210758589,20.412005819085
54.217439264871,49.829690424463,37.639669790928
48.816653951524,18.841867163239,34.407410912775
60.000000000000,60.000000000000,0.000000000000
53.212730871219,23.914249070925,26.730037727604
54.346523921673,31.647473251984,12.742260526202
55.305145331660,34.328340349930,35.506322796144
60.000000000000,60.000000000000,60.000000000000
52.956050602783,36.176738807864,31.678845467208
60.000000000000,60.000000000000,60.000000000000
56.421908114999,28.025443110624,25.119000196001
54.870048310065,14.623949574912,15.986234914382
54.396700924447,37.953998338677,34.448981281823
54.780906186670,23.756791932888,49.030383301725
51.966769589814,40.393902893774,35.922628741854
8.488158961030,22.435707650997,50.342492597361
56.272019914845,27.286745501661,30.092220237789
55.104309249734,16.181380232569,5.775859109605
55.149120726016,38.406423571188,28.160523928259
59.943296306359,43.774872516341,54.765294407865
55.671669993330,39.406011212325,31.169829566634
55.584872303130,10.833791866062,9.433747529237
55.187626732633,23.451851302309,20.747784465324
55.546540109145,27.382926689984,8.050741510211
60.000000000000,60.000000000000,60.000000000000
54.154860006303,32.299194303636,16.204699119725
51.998164085027,51.443239172944,41.006035958381
60.000000000000,60.000000000000,0.000000000000
60.000000000000,60.000000000000,0.000000000000
53.963322565432,12.673574049202,2.664925489182
60.000000000000,10.838330878946,60.000000000000
54.483400747941,59.994573060331,55.693192274674
41.707694281948,57.115659056989,55.495036670653
12.522908023291,31.117313502590,35.307687463924
50.193199224549,29.146596220918,22.321181723251
51.933144752352,2.288042178055,59.981754159913
60.000000000000,60.000000000000,60.000000000000
60.000000000000,60.000000000000,0.000000000000
54.754035550042,36.405662823448,23.479167976223
54.587414868922,43.169617995125,45.644761879494
54.679033729006,20.485022146234,41.418031796449
56.718831028616,58.835751651251,42.103336646390
26.302807953593,60.000000000000,30.464739577331
34.313874093167,55.981684110647,0.124883384831
60.000000000000,60.000000000000,0.000000000000
45.771054104996,6.677297264054,4.836531710334
52.806008192612,26.402898340930,23.658160233537
60.000000000000,60.000000000000,0.000000000000
60.000000000000,60.000000000000,0.000000000000
54.681458375699,29.728000844468,50.701146181330
60.000000000000,60.000000000000,0.000000000000
60.000000000000,60.000000000000,60.000000000000
28.000778070924,36.925515215496,42.940856769860
58.136867586032,34.372962179448,43.510463409263
35.265720264719,21.537886350790,37.246195697726
59.643944833842,49.396628194820,26.719685643504
42.875647842891,49.113597502173,7.443367849833
57.886776550556,1.962575127336,4.350226640336
31.502419043068,18.247444571981,50.467305824199
16.543316727726,4.962799376425,40.679747288784
56.124383320210,36.849371556896,37.501638473069
57.899376607962,15.494132988173,1.252730807904
58.039691259148,21.465919882916,18.544895838409
57.061311016568,33.020077310468,51.527355959576
58.386713189551,26.612666824168,29.668639579733
58.022714695921,14.929577626500,44.343212923903
60.000000000000,60.000000000000,0.000000000000
22.377457013465,14.081909448216,58.622983037058
58.435877927779,26.427400219586,39.147881933024
57.795012764849,14.335043366464,8.674881445175
59.511240685941,34.350583245973,37.745702319663
58.051452545416,51.270710191916,48.897553610806
58.304157917330,39.155414708341,39.168522774205
56.580088933956,36.753350361665,9.896443830728
28.526646555752,60.000000000000,60.000000000000
60.000000000000,60.000000000000,60.000000000000
58.351057767018,10.109144175734,47.970994714888
36.636943217120,12.679133101007,59.001573627007
39.752964480023,11.021850784365,56.212956810373
56.809148104525,2.193907725609,36.079236380715
59.553185936107,22.137096789434,21.377980984428
57.475498465787,55.974627961108,22.438186509978
60.000000000000,60.000000000000,41.725454360730
57.327421745019,59.547012726481,14.389095691792
60.000000000000,60.000000000000,60.000000000000
4.405954122695,1.771598535427,58.757393123592
54.681595907466,22.852433902125,34.359507836250
60.000000000000,60.000000000000,0.000000000000
6.582020365986,45.400721180580,10.515162529230
57.246367427940,57.088789838489,49.153469959403
59.777886214464,28.358363198824,29.266483571660
3.178883880968,56.478246524916,19.252264342166
55.258602479016,32.511497896681,23.130814498174
56.933397313995,53.115296775393,10.976519134457
59.963138825240,31.941358590430,25.812978942065
60.000000000000,60.000000000000,60.000000000000
54.535624928154,41.579037658193,31.924503936043
59.143640118264,9.016761210850,21.099622742891
56.969498378325,27.869157049027,19.342585611367
39.151403477405,60.000000000000,22.500671053946
60.000000000000,60.000000000000,60.000000000000
57.597673011276,59.959424171332,23.067345661667
57.813760275029,18.826750567407,37.365050615956
59.182421419698,45.332448872765,57.692289884058
58.714601984541,39.117428337234,33.404564558965
42.984251963335,9.918877125011,57.148449110264
49.877596956442,52.562738558867,54.076024047312
43.831312742721,17.663843092759,46.769361784072
56.792596812433,33.328035635350,26.516465510047
57.638561075501,19.151634752502,10.192971877248
55.758506029752,27.169967455657,43.198433610657
57.033605853781,3.266578916768,49.734763358207
60.000000000000,60.000000000000,0.000000000000
56.204340049737,45.552695655325,26.196749998933
20.815201571640,56.493203424277,21.269535573393
58.958921649963,10.694765066734,41.556394838667
58.320832602184,24.989216318265,35.938164101065
59.534231669948,15.875593021927,47.820403701544
60.000000000000,60.000000000000,0.000000000000
55.166059311813,35.162885743498,34.407146979821
60.000000000000,60.000000000000,60.000000000000
40.925014087403,60.000000000000,0.000000000000
60.000000000000,60.000000000000,60.000000000000
57.697103268548,59.102774565775,18.670293418629
51.693301775907,0.005141490990,19.895584926009
60.000000000000,60.000000000000,60.000000000000
17.527563292560,38.142872416261,54.262601722721
58.882066668189,2.470749946331,22.618524421757
55.117152864023,19.615092126895,31.430611412027
58.065320521922,43.110786571756,4.678004543718
59.316494255025,35.307672561432,31.468502184332
57.863333136804,26.127035403255,0.906046421950
59.266333279355,22.989102318973,33.255396973167
57.868894056790,18.701541771971,24.913719592456
1.309709860487,25.835640732787,7.561956334273
58.622932015297,22.758166365669,9.885310218790
56.199708443330,31.235524770786,21.926764823697
30.046773899268,4.201507960398,9.571864756751
22.563775737880,3.265264944809,28.132317373374
60.000000000000,26.706776317425,0.000000000000
60.000000000000,60.000000000000,0.000000000000
59.746178494408,53.187468263170,10.064199504313
56.271949334460,36.764578820428,25.637332374988
58.797834722570,54.641506176964,50.513170733768
23.227939383071,22.275276216474,19.751042707761
11.432449502863,34.841217644968,34.680389374430
60.000000000000,60.000000000000,0.000000000000
60.000000000000,60.000000000000,0.000000000000
60.000000000000,60.000000000000,60.000000000000
19.844847303553,2.894442482360,10.843194878723
56.224984531049,32.258601882434,60.000000000000
