x,y,z
34.444424929354,50.694111802953,7.685672512918
60.000000000000,60.000000000000,60.000000000000
60.000000000000,60.000000000000,60.000000000000
24.593423497198,5.320670733095,50.777314741025
27.631066920919,5.218832743323,26.677785123638
60.000000000000,60.000000000000,60.000000000000
60.000000000000,47.908244202787,60.000000000000
54.846846882903,16.875170376233,23.831950447225
60.000000000000,60.000000000000,60.000000000000
60.000000000000,60.000000000000,34.402655059754
20.190715989849,53.474999945883,19.432176728152
60.000000000000,60.000000000000,60.000000000000
38.328057863484,1.421662408294,51.828209348243
0.153880185844,26.715146217136,27.887758572342
38.812962763027,58.219761137811,0.107231787892
60.000000000000,60.000000000000,0.000000000000
60.000000000000,60.000000000000,60.000000000000
60.000000000000,60.000000000000,60.000000000000
60.000000000000,60.000000000000,0.000000000000
55.776324734109,57.607441394138,5.467643374841
60.000000000000,60.000000000000,60.000000000000
60.000000000000,60.000000000000,60.000000000000
19.434636185221,14.797278704998,55.660812722451
13.952102399363,46.269598425873,51.753103061924
2.198008253585,29.229681064243,59.232786245423
60.000000000000,60.000000000000,60.000000000000
60.000000000000,60.000000000000,60.000000000000
60.000000000000,60.000000000000,0.000000000000
1.748932836380,55.516336238242,36.870206123224
43.332014058092,6.919703754187,20.509581508851
0.788459655164,49.471971723589,59.128689559560
60.000000000000,60.000000000000,60.000000000000
2.393482965339,5.288543776117,1.831785322004
23.370116066685,51.673102426130,37.638978940728
60.000000000000,60.000000000000,60.000000000000
60.000000000000,60.000000000000,0.000000000000
60.000000000000,60.000000000000,60.000000000000
19.206000188734,5.319071369470,38.372838296806
8.888852941777,8.841113038596,34.051040710929
60.000000000000,60.000000000000,60.000000000000
5.105424941495,38.150892109779,49.623983554700
60.000000000000,60.000000000000,0.000000000000
33.908434906044,60.000000000000,1.078726162800
48.168222888789,45.180802408973,7.938408187036
60.000000000000,17.774133106640,16.951610833415
12.880976638475,58.318823950892,35.605921526053
42.671124665468,29.329575175865,6.817477505087
23.731934522425,37.253996657879,24.695597518378
33.592776274192,9.045259359471,49.607737915534
60.000000000000,60.000000000000,60.000000000000
0.164534675538,28.032858247227,49.154215207446
60.000000000000,60.000000000000,60.000000000000
5.521079377520,9.340101391320,34.170450478408
52.671164780454,7.546373086821,22.032431022386
25.100173548636,27.453108146214,58.390797433111
60.000000000000,60.000000000000,60.000000000000
60.000000000000,60.000000000000,60.000000000000
0.000000000000,60.000000000000,60.000000000000
60.000000000000,60.000000000000,0.000000000000
36.151967415953,3.311007593460,19.245793592098
60.000000000000,60.000000000000,60.000000000000
60.000000000000,60.000000000000,60.000000000000
60.000000000000,60.000000000000,60.000000000000
60.000000000000,24.438900408833,31.797393970447
28.549496048967,32.298751167665,19.194147643731
0.000000000000,60.000000000000,60.000000000000
60.000000000000,60.000000000000,60.000000000000
1.718782033533,43.988919266953,6.856037459863
50.049603442740,24.705555674907,29.312227222785
60.000000000000,60.000000000000,60.000000000000
60.000000000000,60.000000000000,60.000000000000
60.000000000000,60.000000000000,60.000000000000
60.000000000000,60.000000000000,60.000000000000
60.000000000000,60.000000000000,0.000000000000
14.691213281991,3.316589262676,15.707780991233
60.000000000000,60.000000000000,60.000000000000
60.000000000000,60.000000000000,60.000000000000
60.000000000000,60.000000000000,60.000000000000
60.000000000000,60.000000000000,60.000000000000
60.000000000000,60.000000000000,0.000000000000
60.000000000000,60.000000000000,60.000000000000
8.459652142737,42.453222177589,46.156416711804
13.096298474078,38.939939706202,10.021560716538
50.518315702483,14.988864941301,14.583616219632
18.744867623146,49.848722740368,20.557682766445
60.000000000000,60.000000000000,60.000000000000
54.690955476679,16.823528133857,25.116190029944
60.000000000000,60.000000000000,60.000000000000
33.011766880725,11.521737845384,34.269704127095
60.000000000000,60.000000000000,60.000000000000
60.000000000000,60.000000000000,60.000000000000
60.000000000000,60.000000000000,60.000000000000
60.000000000000,60.000000000000,0.000000000000
57.964998968954,18.010565649911,4.620739113636
5.600396916747,15.993597988147,16.631435455850
60.000000000000,60.000000000000,0.000000000000
33.488953701040,28.987175780053,46.113998187219
59.534433727620,53.572607429157,55.026260088787
12.896413897446,51.187807126874,34.620802866509
60.000000000000,60.000000000000,60.000000000000
6.423494134284,55.292030555400,33.974290579583
60.000000000000,60.000000000000,60.000000000000
60.000000000000,60.000000000000,60.000000000000
60.000000000000,60.000000000000,60.000000000000
60.000000000000,60.000000000000,60.000000000000
60.000000000000,60.000000000000,60.000000000000
60.000000000000,60.000000000000,60.000000000000
60.000000000000,60.000000000000,60.000000000000
7.506742052138,46.478148293579,39.907146896263
60.000000000000,60.000000000000,60.000000000000
60.000000000000,60.000000000000,60.000000000000
60.000000000000,60.000000000000,60.000000000000
60.000000000000,60.000000000000,60.000000000000
60.000000000000,60.000000000000,60.000000000000
60.000000000000,60.000000000000,60.000000000000
60.000000000000,60.000000000000,0.000000000000
60.000000000000,60.000000000000,0.000000000000
60.000000000000,60.000000000000,60.000000000000
31.207650305509,21.449753265125,34.915642510518
4.196947424403,39.160187648506,9.505964848765
60.000000000000,60.000000000000,0.000000000000
60.000000000000,60.000000000000,60.000000000000
42.714255646338,22.298131693799,55.704886584828
12.088478215635,32.261096773730,29.880927596941
60.000000000000,60.000000000000,60.000000000000
60.000000000000,60.000000000000,60.000000000000
31.609532637160,29.940730192040,12.519289709790
14.208784219084,0.318595366579,18.528561301791
5.517805770200,56.014284241359,5.391943753945
60.000000000000,60.000000000000,60.000000000000
60.000000000000,60.000000000000,60.000000000000
15.850723582542,20.630318291874,29.344402843981
60.000000000000,60.000000000000,60.000000000000
21.279886093117,10.585304483921,49.524257721030
11.564277666343,23.119484485472,60.000000000000
60.000000000000,60.000000000000,60.000000000000
60.000000000000,60.000000000000,60.000000000000
0.000000000000,60.000000000000,16.485643997090
60.000000000000,60.000000000000,60.000000000000
60.000000000000,60.000000000000,0.000000000000
60.000000000000,60.000000000000,60.000000000000
60.000000000000,60.000000000000,60.000000000000
60.000000000000,60.000000000000,60.000000000000
23.715605699903,11.743835208479,28.469491408164
60.000000000000,60.000000000000,60.000000000000
52.452815012380,28.703997298203,34.670864069783
47.819191716168,5.790130847622,55.604780197970
60.000000000000,60.000000000000,60.000000000000
60.000000000000,60.000000000000,60.000000000000
60.000000000000,60.000000000000,60.000000000000
3.519803227884,48.885255157320,29.238054317115
60.000000000000,60.000000000000,60.000000000000
10.860482720716,57.543679005381,33.444680392289
60.000000000000,60.000000000000,60.000000000000
60.000000000000,60.000000000000,60.000000000000
60.000000000000,60.000000000000,60.000000000000
60.000000000000,60.000000000000,60.000000000000
60.000000000000,60.000000000000,0.000000000000
11.211134314023,1.468107555696,33.241863134032
60.000000000000,60.000000000000,0.000000000000
27.138825739008,21.164376438262,60.000000000000
60.000000000000,60.000000000000,0.000000000000
0.000000000000,60.000000000000,60.000000000000
60.000000000000,60.000000000000,60.000000000000
60.000000000000,60.000000000000,60.000000000000
60.000000000000,60.000000000000,0.000000000000
60.000000000000,60.000000000000,60.000000000000
60.000000000000,60.000000000000,60.000000000000
27.200350956577,37.976160586018,22.449545986625
60.000000000000,60.000000000000,60.000000000000
60.000000000000,60.000000000000,0.000000000000
33.985313698929,23.144573030547,23.807384521104
60.000000000000,60.000000000000,60.000000000000
14.119387981983,26.082863263349,23.295342038980
3.198553103161,29.840284953267,15.429800833771
60.000000000000,60.000000000000,0.000000000000
60.000000000000,60.000000000000,60.000000000000
15.375095411967,32.223618105897,60.000000000000
11.243027556371,44.285957434215,24.641377780378
60.000000000000,60.000000000000,60.000000000000
60.000000000000,60.000000000000,60.000000000000
60.000000000000,60.000000000000,60.000000000000
60.000000000000,60.000000000000,60.000000000000
60.000000000000,60.000000000000,60.000000000000
60.000000000000,60.000000000000,60.000000000000
7.611375199222,60.000000000000,52.887110871606
60.000000000000,60.000000000000,60.000000000000
60.000000000000,60.000000000000,0.000000000000
60.000000000000,60.000000000000,60.000000000000
60.000000000000,60.000000000000,60.000000000000
60.000000000000,60.000000000000,60.000000000000
60.000000000000,60.000000000000,60.000000000000
46.350593746826,46.532879004119,22.582643276971
32.022718128288,14.560096135955,19.582458365110
10.492763369031,30.049162750791,60.000000000000
7.323107227768,26.360530273129,41.872908371041
57.500977159476,26.365867730242,56.471125310667
60.000000000000,60.000000000000,60.000000000000
60.000000000000,60.000000000000,60.000000000000
60.000000000000,60.000000000000,60.000000000000
60.000000000000,60.000000000000,60.000000000000
0.000000000000,60.000000000000,60.000000000000
60.000000000000,60.000000000000,60.000000000000
60.000000000000,60.000000000000,0.000000000000
20.379989637200,60.000000000000,11.158061856962
60.000000000000,60.000000000000,60.000000000000
60.000000000000,60.000000000000,60.000000000000
60.000000000000,60.000000000000,60.000000000000
13.518344762359,6.033093216806,13.330911767267
17.600163706293,10.050559614685,46.581800846670
60.000000000000,60.000000000000,60.000000000000
60.000000000000,60.000000000000,60.000000000000
6.959101506834,54.284296559310,49.010029159054
60.000000000000,60.000000000000,60.000000000000
40.008906529954,43.475096942147,42.722860801364
60.000000000000,60.000000000000,60.000000000000
6.365273041429,33.046117781746,56.881385101535
60.000000000000,60.000000000000,60.000000000000
21.153351324965,0.706794468756,51.023892446645
60.000000000000,60.000000000000,60.000000000000
60.000000000000,60.000000000000,0.000000000000
1.183846785862,48.004284711910,8.828185710953
54.259542068955,49.478890199886,1.386743696428
60.000000000000,60.000000000000,60.000000000000
60.000000000000,60.000000000000,60.000000000000
30.740880643130,0.262057792617,9.758584841870
60.000000000000,60.000000000000,60.000000000000
60.000000000000,60.000000000000,60.000000000000
60.000000000000,60.000000000000,60.000000000000
60.000000000000,49.756357811523,36.057965972111
60.000000000000,60.000000000000,60.000000000000
60.000000000000,60.000000000000,60.000000000000
17.834569970343,15.122864110205,25.766983624787
60.000000000000,60.000000000000,60.000000000000
60.000000000000,60.000000000000,60.000000000000
60.000000000000,60.000000000000,60.000000000000
60.000000000000,60.000000000000,60.000000000000
60.000000000000,60.000000000000,60.000000000000
5.460983356991,40.857998244856,15.565968516405
60.000000000000,60.000000000000,60.000000000000
60.000000000000,60.000000000000,60.000000000000
60.000000000000,46.058953718073,35.053836411077
11.449323929438,55.281611123670,22.624454437532
60.000000000000,60.000000000000,60.000000000000
7.101740858145,57.593252786442,16.712217105049
54.959623863542,20.740268721516,16.317760447085
60.000000000000,60.000000000000,60.000000000000
60.000000000000,60.000000000000,0.000000000000
47.816179641880,31.089001546825,36.852661258690
46.860443633563,7.927821942375,5.573528477812
60.000000000000,60.000000000000,60.000000000000
1.410092850324,33.960218828414,5.707337668542
24.901860319566,57.955191701464,16.432375731536
60.000000000000,60.000000000000,60.000000000000
18.809631803223,41.397638711390,5.138429236462
60.000000000000,60.000000000000,60.000000000000
47.051437092720,33.121002941768,21.950089385145
24.751325625700,23.142208230103,33.443729219822
5.390727090586,37.714730934031,25.412166464935
60.000000000000,60.000000000000,60.000000000000
60.000000000000,60.000000000000,60.000000000000
60.000000000000,60.000000000000,0.000000000000
60.000000000000,60.000000000000,60.000000000000
60.000000000000,60.000000000000,60.000000000000
60.000000000000,60.000000000000,60.000000000000
60.000000000000,60.000000000000,60.000000000000
22.909689719761,43.215402565121,7.190748489435
60.000000000000,60.000000000000,60.000000000000
60.000000000000,60.000000000000,60.000000000000
60.000000000000,60.000000000000,60.000000000000
60.000000000000,60.000000000000,0.000000000000
35.357483332933,6.428660069371,3.841775900152
60.000000000000,60.000000000000,0.000000000000
14.553607325588,29.195491008081,42.584115270496
6.357626760163,15.375452590001,30.928598773245
60.000000000000,60.000000000000,60.000000000000
48.281232328958,43.050988436066,8.140127631761
20.698950389977,32.159082508189,1.399575115452
49.823381778418,45.418885095476,17.368551073386
60.000000000000,60.000000000000,60.000000000000
60.000000000000,60.000000000000,60.000000000000
10.825221059134,45.124411913439,29.256553296989
60.000000000000,60.000000000000,60.000000000000
58.821790508904,55.566513290640,38.466669708097
0.000000000000,60.000000000000,60.000000000000
60.000000000000,60.000000000000,60.000000000000
34.828265424958,49.825417647031,25.131471793680
10.879735942705,6.228089885153,19.157224142755
60.000000000000,60.000000000000,0.000000000000
60.000000000000,60.000000000000,60.000000000000
60.000000000000,60.000000000000,60.000000000000
60.000000000000,60.000000000000,0.000000000000
60.000000000000,60.000000000000,60.000000000000
60.000000000000,60.000000000000,0.000000000000
60.000000000000,60.000000000000,60.000000000000
60.000000000000,60.000000000000,60.000000000000
60.000000000000,60.000000000000,60.000000000000
60.000000000000,60.000000000000,0.000000000000
36.887854726109,58.524175020377,37.650206990482
60.000000000000,60.000000000000,60.000000000000
8.184484287830,3.330109334330,9.138028068489
44.685740351943,18.638320036667,41.533915322377
60.000000000000,60.000000000000,60.000000000000
14.827066573578,24.771413873911,9.047238930852
60.000000000000,60.000000000000,60.000000000000
13.822596496299,22.701006198958,22.597549644653
60.000000000000,60.000000000000,60.000000000000
60.000000000000,60.000000000000,60.000000000000
60.000000000000,60.000000000000,60.000000000000
60.000000000000,60.000000000000,60.000000000000
60.000000000000,60.000000000000,60.000000000000
29.650848939689,43.193107322595,25.247950618972
60.000000000000,60.000000000000,60.000000000000
60.000000000000,60.000000000000,0.000000000000
60.000000000000,60.000000000000,60.000000000000
53.064924917563,59.003428593919,56.332860879886
60.000000000000,60.000000000000,60.000000000000
60.000000000000,60.000000000000,60.000000000000
60.000000000000,60.000000000000,0.000000000000
60.000000000000,60.000000000000,0.000000000000
16.355486808390,11.827172872239,16.092291277620
22.138645564536,47.629160179384,54.394688804569
60.000000000000,60.000000000000,0.000000000000
60.000000000000,60.000000000000,0.000000000000
20.205658816446,12.295999709266,21.875631545746
60.000000000000,60.000000000000,60.000000000000
6.201087740523,53.285721271177,58.432191427668
60.000000000000,60.000000000000,0.000000000000
60.000000000000,60.000000000000,60.000000000000
60.000000000000,60.000000000000,0.000000000000
18.953811613935,14.293680561737,14.039780130378
20.008534551028,3.684866402042,31.880402552020
60.000000000000,60.000000000000,60.000000000000
60.000000000000,60.000000000000,0.000000000000
8.331617765315,17.814997306797,37.366064763585
60.000000000000,60.000000000000,60.000000000000
33.346985915154,60.000000000000,31.867385002855
60.000000000000,60.000000000000,60.000000000000
0.388038777765,46.335660884001,33.832212300113
60.000000000000,60.000000000000,60.000000000000
60.000000000000,60.000000000000,60.000000000000
60.000000000000,60.000000000000,60.000000000000
60.000000000000,60.000000000000,60.000000000000
60.000000000000,60.000000000000,60.000000000000
51.126072622629,22.040849312080,55.490868111407
60.000000000000,60.000000000000,0.000000000000
60.000000000000,60.000000000000,60.000000000000
60.000000000000,60.000000000000,0.000000000000
22.258630553380,40.452875291523,15.382632548492
60.000000000000,60.000000000000,0.000000000000
60.000000000000,60.000000000000,60.000000000000
60.000000000000,60.000000000000,0.000000000000
60.000000000000,60.000000000000,60.000000000000
3.941928762115,6.780697145790,57.744725901466
38.574666008865,60.000000000000,22.206420290582
60.000000000000,60.000000000000,60.000000000000
60.000000000000,60.000000000000,60.000000000000
60.000000000000,60.000000000000,60.000000000000
60.000000000000,60.000000000000,60.000000000000
5.106479483115,19.628106814318,54.441100708369
60.000000000000,60.000000000000,60.000000000000
60.000000000000,60.000000000000,60.000000000000
60.000000000000,60.000000000000,60.000000000000
60.000000000000,60.000000000000,60.000000000000
60.000000000000,60.000000000000,60.000000000000
60.000000000000,60.000000000000,60.000000000000
57.733360314451,1.089966239255,60.000000000000
60.000000000000,60.000000000000,60.000000000000
12.393539791621,30.510758734397,59.000840497037
27.870077109490,21.747596406531,42.582230881671
3.469748342660,1.958577564459,21.659448851218
13.543240494058,58.913244321704,14.604711238267
60.000000000000,60.000000000000,60.000000000000
60.000000000000,60.000000000000,60.000000000000
60.000000000000,60.000000000000,60.000000000000
60.000000000000,60.000000000000,60.000000000000
60.000000000000,60.000000000000,60.000000000000
60.000000000000,60.000000000000,60.000000000000
6.973411423878,33.527122971126,38.180605552840
60.000000000000,60.000000000000,60.000000000000
60.000000000000,60.000000000000,60.000000000000
17.166236663352,33.589452571932,22.082251573575
47.296862032098,19.234373894709,39.861525209972
60.000000000000,60.000000000000,60.000000000000
60.000000000000,60.000000000000,60.000000000000
60.000000000000,60.000000000000,60.000000000000
60.000000000000,60.000000000000,60.000000000000
60.000000000000,60.000000000000,60.000000000000
5.777876728404,13.051376575068,24.275205328297
0.000000000000,56.237265002626,60.000000000000
60.000000000000,60.000000000000,60.000000000000
60.000000000000,60.000000000000,0.000000000000
11.212483442324,9.652247105457,9.503003850663
6.489264857262,20.423572641738,24.269189829623
60.000000000000,60.000000000000,60.000000000000
22.692336744873,27.940461036171,22.165994300767
60.000000000000,60.000000000000,60.000000000000
43.847212871797,1.224103299873,53.735351498623
60.000000000000,60.000000000000,60.000000000000
60.000000000000,0.000000000000,60.000000000000
60.000000000000,60.000000000000,60.000000000000
43.578689667989,3.324344356581,47.513517085714
60.000000000000,60.000000000000,60.000000000000
54.682772581505,6.966683125202,28.489081078297
22.051532466337,14.560226837655,31.765873835799
17.423898950157,48.512264357534,22.812463692594
19.913896563126,54.796572986293,36.405074565195
60.000000000000,60.000000000000,60.000000000000
60.000000000000,60.000000000000,60.000000000000
60.000000000000,60.000000000000,60.000000000000
60.000000000000,60.000000000000,60.000000000000
8.186168021924,40.665321057345,37.460205815386
3.433758971456,26.902288420207,28.290372264538
0.000000000000,0.000000000000,0.000000000000
23.554183831399,43.713712246036,20.453611524599
60.000000000000,60.000000000000,60.000000000000
7.058687525319,13.662593727337,24.812446927506
25.949351430911,27.970156950483,16.545414217104
19.681931514533,10.189495906601,22.230500143402
60.000000000000,60.000000000000,0.000000000000
44.087872639356,24.286973716916,51.920582814179
60.000000000000,60.000000000000,60.000000000000
49.192500313582,45.935592301975,44.480872668863
11.475929348281,3.817524631886,36.524633321381
41.131128068580,35.248188094611,39.434131270149
60.000000000000,60.000000000000,0.000000000000
60.000000000000,60.000000000000,60.000000000000
20.106082437929,45.416568240816,45.906997209910
60.000000000000,60.000000000000,60.000000000000
60.000000000000,60.000000000000,60.000000000000
30.401550599454,23.135468334583,38.080925516507
5.606576896502,42.263427307858,27.285072163526
60.000000000000,60.000000000000,60.000000000000
22.972854460620,18.968849054916,47.555606395751
60.000000000000,60.000000000000,60.000000000000
60.000000000000,60.000000000000,0.000000000000
60.000000000000,60.000000000000,60.000000000000
60.000000000000,60.000000000000,0.000000000000
60.000000000000,60.000000000000,60.000000000000
28.770968655227,37.092910993625,26.222623154796
0.000000000000,60.000000000000,60.000000000000
60.000000000000,60.000000000000,60.000000000000
60.000000000000,60.000000000000,60.000000000000
60.000000000000,60.000000000000,60.000000000000
6.558838217977,34.182348749902,44.194737462837
60.000000000000,60.000000000000,60.000000000000
36.220754988231,39.303958901940,34.956524179451
0.000000000000,0.000000000000,0.000000000000
60.000000000000,60.000000000000,60.000000000000
60.000000000000,60.000000000000,60.000000000000
60.000000000000,60.000000000000,60.000000000000
52.166747545301,51.057803686609,28.469963517849
15.059061918626,56.971989539017,29.411948023691
55.323568663485,27.560552337090,36.898857847131
60.000000000000,60.000000000000,60.000000000000
60.000000000000,60.000000000000,60.000000000000
60.000000000000,60.000000000000,60.000000000000
60.000000000000,60.000000000000,60.000000000000
27.835642050800,30.492398210878,44.213329295639
60.000000000000,60.000000000000,60.000000000000
37.670062425162,17.899491724292,11.527753983645
60.000000000000,60.000000000000,60.000000000000
35.289418027047,47.948917944990,5.443621120219
60.000000000000,60.000000000000,60.000000000000
40.728227285014,43.042768858155,46.211165786132
8.148073370235,30.683563398725,57.916212956234
60.000000000000,60.000000000000,60.000000000000
31.301288272095,12.801594748594,14.255962440359
0.000000000000,4.850238098113,1.995877722672
60.000000000000,60.000000000000,0.000000000000
60.000000000000,60.000000000000,60.000000000000
60.000000000000,60.000000000000,60.000000000000
60.000000000000,60.000000000000,60.000000000000
60.000000000000,60.000000000000,60.000000000000
60.000000000000,60.000000000000,60.000000000000
60.000000000000,60.000000000000,60.000000000000
60.000000000000,60.000000000000,60.000000000000
60.000000000000,60.000000000000,60.000000000000
52.688997722666,34.579004720581,45.958771770716
14.212980007446,19.060849922643,21.206587642333
60.000000000000,60.000000000000,60.000000000000
60.000000000000,4.717249542524,60.000000000000
20.582237802170,45.700679392544,13.804200598336
33.041757950074,36.457681115813,29.537606017534
60.000000000000,60.000000000000,60.000000000000
60.000000000000,60.000000000000,60.000000000000
25.439586854013,59.856015043980,1.297317989856
60.000000000000,60.000000000000,0.000000000000
19.576003643864,2.501438166959,31.584320430267
0.000000000000,56.398129424070,60.000000000000
52.133769878511,50.452273473620,20.052435229358
33.011369654363,19.301313268557,14.372024060750
60.000000000000,60.000000000000,0.000000000000
60.000000000000,60.000000000000,60.000000000000
8.679533803104,31.428998142425,21.217938217888
29.022080747676,52.381079911760,0.122257418465
60.000000000000,60.000000000000,0.000000000000
15.886640098061,17.326701772551,26.423640360540
60.000000000000,60.000000000000,60.000000000000
60.000000000000,60.000000000000,60.000000000000
25.175074399382,31.108889139858,53.446918189107
60.000000000000,60.000000000000,60.000000000000
60.000000000000,60.000000000000,0.000000000000
60.000000000000,60.000000000000,60.000000000000
60.000000000000,60.000000000000,60.000000000000
60.000000000000,60.000000000000,60.000000000000
19.370293753913,46.658812340660,12.225019560838
60.000000000000,60.000000000000,0.000000000000
60.000000000000,60.000000000000,60.000000000000
60.000000000000,60.000000000000,0.000000000000
60.000000000000,60.000000000000,60.000000000000
60.000000000000,60.000000000000,60.000000000000
7.005751254882,39.420701803961,0.000000000000
34.327823197462,50.339399797062,30.226274231201
33.149662870598,51.477052716757,59.391225084097
60.000000000000,60.000000000000,60.000000000000
20.712711598146,57.000277439235,11.072087766216
60.000000000000,60.000000000000,60.000000000000
27.456409800927,11.079565916635,48.444974783852
60.000000000000,60.000000000000,60.000000000000
0.000000000000,60.000000000000,60.000000000000
60.000000000000,60.000000000000,60.000000000000
39.452868799513,14.050940506062,11.922045279544
60.000000000000,60.000000000000,60.000000000000
1.035293939802,44.981110094572,37.581536265609
51.126492954671,2.706860151187,55.402012050360
60.000000000000,60.000000000000,60.000000000000
29.161962514055,55.831396469000,21.644181891744
60.000000000000,60.000000000000,60.000000000000
60.000000000000,60.000000000000,60.000000000000
60.000000000000,60.000000000000,60.000000000000
60.000000000000,60.000000000000,60.000000000000
54.356378957389,2.612728891318,40.658336887883
60.000000000000,60.000000000000,60.000000000000
60.000000000000,60.000000000000,60.000000000000
60.000000000000,60.000000000000,60.000000000000
60.000000000000,60.000000000000,60.000000000000
60.000000000000,60.000000000000,60.000000000000
49.241052102764,56.273650845737,39.416433355841
27.429010777045,39.967241406870,37.823897539878
19.591216403779,45.686483874716,22.441411043167
60.000000000000,12.851614769426,0.000000000000
60.000000000000,60.000000000000,0.000000000000
60.000000000000,60.000000000000,60.000000000000
60.000000000000,60.000000000000,60.000000000000
60.000000000000,60.000000000000,60.000000000000
44.846717571725,12.506220881028,40.629084362838
60.000000000000,60.000000000000,60.000000000000
56.437180459810,26.341592236053,18.410295783452
60.000000000000,60.000000000000,60.000000000000
52.766708530247,31.662788747609,25.298933605023
60.000000000000,60.000000000000,60.000000000000
17.040325270635,14.090309806477,52.865321104310
60.000000000000,60.000000000000,60.000000000000
60.000000000000,60.000000000000,60.000000000000
60.000000000000,60.000000000000,60.000000000000
60.000000000000,60.000000000000,60.000000000000
21.274055292982,60.000000000000,60.000000000000
60.000000000000,60.000000000000,60.000000000000
11.470659863711,12.886560167416,53.424401761158
60.000000000000,60.000000000000,60.000000000000
41.549741719423,23.566970295395,40.016728779994
20.127297388846,41.318796467059,27.802102575076
60.000000000000,60.000000000000,0.000000000000
60.000000000000,60.000000000000,60.000000000000
60.000000000000,60.000000000000,0.000000000000
21.930903980092,16.740368518426,37.182733047689
60.000000000000,60.000000000000,60.000000000000
22.266530669279,0.201798403743,31.194364554053
60.000000000000,60.000000000000,0.000000000000
24.520531788009,26.803897793029,19.052218998761
60.000000000000,60.000000000000,60.000000000000
60.000000000000,60.000000000000,60.000000000000
60.000000000000,60.000000000000,60.000000000000
23.004292676629,4.039688957100,15.960753194839
23.368050561201,10.525799108790,33.480884161843
14.916403451562,6.966238819613,29.754940368209
60.000000000000,60.000000000000,60.000000000000
44.526563992923,54.417425190501,53.297764739771
57.196631911553,13.194310418305,17.758189139435
60.000000000000,60.000000000000,60.000000000000
60.000000000000,60.000000000000,60.000000000000
60.000000000000,60.000000000000,60.000000000000
60.000000000000,60.000000000000,60.000000000000
10.704639950690,18.514173568664,30.946316640888
27.558882906246,51.569892335841,60.000000000000
60.000000000000,60.000000000000,15.521857358734
34.094367548075,42.289255169436,20.712602305695
60.000000000000,60.000000000000,60.000000000000
60.000000000000,60.000000000000,0.000000000000
51.874889321090,43.349851375489,48.883771313380
60.000000000000,60.000000000000,0.000000000000
60.000000000000,60.000000000000,60.000000000000
27.115980824093,27.713206344464,20.569655283152
26.175009911672,40.858951391497,32.802348943451
60.000000000000,60.000000000000,60.000000000000
60.000000000000,60.000000000000,60.000000000000
60.000000000000,60.000000000000,60.000000000000
60.000000000000,60.000000000000,60.000000000000
60.000000000000,60.000000000000,60.000000000000
60.000000000000,60.000000000000,0.000000000000
60.000000000000,60.000000000000,60.000000000000
60.000000000000,60.000000000000,60.000000000000
60.000000000000,60.000000000000,0.000000000000
4.571570828409,60.000000000000,11.354368680881
60.000000000000,60.000000000000,60.000000000000
25.187877584242,16.190979229547,17.043755698608
60.000000000000,60.000000000000,0.000000000000
60.000000000000,60.000000000000,60.000000000000
40.583477463918,5.656020891395,20.084769097417
60.000000000000,60.000000000000,60.000000000000
60.000000000000,60.000000000000,60.000000000000
60.000000000000,60.000000000000,60.000000000000
60.000000000000,60.000000000000,60.000000000000
60.000000000000,60.000000000000,60.000000000000
60.000000000000,60.000000000000,60.000000000000
60.000000000000,60.000000000000,60.000000000000
60.000000000000,60.000000000000,60.000000000000
60.000000000000,60.000000000000,60.000000000000
0.000000000000,31.215712005783,60.000000000000
60.000000000000,60.000000000000,60.000000000000
42.500465046153,49.382191813537,60.000000000000
60.000000000000,60.000000000000,60.000000000000
60.000000000000,60.000000000000,60.000000000000
60.000000000000,60.000000000000,60.000000000000
60.000000000000,60.000000000000,60.000000000000
60.000000000000,60.000000000000,60.000000000000
60.000000000000,60.000000000000,41.180573831806
60.000000000000,60.000000000000,60.000000000000
60.000000000000,60.000000000000,60.000000000000
48.445214942041,35.978670323528,31.384846148002
30.107709860517,44.494931094755,36.416847977187
43.832291761333,47.166840042876,36.168362316349
60.000000000000,60.000000000000,60.000000000000
60.000000000000,60.000000000000,60.000000000000
60.000000000000,60.000000000000,60.000000000000
60.000000000000,60.000000000000,60.000000000000
60.000000000000,60.000000000000,0.000000000000
28.119148703894,57.949945324708,45.316314607612
60.000000000000,60.000000000000,60.000000000000
2.712516227905,45.566466741563,47.185312066895
60.000000000000,60.000000000000,60.000000000000
60.000000000000,60.000000000000,60.000000000000
60.000000000000,60.000000000000,60.000000000000
60.000000000000,60.000000000000,60.000000000000
25.925685997762,30.753878711295,19.544112005091
60.000000000000,60.000000000000,60.000000000000
23.039115364043,2.690388502436,33.021287631220
9.644623446195,50.340891489541,57.063138066621
60.000000000000,60.000000000000,60.000000000000
60.000000000000,60.000000000000,60.000000000000
60.000000000000,60.000000000000,60.000000000000
60.000000000000,60.000000000000,60.000000000000
38.074151625177,27.669505577206,6.791657998443
60.000000000000,60.000000000000,60.000000000000
60.000000000000,60.000000000000,60.000000000000
60.000000000000,60.000000000000,60.000000000000
60.000000000000,60.000000000000,60.000000000000
60.000000000000,60.000000000000,60.000000000000
60.000000000000,60.000000000000,60.000000000000
60.000000000000,15.097266147917,45.203575469399
18.777637352284,1.556823094489,27.567765979472
24.294371568178,13.354807309286,14.161783355855
60.000000000000,56.212418790714,29.074849130239
35.652389387366,34.750743848299,50.241371128648
60.000000000000,60.000000000000,60.000000000000
25.610812944777,3.160970434743,12.294458939415
60.000000000000,60.000000000000,0.000000000000
44.767838207404,28.712924524640,30.443363432087
60.000000000000,60.000000000000,60.000000000000
51.638387403820,20.391163173756,8.936453209291
51.526325545210,42.683287231159,11.471440203517
24.993758367471,9.672597821132,29.712284010031
60.000000000000,60.000000000000,60.000000000000
60.000000000000,60.000000000000,60.000000000000
60.000000000000,60.000000000000,60.000000000000
57.003098597327,58.566661817816,35.353221614191
60.000000000000,60.000000000000,60.000000000000
60.000000000000,41.992484475186,36.254768387752
44.258610362460,17.943352082540,32.301019615525
60.000000000000,60.000000000000,60.000000000000
60.000000000000,60.000000000000,60.000000000000
60.000000000000,60.000000000000,60.000000000000
60.000000000000,60.000000000000,60.000000000000
7.727884845268,7.726057530183,25.191950622409
8.260645615420,49.606098163965,21.858547878355
60.000000000000,60.000000000000,60.000000000000
60.000000000000,60.000000000000,60.000000000000
60.000000000000,60.000000000000,60.000000000000
60.000000000000,60.000000000000,60.000000000000
60.000000000000,60.000000000000,60.000000000000
60.000000000000,60.000000000000,60.000000000000
6.107529152679,14.946097669375,19.862385635236
60.000000000000,60.000000000000,60.000000000000
24.774306296586,42.077421308122,17.801295223832
60.000000000000,60.000000000000,60.000000000000
60.000000000000,60.000000000000,60.000000000000
60.000000000000,60.000000000000,60.000000000000
27.365647761454,3.623741106792,2.130115472551
60.000000000000,60.000000000000,60.000000000000
25.295798864676,56.957715585634,44.657324937912
60.000000000000,60.000000000000,0.000000000000
60.000000000000,60.000000000000,60.000000000000
30.623613725905,47.397941301577,33.995498741541
60.000000000000,60.000000000000,60.000000000000
18.776603107172,57.991096643646,7.066871600359
59.794991192778,43.327820546589,54.956132064063
51.860487808986,4.208020974496,13.893316482886
55.122245612589,25.127830774072,55.587914975311
60.000000000000,60.000000000000,60.000000000000
32.430522767850,8.837876541171,3.718795515550
13.003324103621,12.020713796771,30.471027865042
60.000000000000,60.000000000000,60.000000000000
60.000000000000,60.000000000000,60.000000000000
9.049150374161,53.940226727173,55.818540514410
60.000000000000,60.000000000000,60.000000000000
33.733524167068,17.509240481453,18.954504748921
54.815266984943,51.892710743440,60.000000000000
60.000000000000,60.000000000000,60.000000000000
60.000000000000,60.000000000000,60.000000000000
30.912422381329,8.352121318201,56.978979699333
60.000000000000,60.000000000000,60.000000000000
60.000000000000,60.000000000000,60.000000000000
60.000000000000,60.000000000000,60.000000000000
38.227923944692,60.000000000000,42.034207224300
60.000000000000,60.000000000000,60.000000000000
60.000000000000,60.000000000000,60.000000000000
60.000000000000,60.000000000000,60.000000000000
5.948804696813,31.806798608634,6.179620444955
60.000000000000,60.000000000000,60.000000000000
60.000000000000,60.000000000000,60.000000000000
60.000000000000,60.000000000000,60.000000000000
60.000000000000,60.000000000000,60.000000000000
14.071520678561,48.184202046581,11.385706069844
60.000000000000,60.000000000000,60.000000000000
60.000000000000,60.000000000000,60.000000000000
34.201120029412,25.532700467769,50.466343177702
34.776014440436,39.161481141319,34.009629385774
60.000000000000,60.000000000000,60.000000000000
60.000000000000,60.000000000000,60.000000000000
60.000000000000,60.000000000000,60.000000000000
60.000000000000,60.000000000000,60.000000000000
60.000000000000,60.000000000000,60.000000000000
56.029856594384,14.443550883008,29.747895560209
2.836391561807,36.674203946398,38.778932915988
60.000000000000,60.000000000000,60.000000000000
60.000000000000,60.000000000000,60.000000000000
49.684782584462,27.066231837848,22.955285430175
29.419760225271,56.088672763976,57.856330090032
60.000000000000,60.000000000000,60.000000000000
31.223473783702,11.270229353398,15.009872763796
60.000000000000,60.000000000000,60.000000000000
60.000000000000,60.000000000000,60.000000000000
34.272894368706,26.050252278996,31.487309328322
19.979926081732,11.685960888499,31.185576140403
60.000000000000,60.000000000000,60.000000000000
56.000000000000,57.457706075922,60.000000000000
60.000000000000,60.000000000000,60.000000000000
29.309748287615,8.365638830814,31.068164714787
60.000000000000,60.000000000000,60.000000000000
60.000000000000,60.000000000000,60.000000000000
60.000000000000,60.000000000000,60.000000000000
60.000000000000,60.000000000000,60.000000000000
11.910074385158,31.669075978173,15.645010400954
60.000000000000,60.000000000000,60.000000000000
3.664569073267,53.040409033995,55.196347889342
41.564951127329,18.549392795067,38.256722384573
60.000000000000,60.000000000000,60.000000000000
60.000000000000,60.000000000000,60.000000000000
25.951591137893,3.737278089708,22.138907580276
60.000000000000,60.000000000000,60.000000000000
60.000000000000,60.000000000000,60.000000000000
6.948510726114,54.740523799922,12.266748781814
40.201991080494,25.620097107616,27.688037364850
28.821359632365,31.367867238601,42.853479444116
55.121630063897,54.436530036369,4.345414167635
15.451684027189,39.943054034026,53.629860645306
29.391799617412,0.568385772574,53.283286799803
60.000000000000,60.000000000000,60.000000000000
60.000000000000,60.000000000000,60.000000000000
60.000000000000,60.000000000000,60.000000000000
60.000000000000,60.000000000000,60.000000000000
60.000000000000,60.000000000000,60.000000000000
44.769788817344,8.385380361750,28.293300797995
60.000000000000,60.000000000000,60.000000000000
25.882522179622,6.975288290913,50.590575746051
60.000000000000,60.000000000000,60.000000000000
0.000000000000,60.000000000000,9.872230964427
0.000000000000,60.000000000000,60.000000000000
60.000000000000,60.000000000000,60.000000000000
60.000000000000,60.000000000000,60.000000000000
37.409665700629,29.199950538967,41.929888508300
51.166868530616,15.222051515058,49.696803128645
60.000000000000,60.000000000000,60.000000000000
0.076723584389,53.019282806435,20.905247991433
60.000000000000,60.000000000000,60.000000000000
22.839485075867,41.013620295045,51.106081852461
60.000000000000,60.000000000000,60.000000000000
60.000000000000,60.000000000000,60.000000000000
60.000000000000,60.000000000000,60.000000000000
60.000000000000,60.000000000000,60.000000000000
60.000000000000,60.000000000000,0.000000000000
34.044850627020,4.850301488764,6.395895685204
26.802779364851,25.906025824843,11.172614094291
60.000000000000,60.000000000000,60.000000000000
60.000000000000,60.000000000000,60.000000000000
60.000000000000,60.000000000000,60.000000000000
32.540734531556,27.531376954161,44.915191520249
60.000000000000,60.000000000000,60.000000000000
60.000000000000,60.000000000000,60.000000000000
32.879168106479,3.561233330767,30.075710759571
60.000000000000,60.000000000000,0.000000000000
60.000000000000,60.000000000000,60.000000000000
60.000000000000,60.000000000000,60.000000000000
25.672941923323,43.324806464452,51.095089727515
60.000000000000,60.000000000000,60.000000000000
60.000000000000,60.000000000000,60.000000000000
35.465839035380,23.248516408154,26.510473561457
35.740260254264,24.652620672084,21.424053387719
37.907907787358,32.653890466982,48.902973792827
60.000000000000,60.000000000000,60.000000000000
59.386175071433,41.023187682001,26.655387950249
60.000000000000,60.000000000000,60.000000000000
60.000000000000,60.000000000000,60.000000000000
60.000000000000,60.000000000000,60.000000000000
0.000000000000,0.000000000000,0.000000000000
35.713238450500,0.869762915940,15.170826920027
60.000000000000,11.814010064134,60.000000000000
45.172855593550,34.937863866811,7.424023193562
42.090678876121,52.897468835258,10.475765767705
45.089529765253,18.226002451794,42.241904232304
60.000000000000,60.000000000000,60.000000000000
3.224144577856,49.576303190199,31.910942231040
60.000000000000,60.000000000000,60.000000000000
60.000000000000,60.000000000000,60.000000000000
60.000000000000,60.000000000000,60.000000000000
35.739509697329,25.426680214951,56.999503174573
12.426628267787,60.000000000000,47.130428758972
60.000000000000,60.000000000000,60.000000000000
60.000000000000,60.000000000000,60.000000000000
45.199806495545,2.929961387970,50.695346018206
25.822551444376,57.986982883565,32.393083815558
60.000000000000,60.000000000000,60.000000000000
28.720557535296,37.748768058970,42.657704549464
33.848720759745,17.362383637865,27.063454185247
60.000000000000,60.000000000000,60.000000000000
60.000000000000,60.000000000000,60.000000000000
60.000000000000,60.000000000000,60.000000000000
60.000000000000,60.000000000000,60.000000000000
60.000000000000,60.000000000000,60.000000000000
36.766929243409,15.476589234277,8.880768264932
60.000000000000,60.000000000000,60.000000000000
55.829247038118,9.181183046155,13.582303172193
60.000000000000,60.000000000000,60.000000000000
60.000000000000,60.000000000000,60.000000000000
60.000000000000,60.000000000000,60.000000000000
6.577032393306,20.685107237890,14.061645201163
60.000000000000,60.000000000000,60.000000000000
28.467871941884,0.316454242752,25.655301571104
38.918013264836,31.318880646336,3.159792496515
34.599513675643,0.416256436772,18.470032261640
60.000000000000,60.000000000000,60.000000000000
60.000000000000,60.000000000000,60.000000000000
0.000000000000,0.000000000000,0.000000000000
57.900428094277,5.240422435957,60.000000000000
60.000000000000,60.000000000000,60.000000000000
60.000000000000,60.000000000000,60.000000000000
60.000000000000,60.000000000000,60.000000000000
60.000000000000,60.000000000000,60.000000000000
29.990257535444,46.383714614688,42.632623617606
60.000000000000,60.000000000000,60.000000000000
9.933002602486,53.915743555311,20.727606238882
60.000000000000,60.000000000000,60.000000000000
60.000000000000,60.000000000000,60.000000000000
60.000000000000,60.000000000000,60.000000000000
60.000000000000,60.000000000000,60.000000000000
57.411237214005,22.147594452799,19.400262564598
6.959448494952,32.188007981559,6.099380362818
60.000000000000,60.000000000000,60.000000000000
60.000000000000,60.000000000000,60.000000000000
60.000000000000,60.000000000000,60.000000000000
60.000000000000,60.000000000000,60.000000000000
60.000000000000,60.000000000000,60.000000000000
45.303713512385,11.451826691364,19.407647392290
28.506903847197,35.556912501257,22.323039495806
43.301223413899,6.018958219582,33.487098851590
33.139810949079,24.095155518806,46.008202516739
0.576258576910,21.827257067575,48.839104804163
27.694489211787,36.063718663686,34.005073075663
60.000000000000,60.000000000000,60.000000000000
31.825377714785,32.313435216465,26.661178411190
60.000000000000,60.000000000000,60.000000000000
60.000000000000,60.000000000000,60.000000000000
16.251095844602,22.232270387235,33.075215105556
53.606768225122,50.478526767823,21.175176208686
36.957075201141,21.579296783868,48.783863874919
60.000000000000,60.000000000000,60.000000000000
60.000000000000,60.000000000000,60.000000000000
60.000000000000,60.000000000000,60.000000000000
60.000000000000,60.000000000000,60.000000000000
60.000000000000,60.000000000000,60.000000000000
46.667725592330,47.498891292160,39.707962090413
60.000000000000,37.320756169960,60.000000000000
60.000000000000,60.000000000000,0.000000000000
60.000000000000,60.000000000000,60.000000000000
60.000000000000,60.000000000000,60.000000000000
60.000000000000,60.000000000000,0.000000000000
60.000000000000,60.000000000000,60.000000000000
19.904412836486,5.644668222967,38.482585194585
34.754611175160,14.191474491822,28.456208096871
2.160071421703,20.240929850454,55.336035102246
34.325150162887,15.379004009549,38.277516689998
60.000000000000,60.000000000000,60.000000000000
60.000000000000,60.000000000000,60.000000000000
39.544624988033,60.000000000000,60.000000000000
39.467957784004,30.158979325413,15.453664894580
20.792976691869,45.455953033451,11.379033076672
11.511031000764,3.759628493293,46.114658050936
0.000000000000,60.000000000000,60.000000000000
2.165513940869,48.915083586910,10.083154578375
60.000000000000,60.000000000000,60.000000000000
25.046837036930,58.976995453118,33.817592365909
60.000000000000,60.000000000000,60.000000000000
60.000000000000,60.000000000000,60.000000000000
35.620403579612,17.682333032777,6.929516637076
25.710206096420,26.129320679584,14.261207437766
60.000000000000,60.000000000000,60.000000000000
60.000000000000,60.000000000000,60.000000000000
60.000000000000,60.000000000000,60.000000000000
60.000000000000,60.000000000000,60.000000000000
60.000000000000,60.000000000000,60.000000000000
60.000000000000,60.000000000000,60.000000000000
60.000000000000,60.000000000000,60.000000000000
0.000000000000,60.000000000000,60.000000000000
60.000000000000,60.000000000000,60.000000000000
60.000000000000,60.000000000000,60.000000000000
60.000000000000,60.000000000000,60.000000000000
60.000000000000,60.000000000000,60.000000000000
60.000000000000,60.000000000000,60.000000000000
60.000000000000,60.000000000000,60.000000000000
60.000000000000,60.000000000000,60.000000000000
60.000000000000,60.000000000000,60.000000000000
60.000000000000,60.000000000000,60.000000000000
60.000000000000,60.000000000000,60.000000000000
18.244027457216,42.365050194615,41.682024234378
12.963610193343,52.708118403464,50.564956028337
60.000000000000,60.000000000000,60.000000000000
6.976971815387,9.676648300972,29.954710375081
60.000000000000,60.000000000000,60.000000000000
0.000000000000,60.000000000000,53.107435585634
60.000000000000,60.000000000000,60.000000000000
60.000000000000,60.000000000000,60.000000000000
39.270530872761,36.653510643749,0.094116228797
60.000000000000,60.000000000000,60.000000000000
42.719213400518,59.274112870326,17.906476441300
60.000000000000,60.000000000000,60.000000000000
60.000000000000,60.000000000000,60.000000000000
60.000000000000,60.000000000000,60.000000000000
60.000000000000,60.000000000000,60.000000000000
60.000000000000,60.000000000000,60.000000000000
60.000000000000,60.000000000000,60.000000000000
60.000000000000,60.000000000000,60.000000000000
60.000000000000,60.000000000000,60.000000000000
60.000000000000,60.000000000000,60.000000000000
60.000000000000,60.000000000000,60.000000000000
15.844062162207,15.937837433578,34.345898698134
18.587168463444,20.347129555383,31.645813738419
60.000000000000,60.000000000000,60.000000000000
58.343552836688,8.763105706469,12.194291687719
60.000000000000,60.000000000000,60.000000000000
60.000000000000,60.000000000000,60.000000000000
60.000000000000,32.616884040935,36.677884461970
3.258146688820,55.311978613551,26.710860458401
60.000000000000,60.000000000000,60.000000000000
60.000000000000,60.000000000000,60.000000000000
60.000000000000,60.000000000000,60.000000000000
39.599532174779,25.136855522550,8.898606862198
60.000000000000,60.000000000000,60.000000000000
25.644208338615,60.000000000000,60.000000000000
60.000000000000,60.000000000000,60.000000000000
60.000000000000,60.000000000000,60.000000000000
34.018968283516,40.804303305100,12.712961479082
60.000000000000,60.000000000000,60.000000000000
0.000000000000,60.000000000000,60.000000000000
60.000000000000,60.000000000000,60.000000000000
22.297213211530,38.246790076770,17.653481232687
60.000000000000,60.000000000000,60.000000000000
50.729806970404,55.019015073457,25.895027683381
60.000000000000,60.000000000000,60.000000000000
60.000000000000,60.000000000000,60.000000000000
60.000000000000,60.000000000000,60.000000000000
60.000000000000,60.000000000000,60.000000000000
60.000000000000,60.000000000000,60.000000000000
60.000000000000,60.000000000000,60.000000000000
60.000000000000,60.000000000000,60.000000000000
35.504880521690,39.666711464010,34.438588455846
25.539540284485,12.746365843363,60.000000000000
60.000000000000,60.000000000000,60.000000000000
60.000000000000,60.000000000000,60.000000000000
60.000000000000,60.000000000000,60.000000000000
60.000000000000,60.000000000000,60.000000000000
60.000000000000,60.000000000000,60.000000000000
60.000000000000,60.000000000000,60.000000000000
17.993522753170,44.106581849797,23.196656971928
60.000000000000,60.000000000000,60.000000000000
60.000000000000,0.000000000000,20.539224268644
60.000000000000,60.000000000000,60.000000000000
54.856311030047,7.872700953114,55.655052187516
31.802369296019,17.822071607118,51.160345879124
60.000000000000,60.000000000000,0.000000000000
1.494532573093,60.000000000000,0.000000000000
60.000000000000,60.000000000000,60.000000000000
60.000000000000,60.000000000000,60.000000000000
19.503784840329,60.000000000000,37.827444108245
60.000000000000,60.000000000000,60.000000000000
6.251024409759,27.841483000188,41.507865132131
23.824361620765,50.833160561463,13.894345320323
60.000000000000,60.000000000000,60.000000000000
60.000000000000,60.000000000000,60.000000000000
60.000000000000,60.000000000000,60.000000000000
49.321532362340,14.936260075445,3.233393625072
60.000000000000,60.000000000000,60.000000000000
60.000000000000,60.000000000000,60.000000000000
60.000000000000,60.000000000000,60.000000000000
60.000000000000,60.000000000000,60.000000000000
60.000000000000,60.000000000000,60.000000000000
40.109950426250,29.389646396820,51.308398597889
11.890105250670,43.845193830614,52.968131726935
42.818076859166,28.845011361209,38.000476374663
60.000000000000,60.000000000000,60.000000000000
60.000000000000,60.000000000000,60.000000000000
60.000000000000,60.000000000000,60.000000000000
60.000000000000,60.000000000000,60.000000000000
60.000000000000,60.000000000000,60.000000000000
60.000000000000,60.000000000000,60.000000000000
60.000000000000,60.000000000000,60.000000000000
44.384034644730,58.737869780526,27.471291791889
60.000000000000,60.000000000000,60.000000000000
43.261354560351,9.628766378651,22.632116941460
60.000000000000,40.509997500795,9.824694700838
60.000000000000,60.000000000000,60.000000000000
60.000000000000,60.000000000000,60.000000000000
58.780583665152,26.773524678510,14.019038028331
60.000000000000,60.000000000000,60.000000000000
42.514824093314,32.240343174360,49.780546346339
60.000000000000,60.000000000000,60.000000000000
17.090431349100,26.230438022054,37.791142068336
60.000000000000,60.000000000000,60.000000000000
60.000000000000,60.000000000000,60.000000000000
28.726793139748,47.180809557655,1.446307544944
0.481725044272,27.817209402359,12.620263127014
60.000000000000,60.000000000000,60.000000000000
60.000000000000,60.000000000000,60.000000000000
25.681529292913,52.527923559774,53.793657544826
25.474505314438,7.673770110409,39.727265233584
60.000000000000,60.000000000000,0.000000000000
60.000000000000,60.000000000000,60.000000000000
8.127543022405,12.139463305857,22.623194664515
58.316944284517,6.639058243169,9.802225076768
60.000000000000,60.000000000000,0.000000000000
60.000000000000,60.000000000000,60.000000000000
60.000000000000,60.000000000000,60.000000000000
60.000000000000,60.000000000000,60.000000000000
23.087922242628,27.764035891455,34.113337004535
50.540402213591,52.006352243587,7.272212330313
39.990523694875,17.833185157558,24.692438036983
40.465091171559,25.300384647530,8.538492691731
60.000000000000,60.000000000000,60.000000000000
17.880762481537,38.343205321264,53.334725532610
60.000000000000,60.000000000000,60.000000000000
60.000000000000,60.000000000000,60.000000000000
22.655729601996,37.205001354809,60.000000000000
23.919077329944,18.873990323159,8.926428350317
50.586304741530,49.224607987290,56.954948171819
60.000000000000,60.000000000000,60.000000000000
60.000000000000,60.000000000000,60.000000000000
60.000000000000,60.000000000000,60.000000000000
60.000000000000,60.000000000000,60.000000000000
60.000000000000,60.000000000000,60.000000000000
21.407237637625,49.439861137881,49.089129462026
15.565322111529,16.018332216375,2.047986137784
16.671717876056,29.327575669757,35.981977064018
60.000000000000,0.000000000000,47.706696240507
60.000000000000,60.000000000000,60.000000000000
60.000000000000,60.000000000000,60.000000000000
60.000000000000,60.000000000000,60.000000000000
40.104088643111,31.544052218900,25.309267159870
60.000000000000,60.000000000000,60.000000000000
60.000000000000,60.000000000000,60.000000000000
60.000000000000,60.000000000000,60.000000000000
40.699688763875,17.482173888935,2.139088276406
60.000000000000,60.000000000000,60.000000000000
13.073396568380,37.566447885262,35.352409224713
60.000000000000,60.000000000000,60.000000000000
60.000000000000,60.000000000000,60.000000000000
0.475427823360,38.876840573930,8.289441563423
60.000000000000,60.000000000000,60.000000000000
60.000000000000,60.000000000000,60.000000000000
60.000000000000,60.000000000000,60.000000000000
60.000000000000,60.000000000000,60.000000000000
60.000000000000,60.000000000000,60.000000000000
24.527982572809,13.743115926578,33.536178388829
60.000000000000,60.000000000000,60.000000000000
60.000000000000,60.000000000000,0.000000000000
60.000000000000,60.000000000000,0.000000000000
8.191455405542,34.342736358547,42.519996543324
60.000000000000,60.000000000000,60.000000000000
60.000000000000,60.000000000000,60.000000000000
60.000000000000,60.000000000000,60.000000000000
2.505558558967,51.890535275742,23.243288770631
60.000000000000,60.000000000000,0.000000000000
60.000000000000,60.000000000000,60.000000000000
60.000000000000,60.000000000000,60.000000000000
60.000000000000,60.000000000000,60.000000000000
37.561601426520,39.086662901768,3.792915100624
60.000000000000,60.000000000000,60.000000000000
4.896120092345,14.164584225569,13.916793396862
60.000000000000,60.000000000000,60.000000000000
45.123671852741,2.724780247286,26.716062531142
60.000000000000,60.000000000000,60.000000000000
60.000000000000,60.000000000000,60.000000000000
60.000000000000,60.000000000000,60.000000000000
60.000000000000,60.000000000000,60.000000000000
60.000000000000,60.000000000000,60.000000000000
16.319682461094,48.807114560140,39.178147338759
48.906930040681,20.982450803656,21.209647951709
49.608912803633,56.946964682352,3.105648588300
60.000000000000,60.000000000000,60.000000000000
60.000000000000,60.000000000000,60.000000000000
60.000000000000,60.000000000000,60.000000000000
60.000000000000,60.000000000000,60.000000000000
19.476554733804,41.670592926412,20.973170399762
5.612474838725,45.385693737974,24.970307168961
60.000000000000,60.000000000000,60.000000000000
60.000000000000,60.000000000000,60.000000000000
60.000000000000,60.000000000000,60.000000000000
60.000000000000,60.000000000000,60.000000000000
60.000000000000,60.000000000000,60.000000000000
60.000000000000,60.000000000000,60.000000000000
9.856488746587,60.000000000000,26.978529542409
42.034610695237,18.012243506604,41.432709295891
60.000000000000,60.000000000000,60.000000000000
60.000000000000,60.000000000000,60.000000000000
60.000000000000,60.000000000000,60.000000000000
60.000000000000,60.000000000000,60.000000000000
60.000000000000,60.000000000000,60.000000000000
60.000000000000,60.000000000000,60.000000000000
18.572043075979,60.000000000000,33.235678047004
16.658451430722,49.180796396571,37.026858422291
43.703509077772,28.807079904510,25.946103475105
47.104001166163,40.896715211508,35.292663050203
60.000000000000,60.000000000000,60.000000000000
58.207866768930,5.152863293975,42.210327930892
60.000000000000,60.000000000000,60.000000000000
19.822104295686,33.040303934937,7.429876296841
27.976560060970,26.780143219213,13.517112558679
60.000000000000,60.000000000000,60.000000000000
60.000000000000,60.000000000000,60.000000000000
28.998555596457,56.082463909428,54.836261310889
35.251542039848,8.981775381425,25.705389325222
37.205338283070,8.991154773389,54.271983298591
21.832458101504,0.000000000000,20.979098973542
60.000000000000,60.000000000000,60.000000000000
25.117997009027,13.520126066767,24.277520766563
44.914629132244,40.605485425618,36.456431526886
60.000000000000,60.000000000000,60.000000000000
60.000000000000,60.000000000000,60.000000000000
60.000000000000,60.000000000000,60.000000000000
40.825797266799,3.833314759669,28.565116965894
50.447174083922,45.588596573950,33.210981379156
1.929434505437,7.403370006806,22.691070150935
60.000000000000,60.000000000000,60.000000000000
51.893174859525,53.562913214375,5.617882014395
38.609227157205,26.250179737006,23.963699676751
60.000000000000,60.000000000000,60.000000000000
58.714755605446,37.506586455421,38.542788599371
60.000000000000,60.000000000000,60.000000000000
60.000000000000,60.000000000000,60.000000000000
60.000000000000,60.000000000000,60.000000000000
60.000000000000,60.000000000000,60.000000000000
10.700992543297,60.000000000000,20.531510867777
0.000000000000,33.862674235202,60.000000000000
60.000000000000,60.000000000000,60.000000000000
41.678090058169,60.000000000000,30.422656331028
0.000000000000,60.000000000000,60.000000000000
15.279854762705,9.252235067763,29.812013539853
19.861159776225,31.817627838654,23.286160353717
60.000000000000,60.000000000000,60.000000000000
60.000000000000,60.000000000000,60.000000000000
60.000000000000,60.000000000000,60.000000000000
60.000000000000,60.000000000000,60.000000000000
0.450096868149,0.032590118846,26.501545571657
60.000000000000,60.000000000000,60.000000000000
60.000000000000,60.000000000000,60.000000000000
60.000000000000,60.000000000000,60.000000000000
60.000000000000,60.000000000000,60.000000000000
60.000000000000,60.000000000000,60.000000000000
60.000000000000,60.000000000000,60.000000000000
2.586525691927,2.216404161715,36.975445484786
60.000000000000,60.000000000000,60.000000000000
16.109810973146,32.164916232762,26.411022144090
60.000000000000,60.000000000000,0.000000000000
60.000000000000,60.000000000000,60.000000000000
60.000000000000,60.000000000000,0.000000000000
11.244310484476,25.002465947994,48.631057797994
60.000000000000,60.000000000000,60.000000000000
60.000000000000,60.000000000000,60.000000000000
54.756865581652,26.438405266331,60.000000000000
60.000000000000,60.000000000000,60.000000000000
60.000000000000,60.000000000000,60.000000000000
60.000000000000,60.000000000000,60.000000000000
34.222091641750,5.375509487641,13.154226548915
47.681292130247,5.531749976811,34.778791918902
60.000000000000,60.000000000000,60.000000000000
24.108865643846,20.756430077552,60.000000000000
60.000000000000,60.000000000000,60.000000000000
60.000000000000,60.000000000000,60.000000000000
60.000000000000,60.000000000000,60.000000000000
60.000000000000,60.000000000000,60.000000000000
60.000000000000,40.103589622325,52.123101038094
32.436637314669,21.455999733911,34.279274159810
60.000000000000,60.000000000000,60.000000000000
26.604196057199,45.684594860012,60.000000000000
44.367373843145,56.485249941779,44.855709264917
60.000000000000,60.000000000000,60.000000000000
60.000000000000,60.000000000000,60.000000000000
60.000000000000,60.000000000000,60.000000000000
20.173255055590,0.207396129986,13.003691817913
60.000000000000,60.000000000000,60.000000000000
60.000000000000,60.000000000000,60.000000000000
60.000000000000,60.000000000000,60.000000000000
30.508256044627,5.554237574866,1.681465128935
60.000000000000,60.000000000000,60.000000000000
60.000000000000,60.000000000000,60.000000000000
19.346723760792,9.617533149332,44.669050543244
60.000000000000,60.000000000000,60.000000000000
60.000000000000,60.000000000000,60.000000000000
60.000000000000,60.000000000000,60.000000000000
60.000000000000,60.000000000000,60.000000000000
60.000000000000,60.000000000000,60.000000000000
60.000000000000,60.000000000000,60.000000000000
60.000000000000,60.000000000000,60.000000000000
47.503552823494,7.352896679077,40.605962323485
60.000000000000,60.000000000000,60.000000000000
60.000000000000,60.000000000000,60.000000000000
60.000000000000,60.000000000000,60.000000000000
4.052221754429,9.679994391659,48.269259274624
60.000000000000,60.000000000000,60.000000000000
60.000000000000,60.000000000000,60.000000000000
60.000000000000,60.000000000000,60.000000000000
60.000000000000,60.000000000000,60.000000000000
60.000000000000,60.000000000000,60.000000000000
53.491389655634,1.447258641523,15.788853905787
60.000000000000,60.000000000000,60.000000000000
15.136219168572,11.694358734888,6.592080364183
49.222296616637,33.199379912860,13.831041556423
52.125402968865,34.700880005260,13.788556848615
60.000000000000,60.000000000000,60.000000000000
60.000000000000,60.000000000000,60.000000000000
60.000000000000,60.000000000000,60.000000000000
60.000000000000,60.000000000000,60.000000000000
38.374553799670,60.000000000000,29.782896305876
60.000000000000,60.000000000000,60.000000000000
0.000000000000,32.193409062640,60.000000000000
60.000000000000,60.000000000000,60.000000000000
49.160971880968,23.267094139634,0.000000000000
60.000000000000,60.000000000000,60.000000000000
60.000000000000,60.000000000000,60.000000000000
60.000000000000,60.000000000000,60.000000000000
60.000000000000,60.000000000000,60.000000000000
60.000000000000,60.000000000000,60.000000000000
47.498229954908,8.016775959484,18.314658885836
21.652369742804,33.557960725491,60.000000000000
60.000000000000,60.000000000000,60.000000000000
35.680097948090,15.274507790530,11.289182100543
60.000000000000,60.000000000000,60.000000000000
51.743338411184,55.977877407702,44.510665473129
60.000000000000,60.000000000000,60.000000000000
60.000000000000,60.000000000000,60.000000000000
60.000000000000,60.000000000000,60.000000000000
60.000000000000,60.000000000000,60.000000000000
24.372694953826,6.556770362977,40.863955110617
10.942665332688,58.215454222095,54.646139341564
49.796377052715,25.461414789677,14.581308385862
60.000000000000,60.000000000000,60.000000000000
20.350117860415,55.381360537148,14.373649892662
9.240660102390,60.000000000000,45.413030120775
60.000000000000,60.000000000000,60.000000000000
44.078146423383,27.592514397072,51.846160187511
60.000000000000,60.000000000000,60.000000000000
12.753318270264,17.278415588273,8.824838834951
26.192189307072,29.484948242661,42.943206617193
60.000000000000,60.000000000000,60.000000000000
60.000000000000,60.000000000000,60.000000000000
57.029462427170,23.644981881536,47.624956039426
11.249442821661,27.961704496805,28.795819725823
60.000000000000,60.000000000000,60.000000000000
10.220395808177,3.171657248902,3.049811269045
38.434008075102,45.820924797742,5.897202298474
60.000000000000,60.000000000000,60.000000000000
60.000000000000,60.000000000000,60.000000000000
60.000000000000,60.000000000000,60.000000000000
12.542160943400,31.267844784363,46.802990631810
60.000000000000,60.000000000000,60.000000000000
60.000000000000,60.000000000000,60.000000000000
60.000000000000,60.000000000000,60.000000000000
60.000000000000,60.000000000000,60.000000000000
1.049759366106,44.192212596960,24.754112517957
44.316717853335,1.357771659696,4.468022364474
60.000000000000,60.000000000000,60.000000000000
60.000000000000,60.000000000000,60.000000000000
60.000000000000,60.000000000000,60.000000000000
60.000000000000,60.000000000000,60.000000000000
14.503088767624,6.627531542865,40.861989862964
60.000000000000,60.000000000000,60.000000000000
60.000000000000,60.000000000000,0.000000000000
60.000000000000,60.000000000000,60.000000000000
60.000000000000,60.000000000000,60.000000000000
60.000000000000,60.000000000000,60.000000000000
60.000000000000,60.000000000000,0.000000000000
19.931195073963,31.829693546056,52.100934205822
60.000000000000,60.000000000000,60.000000000000
52.477893209477,33.340630178391,40.409055609453
0.000000000000,60.000000000000,60.000000000000
50.414663804783,47.033257987808,59.081033267986
60.000000000000,60.000000000000,60.000000000000
60.000000000000,60.000000000000,60.000000000000
60.000000000000,60.000000000000,60.000000000000
60.000000000000,60.000000000000,60.000000000000
60.000000000000,60.000000000000,4.353682611136
53.486827352279,16.111874331933,55.388230060040
60.000000000000,60.000000000000,0.000000000000
60.000000000000,60.000000000000,60.000000000000
60.000000000000,60.000000000000,0.000000000000
60.000000000000,60.000000000000,60.000000000000
60.000000000000,60.000000000000,60.000000000000
60.000000000000,60.000000000000,0.000000000000
60.000000000000,60.000000000000,60.000000000000
55.944124017292,53.942978471284,26.789013378921
60.000000000000,60.000000000000,0.000000000000
60.000000000000,60.000000000000,60.000000000000
60.000000000000,60.000000000000,60.000000000000
56.796296383969,9.091987633763,17.831901928458
60.000000000000,60.000000000000,60.000000000000
42.614894794768,19.414178123346,26.350726017195
60.000000000000,60.000000000000,0.000000000000
0.000000000000,60.000000000000,60.000000000000
47.940168844705,13.071262021708,36.967828692328
60.000000000000,60.000000000000,0.000000000000
0.000000000000,60.000000000000,60.000000000000
51.964832744532,56.287138061927,30.610968617899
60.000000000000,54.054955720440,23.406097099994
60.000000000000,60.000000000000,0.000000000000
59.638192092497,28.145395976860,14.078502140789
60.000000000000,49.640685167708,60.000000000000
3.822123945672,17.420701501549,19.544866297508
60.000000000000,60.000000000000,60.000000000000
50.356774294852,9.976879786649,8.049345601902
60.000000000000,60.000000000000,60.000000000000
60.000000000000,60.000000000000,60.000000000000
60.000000000000,60.000000000000,60.000000000000
60.000000000000,60.000000000000,60.000000000000
9.006538731439,31.315418957289,39.757345894986
12.606627970468,17.695697586902,20.590592599674
60.000000000000,60.000000000000,60.000000000000
60.000000000000,60.000000000000,60.000000000000
25.338178677748,15.300083840958,7.761810499861
41.823672074197,48.481944059781,33.620312541190
9.200603336155,53.752139219416,33.959958039770
52.065707130430,0.611240412162,0.533128709307
52.210302066916,33.122857179306,39.498762981214
3.864668470817,58.465774272784,45.039402563470
58.417569897748,25.789491100793,7.283878621913
60.000000000000,60.000000000000,60.000000000000
8.740054383927,60.000000000000,31.943422207670
60.000000000000,60.000000000000,60.000000000000
60.000000000000,60.000000000000,0.000000000000
60.000000000000,60.000000000000,0.000000000000
6.737618206074,42.180254082480,20.942505965661
60.000000000000,60.000000000000,60.000000000000
60.000000000000,60.000000000000,60.000000000000
60.000000000000,60.000000000000,60.000000000000
41.647546471850,43.664794423407,52.392866871389
26.942548640149,18.640942779624,12.214918069621
45.494080648011,14.099207337647,18.144497040967
60.000000000000,60.000000000000,60.000000000000
60.000000000000,60.000000000000,0.000000000000
39.296056776368,38.798386938758,8.769663707529
60.000000000000,60.000000000000,60.000000000000
24.766860050729,37.707775460016,39.370569387198
59.114508708794,55.737472306416,2.813662654718
60.000000000000,60.000000000000,60.000000000000
26.455840592004,29.805624498267,23.671105516079
60.000000000000,60.000000000000,0.000000000000
60.000000000000,60.000000000000,60.000000000000
60.000000000000,60.000000000000,60.000000000000
60.000000000000,60.000000000000,0.000000000000
60.000000000000,60.000000000000,0.000000000000
52.007067434382,29.956832422204,45.369922296949
60.000000000000,60.000000000000,0.000000000000
60.000000000000,60.000000000000,60.000000000000
60.000000000000,60.000000000000,60.000000000000
60.000000000000,60.000000000000,60.000000000000
60.000000000000,60.000000000000,60.000000000000
60.000000000000,60.000000000000,60.000000000000
54.856898901007,38.544247637583,21.976847845279
28.553685766813,0.056844412772,30.693628517934
32.281562944740,5.442510542395,38.471186792580
60.000000000000,60.000000000000,60.000000000000
60.000000000000,60.000000000000,60.000000000000
50.702016642413,10.510061637097,0.276720198210
52.016392305064,10.269071006848,10.483766017520
60.000000000000,60.000000000000,60.000000000000
60.000000000000,60.000000000000,60.000000000000
60.000000000000,60.000000000000,60.000000000000
60.000000000000,60.000000000000,0.000000000000
60.000000000000,60.000000000000,60.000000000000
60.000000000000,60.000000000000,60.000000000000
60.000000000000,60.000000000000,60.000000000000
29.423362579131,8.206073180636,47.163396844356
60.000000000000,60.000000000000,60.000000000000
60.000000000000,60.000000000000,60.000000000000
56.043397918235,38.368756978985,11.507836766391
60.000000000000,60.000000000000,60.000000000000
60.000000000000,60.000000000000,60.000000000000
60.000000000000,60.000000000000,60.000000000000
60.000000000000,60.000000000000,60.000000000000
0.000000000000,60.000000000000,60.000000000000
60.000000000000,60.000000000000,60.000000000000
22.636977264119,8.928722782010,28.835198348211
60.000000000000,60.000000000000,60.000000000000
60.000000000000,60.000000000000,60.000000000000
52.101465621382,56.950732118748,12.509159993020
60.000000000000,60.000000000000,60.000000000000
4.974238997943,21.621022830031,51.022608649132
60.000000000000,60.000000000000,60.000000000000
60.000000000000,60.000000000000,0.000000000000
60.000000000000,60.000000000000,60.000000000000
60.000000000000,60.000000000000,60.000000000000
60.000000000000,60.000000000000,60.000000000000
60.000000000000,60.000000000000,60.000000000000
53.406308963361,17.876425178011,56.793673959068
60.000000000000,60.000000000000,60.000000000000
10.851677588930,31.176763392437,12.418691415339
60.000000000000,60.000000000000,60.000000000000
60.000000000000,60.000000000000,60.000000000000
32.710182124885,36.907986407823,16.027684012433
60.000000000000,60.000000000000,60.000000000000
0.000000000000,60.000000000000,60.000000000000
60.000000000000,60.000000000000,60.000000000000
60.000000000000,60.000000000000,0.000000000000
60.000000000000,60.000000000000,60.000000000000
60.000000000000,60.000000000000,60.000000000000
33.154751151278,60.000000000000,47.768943621830
60.000000000000,60.000000000000,60.000000000000
21.137853273708,4.219585035998,60.000000000000
6.209037873058,28.073929774555,10.009526033680
60.000000000000,60.000000000000,60.000000000000
60.000000000000,60.000000000000,60.000000000000
60.000000000000,60.000000000000,60.000000000000
60.000000000000,60.000000000000,60.000000000000
60.000000000000,60.000000000000,0.000000000000
28.818226192218,52.687941297562,24.535026096971
60.000000000000,60.000000000000,60.000000000000
60.000000000000,60.000000000000,60.000000000000
60.000000000000,60.000000000000,60.000000000000
53.821558186428,36.223261464996,39.768326934952
60.000000000000,60.000000000000,0.000000000000
28.790356731641,44.284084409136,42.163550097362
60.000000000000,60.000000000000,60.000000000000
60.000000000000,60.000000000000,0.000000000000
60.000000000000,60.000000000000,60.000000000000
58.570963090494,56.418312624356,23.923756363101
60.000000000000,60.000000000000,60.000000000000
60.000000000000,60.000000000000,60.000000000000
60.000000000000,60.000000000000,60.000000000000
13.668861351122,47.348200933295,26.132861948664
60.000000000000,60.000000000000,60.000000000000
25.638307888285,7.583281078722,44.927850210212
20.762431461389,11.743509771838,43.112941881104
55.084413425414,24.820880671157,0.234987874817
60.000000000000,60.000000000000,60.000000000000
26.468825521246,43.100197459815,15.863985799612
60.000000000000,60.000000000000,60.000000000000
60.000000000000,60.000000000000,60.000000000000
52.129095436173,36.852685611246,7.808769290411
60.000000000000,60.000000000000,60.000000000000
60.000000000000,60.000000000000,60.000000000000
60.000000000000,60.000000000000,0.000000000000
60.000000000000,60.000000000000,0.000000000000
11.318574652818,13.472629725059,57.710589960225
7.814353226826,25.217539419829,8.438932932725
60.000000000000,60.000000000000,60.000000000000
60.000000000000,60.000000000000,60.000000000000
39.042005254551,60.000000000000,28.476824748363
60.000000000000,60.000000000000,0.000000000000
60.000000000000,60.000000000000,0.000000000000
60.000000000000,60.000000000000,60.000000000000
60.000000000000,6.329607772094,50.251099564350
60.000000000000,60.000000000000,60.000000000000
