x,y,z
13.151294106857,52.736786936851,57.755954693938
29.906576482997,30.644492243651,60.000000000000
60.000000000000,60.000000000000,60.000000000000
31.640075199847,14.764690981050,48.598531933016
43.036557893212,32.614103281970,34.628723373145
60.000000000000,60.000000000000,60.000000000000
8.920874247327,21.469748207781,11.673850565221
11.596873456564,13.406935134849,30.546388618137
60.000000000000,60.000000000000,60.000000000000
39.071601347206,1.200642322417,9.326471869016
11.603631652621,45.037467639401,31.371721966099
60.000000000000,60.000000000000,60.000000000000
10.714726934337,39.527380100150,5.235315715365
2.100859725948,8.645733565373,14.060573112462
2.018867575551,54.390007502489,36.085993799187
60.000000000000,60.000000000000,0.000000000000
9.469092482355,8.244493635401,54.364410868822
60.000000000000,60.000000000000,60.000000000000
60.000000000000,60.000000000000,0.000000000000
9.968010827584,47.966697142138,50.583687031120
60.000000000000,60.000000000000,60.000000000000
60.000000000000,0.548673884135,60.000000000000
16.979214760914,29.185811507131,33.191085220750
46.949370837006,29.104472030849,20.418691074257
5.085368864769,33.582710079184,51.182802616792
60.000000000000,60.000000000000,60.000000000000
60.000000000000,60.000000000000,60.000000000000
60.000000000000,60.000000000000,0.000000000000
1.400244940873,56.332319098571,36.887771904764
54.622019136950,49.589748776620,40.243379570784
0.456640466546,48.469176541778,56.304636635263
60.000000000000,60.000000000000,60.000000000000
2.579706808695,5.013998778533,2.114232499555
16.987008484129,52.063301304059,52.234073177182
60.000000000000,60.000000000000,60.000000000000
60.000000000000,60.000000000000,0.000000000000
60.000000000000,60.000000000000,60.000000000000
3.284509337259,11.074261771033,37.704879047438
6.152200084357,8.171285457872,38.744121478656
60.000000000000,60.000000000000,60.000000000000
34.254159104391,3.757944249361,48.399499281014
60.000000000000,60.000000000000,0.000000000000
2.691499427791,60.000000000000,9.596141535125
4.549407487579,53.560184338022,12.083803816620
38.219683884795,35.790916741384,50.239699446632
14.316460195252,51.386488851228,53.037957931088
51.582641018954,42.238878755215,6.811871919004
23.446429063844,56.216666638108,28.916951819264
36.659780789674,26.141900936575,14.288011337852
60.000000000000,60.000000000000,60.000000000000
1.099054019596,30.922358379601,49.896261906300
60.000000000000,60.000000000000,60.000000000000
0.297922583872,9.642196277932,45.349637360642
18.405817294722,15.099976440875,57.891482166274
41.378736241668,23.489756572160,32.370790674080
60.000000000000,60.000000000000,60.000000000000
60.000000000000,60.000000000000,60.000000000000
0.000000000000,60.000000000000,60.000000000000
60.000000000000,60.000000000000,0.000000000000
31.053452370209,5.758996790281,19.044303975550
60.000000000000,60.000000000000,60.000000000000
60.000000000000,60.000000000000,60.000000000000
60.000000000000,60.000000000000,60.000000000000
23.115898255458,39.643908878029,39.248610692300
18.107510680210,48.934999022169,10.615986126965
0.000000000000,60.000000000000,60.000000000000
60.000000000000,60.000000000000,60.000000000000
36.320673005569,59.689348709401,40.200068088098
6.784747398724,14.644214126092,60.000000000000
60.000000000000,60.000000000000,60.000000000000
60.000000000000,60.000000000000,60.000000000000
60.000000000000,60.000000000000,60.000000000000
60.000000000000,60.000000000000,60.000000000000
60.000000000000,60.000000000000,0.000000000000
56.994953370005,29.789823402618,29.679200277423
60.000000000000,60.000000000000,60.000000000000
60.000000000000,60.000000000000,60.000000000000
60.000000000000,60.000000000000,60.000000000000
60.000000000000,60.000000000000,60.000000000000
60.000000000000,60.000000000000,0.000000000000
60.000000000000,60.000000000000,60.000000000000
31.080730972040,51.602515569745,8.288519645449
11.893930539203,38.255768669030,8.917045296594
26.841197162241,26.052325503659,14.590004476314
41.627647684228,54.173099385682,17.245799101365
60.000000000000,60.000000000000,60.000000000000
17.554921724992,16.821698905074,25.115765024197
60.000000000000,60.000000000000,60.000000000000
45.795300362701,3.812150297022,39.532578753534
60.000000000000,60.000000000000,60.000000000000
60.000000000000,60.000000000000,60.000000000000
60.000000000000,60.000000000000,60.000000000000
60.000000000000,60.000000000000,0.000000000000
19.623765847932,16.662176644851,31.799370579852
4.308457628724,16.515372617910,16.140842432427
60.000000000000,60.000000000000,0.000000000000
23.183126421804,27.212723894233,55.301302994259
2.185613330983,14.566103531851,31.595077114968
7.927819007202,55.822084478282,37.099256690944
60.000000000000,60.000000000000,60.000000000000
6.694207416079,55.474386524472,35.694477062470
60.000000000000,60.000000000000,60.000000000000
60.000000000000,60.000000000000,60.000000000000
60.000000000000,60.000000000000,60.000000000000
60.000000000000,60.000000000000,60.000000000000
60.000000000000,60.000000000000,60.000000000000
60.000000000000,60.000000000000,60.000000000000
14.694911169764,25.521199684144,8.104154614732
23.322963105568,26.875429869127,4.180845186270
60.000000000000,60.000000000000,60.000000000000
60.000000000000,60.000000000000,60.000000000000
60.000000000000,60.000000000000,60.000000000000
60.000000000000,60.000000000000,60.000000000000
2.778865908296,12.025717303816,52.039035202421
60.000000000000,60.000000000000,60.000000000000
60.000000000000,60.000000000000,0.000000000000
60.000000000000,60.000000000000,0.000000000000
60.000000000000,60.000000000000,60.000000000000
39.590107327621,21.042022340655,17.794189150652
4.169133102891,39.203872601786,10.800099072049
60.000000000000,60.000000000000,0.000000000000
60.000000000000,60.000000000000,60.000000000000
11.621945673001,11.578275542584,44.579605400487
11.377329315152,32.409641302948,28.882158900206
60.000000000000,60.000000000000,60.000000000000
60.000000000000,60.000000000000,60.000000000000
27.997447671804,27.922228818799,7.049863268645
21.597234690510,60.000000000000,30.254360156981
24.413801421908,17.666540072789,55.723080028815
60.000000000000,60.000000000000,60.000000000000
60.000000000000,60.000000000000,60.000000000000
12.040542612171,22.751586069302,30.685321937688
48.258645173879,60.000000000000,5.855938902452
50.220992792584,47.844267106735,17.086734441448
44.110512328366,6.322226357992,60.000000000000
60.000000000000,60.000000000000,60.000000000000
60.000000000000,60.000000000000,60.000000000000
0.000000000000,60.000000000000,27.032441598062
8.267143098074,57.084746686097,32.770746550697
60.000000000000,60.000000000000,0.000000000000
24.781398470506,60.000000000000,15.742571756067
60.000000000000,60.000000000000,60.000000000000
60.000000000000,60.000000000000,60.000000000000
29.391164127287,18.995403838414,23.960867511258
60.000000000000,60.000000000000,60.000000000000
25.606760540859,13.025386595044,52.838653819716
35.060425587260,0.973245693194,43.035511039047
6.013135096957,60.000000000000,60.000000000000
60.000000000000,22.955972697987,3.261805008111
60.000000000000,60.000000000000,60.000000000000
34.134055947990,53.825891724892,18.085448801214
60.000000000000,60.000000000000,60.000000000000
39.586075642205,33.602865972255,45.089971321598
16.668588326148,14.407063828006,13.563767635923
60.000000000000,60.000000000000,60.000000000000
60.000000000000,60.000000000000,60.000000000000
36.343416257671,60.000000000000,55.548152982067
60.000000000000,60.000000000000,0.000000000000
23.667745328768,7.804608926304,35.716233217826
60.000000000000,60.000000000000,0.000000000000
34.662603078729,2.184559308382,52.981540105434
60.000000000000,60.000000000000,0.000000000000
0.000000000000,60.000000000000,60.000000000000
60.000000000000,60.000000000000,60.000000000000
60.000000000000,60.000000000000,60.000000000000
60.000000000000,60.000000000000,0.000000000000
60.000000000000,60.000000000000,60.000000000000
60.000000000000,60.000000000000,60.000000000000
46.044346833441,59.462697469787,59.332204666912
60.000000000000,60.000000000000,60.000000000000
60.000000000000,60.000000000000,0.000000000000
25.135260674096,27.938237705018,29.435940252360
60.000000000000,60.000000000000,60.000000000000
13.223883562085,27.442402514385,22.643627171173
3.286964056886,29.941509985475,15.748441729603
60.000000000000,60.000000000000,0.000000000000
60.000000000000,60.000000000000,60.000000000000
12.940417530940,60.000000000000,44.997982149891
30.968288786047,44.290401819477,55.675066865442
11.090513230161,41.196862197436,54.311765196772
60.000000000000,60.000000000000,60.000000000000
60.000000000000,60.000000000000,60.000000000000
60.000000000000,60.000000000000,60.000000000000
60.000000000000,60.000000000000,60.000000000000
60.000000000000,60.000000000000,60.000000000000
60.000000000000,60.000000000000,26.252785760363
60.000000000000,60.000000000000,60.000000000000
60.000000000000,60.000000000000,0.000000000000
60.000000000000,60.000000000000,60.000000000000
60.000000000000,60.000000000000,60.000000000000
60.000000000000,60.000000000000,60.000000000000
60.000000000000,60.000000000000,60.000000000000
33.147375733461,46.509700115522,32.179406184724
7.797271232302,20.667182028539,36.135095297921
52.168011594436,9.861596153273,38.149931208299
6.020443162852,25.577625839494,45.869049446226
2.403416295711,3.497793537753,19.560266000301
60.000000000000,60.000000000000,60.000000000000
60.000000000000,60.000000000000,60.000000000000
60.000000000000,60.000000000000,60.000000000000
60.000000000000,60.000000000000,60.000000000000
0.000000000000,60.000000000000,60.000000000000
60.000000000000,60.000000000000,60.000000000000
60.000000000000,60.000000000000,0.000000000000
20.378075808773,4.936936231163,11.159332099260
60.000000000000,60.000000000000,60.000000000000
60.000000000000,60.000000000000,60.000000000000
14.486975389395,49.969762967817,15.789902714787
12.496351381676,6.800274311191,12.922176354054
30.929104364154,13.312743496991,17.238246419410
15.750619525147,51.517125182396,42.410895445298
60.000000000000,60.000000000000,60.000000000000
46.676754966376,40.247543213454,49.657878407102
60.000000000000,60.000000000000,60.000000000000
39.984012388501,39.296024918525,41.311456906168
60.000000000000,60.000000000000,60.000000000000
6.038578123811,32.605244820689,55.960349080013
60.000000000000,60.000000000000,60.000000000000
10.350430060182,18.643969247622,16.268019567798
60.000000000000,60.000000000000,60.000000000000
60.000000000000,60.000000000000,0.000000000000
1.823911342374,57.063324996697,11.182910052659
7.540921225095,32.923441413639,39.776203597359
60.000000000000,60.000000000000,60.000000000000
60.000000000000,60.000000000000,60.000000000000
5.766204530134,33.287448652213,39.187140459356
60.000000000000,60.000000000000,60.000000000000
60.000000000000,60.000000000000,60.000000000000
60.000000000000,60.000000000000,60.000000000000
11.437853021185,13.124692206254,49.119505225545
60.000000000000,60.000000000000,60.000000000000
60.000000000000,60.000000000000,60.000000000000
17.134872049954,60.000000000000,25.766676680380
60.000000000000,60.000000000000,60.000000000000
60.000000000000,60.000000000000,60.000000000000
60.000000000000,60.000000000000,60.000000000000
27.279854507423,40.224990255417,25.072079394660
60.000000000000,60.000000000000,60.000000000000
29.360161434677,18.468065358907,22.706527142713
60.000000000000,60.000000000000,60.000000000000
60.000000000000,60.000000000000,60.000000000000
1.036648483596,21.120178288223,22.779864409661
12.802251345167,56.293066872674,20.609766846435
60.000000000000,60.000000000000,60.000000000000
7.533960021673,57.066196266117,16.926948574521
5.196904955081,11.066104469910,25.781592164402
60.000000000000,60.000000000000,60.000000000000
60.000000000000,60.000000000000,0.000000000000
10.352474593728,0.819343274504,7.794620229922
14.928047235906,45.462552878597,42.154699268446
60.000000000000,60.000000000000,60.000000000000
1.412616759144,42.791862598040,18.171044068593
22.426591645834,45.732938501449,18.482375471981
60.000000000000,60.000000000000,60.000000000000
50.041255489356,54.349741819496,2.179712802290
60.000000000000,60.000000000000,60.000000000000
5.232128837516,45.368643139584,21.955718319249
21.440416436003,21.716823147039,33.077835146572
22.803404059107,5.488715932364,39.415596322085
60.000000000000,60.000000000000,60.000000000000
60.000000000000,60.000000000000,60.000000000000
60.000000000000,60.000000000000,0.000000000000
60.000000000000,60.000000000000,60.000000000000
60.000000000000,60.000000000000,60.000000000000
60.000000000000,60.000000000000,60.000000000000
60.000000000000,60.000000000000,60.000000000000
15.614931150538,30.404693578048,7.192165900484
60.000000000000,60.000000000000,60.000000000000
60.000000000000,60.000000000000,60.000000000000
60.000000000000,60.000000000000,60.000000000000
60.000000000000,60.000000000000,0.000000000000
26.701234405864,3.310794911739,1.538892845968
60.000000000000,60.000000000000,0.000000000000
11.893474128232,32.179493160614,34.820545992235
44.457914859208,16.084486715824,56.883199004636
60.000000000000,60.000000000000,60.000000000000
28.398308259164,57.662490003460,6.431824170055
22.494605607084,35.448629598730,16.817720563922
49.762429692171,43.263228847028,46.009385064734
60.000000000000,60.000000000000,60.000000000000
60.000000000000,60.000000000000,60.000000000000
10.284256791031,44.300715092007,28.430730718717
60.000000000000,60.000000000000,60.000000000000
48.488977401627,23.277892980011,38.579741407073
0.000000000000,60.000000000000,60.000000000000
60.000000000000,60.000000000000,60.000000000000
20.487494428929,25.318544935238,42.565389741041
33.241951228058,12.255228392987,38.683207983804
60.000000000000,60.000000000000,0.000000000000
60.000000000000,60.000000000000,60.000000000000
60.000000000000,60.000000000000,60.000000000000
60.000000000000,60.000000000000,0.000000000000
60.000000000000,60.000000000000,60.000000000000
60.000000000000,60.000000000000,0.000000000000
60.000000000000,60.000000000000,60.000000000000
60.000000000000,60.000000000000,60.000000000000
60.000000000000,16.666586176279,60.000000000000
60.000000000000,60.000000000000,0.000000000000
43.402135530306,28.833047266868,12.069644985718
60.000000000000,60.000000000000,60.000000000000
11.776900002680,56.872946727121,5.752596951206
22.569017672031,3.162886820497,23.557587479201
60.000000000000,60.000000000000,60.000000000000
57.586422671490,33.982763895914,51.506679777861
60.000000000000,60.000000000000,60.000000000000
13.460130533272,22.228463239715,22.385860984480
60.000000000000,60.000000000000,60.000000000000
60.000000000000,60.000000000000,60.000000000000
60.000000000000,60.000000000000,60.000000000000
60.000000000000,60.000000000000,60.000000000000
60.000000000000,60.000000000000,60.000000000000
54.747460732351,5.037543701504,57.524466299842
60.000000000000,60.000000000000,60.000000000000
60.000000000000,60.000000000000,0.000000000000
60.000000000000,60.000000000000,60.000000000000
31.040161407015,52.169226029794,40.327059166286
60.000000000000,60.000000000000,60.000000000000
60.000000000000,60.000000000000,60.000000000000
60.000000000000,60.000000000000,0.000000000000
60.000000000000,60.000000000000,0.000000000000
59.684306817989,35.184438385062,20.501147770647
36.072587163875,41.868700136477,16.164909698673
60.000000000000,60.000000000000,0.000000000000
60.000000000000,60.000000000000,0.000000000000
23.326460129181,5.589888976444,21.343795061275
60.000000000000,60.000000000000,60.000000000000
33.123996953110,18.278630789556,11.105230012042
60.000000000000,60.000000000000,0.000000000000
60.000000000000,60.000000000000,60.000000000000
60.000000000000,60.000000000000,0.000000000000
36.314938773052,9.276759990500,52.501664394712
33.882267771811,33.715357021918,42.344847666714
60.000000000000,60.000000000000,60.000000000000
60.000000000000,60.000000000000,0.000000000000
29.431874689803,15.931963250544,25.286253765502
60.000000000000,60.000000000000,60.000000000000
14.306414672597,1.632072457020,39.082229112361
60.000000000000,60.000000000000,60.000000000000
10.892072829597,46.482122611896,46.214812825534
60.000000000000,60.000000000000,60.000000000000
60.000000000000,60.000000000000,60.000000000000
60.000000000000,60.000000000000,60.000000000000
60.000000000000,60.000000000000,60.000000000000
60.000000000000,60.000000000000,60.000000000000
45.576176502706,6.387765548149,58.125787611505
60.000000000000,60.000000000000,0.000000000000
60.000000000000,60.000000000000,60.000000000000
60.000000000000,60.000000000000,0.000000000000
19.656809478444,37.309709878630,1.659559880652
60.000000000000,60.000000000000,0.000000000000
60.000000000000,60.000000000000,60.000000000000
60.000000000000,60.000000000000,0.000000000000
60.000000000000,60.000000000000,60.000000000000
4.649770012601,13.572734839143,54.872329424548
3.097013453821,60.000000000000,60.000000000000
60.000000000000,60.000000000000,60.000000000000
60.000000000000,60.000000000000,60.000000000000
60.000000000000,60.000000000000,60.000000000000
60.000000000000,60.000000000000,60.000000000000
2.128396420911,14.095929901368,48.325831791076
60.000000000000,60.000000000000,60.000000000000
60.000000000000,60.000000000000,60.000000000000
60.000000000000,60.000000000000,60.000000000000
2.539095864077,41.038051865518,19.568946251285
60.000000000000,60.000000000000,60.000000000000
60.000000000000,60.000000000000,60.000000000000
28.636628506855,32.613288166884,14.017852703656
60.000000000000,60.000000000000,60.000000000000
16.055584585879,22.262626534521,8.783961137403
6.109980928386,58.397894107272,57.529191306834
6.819827010663,3.309078849790,22.139988752853
30.219788127777,54.372795776504,36.989711623974
60.000000000000,60.000000000000,60.000000000000
60.000000000000,60.000000000000,60.000000000000
60.000000000000,60.000000000000,45.967970010305
60.000000000000,60.000000000000,60.000000000000
60.000000000000,60.000000000000,60.000000000000
60.000000000000,60.000000000000,36.644835173324
34.194618909337,55.563279471634,0.369809106108
60.000000000000,60.000000000000,60.000000000000
60.000000000000,60.000000000000,60.000000000000
19.723052212104,17.666380912701,16.362665787811
34.585094050074,21.547271228104,33.671499510281
60.000000000000,60.000000000000,60.000000000000
60.000000000000,60.000000000000,60.000000000000
60.000000000000,60.000000000000,60.000000000000
60.000000000000,60.000000000000,60.000000000000
60.000000000000,60.000000000000,60.000000000000
12.009553131023,5.467598020200,32.897544056956
0.000000000000,56.237963878805,60.000000000000
60.000000000000,60.000000000000,60.000000000000
60.000000000000,60.000000000000,0.000000000000
48.199294273978,58.634177690711,11.764035842589
9.049394196959,21.725454023942,25.303047163777
60.000000000000,60.000000000000,60.000000000000
20.178274941427,28.563738168868,21.615126203751
60.000000000000,60.000000000000,60.000000000000
21.456807892243,10.143736944379,44.286847104789
60.000000000000,60.000000000000,60.000000000000
60.000000000000,0.000000000000,60.000000000000
60.000000000000,60.000000000000,60.000000000000
36.421636439835,17.254170879207,17.200811887069
60.000000000000,60.000000000000,60.000000000000
18.575438672853,7.765172343139,51.955572680343
21.694251179530,11.253657242916,38.273950394457
6.413815637756,41.299140763186,26.285575597717
19.696690439378,54.871450339656,38.185032552328
60.000000000000,60.000000000000,60.000000000000
60.000000000000,60.000000000000,60.000000000000
60.000000000000,60.000000000000,60.000000000000
60.000000000000,60.000000000000,60.000000000000
9.655540735729,39.281503131459,37.986533388364
3.627166975417,16.942807577808,42.769384251803
0.000000000000,0.000000000000,0.000000000000
8.739379898111,34.588360166638,3.930497086821
60.000000000000,60.000000000000,60.000000000000
42.352681880025,13.663763854953,2.732506286825
15.024544092583,41.054062375994,44.556636241329
18.047671467755,10.542162839537,27.057845137680
60.000000000000,60.000000000000,42.823013170843
50.960988303468,47.462164315941,25.330072967779
60.000000000000,60.000000000000,60.000000000000
17.500858289285,24.369492170408,53.821123738334
12.025448467427,6.213125630008,35.945593209800
14.038842249563,14.365735984519,47.562452159507
60.000000000000,60.000000000000,0.000000000000
60.000000000000,60.000000000000,60.000000000000
18.514256593624,44.035091948541,45.106207943734
60.000000000000,60.000000000000,60.000000000000
60.000000000000,60.000000000000,15.626220819157
29.074786935089,23.130614892952,38.020053982240
0.912722682338,38.199600391190,16.167218130725
60.000000000000,60.000000000000,60.000000000000
48.945227531844,17.692028975259,35.349581337026
60.000000000000,60.000000000000,60.000000000000
60.000000000000,60.000000000000,0.000000000000
60.000000000000,53.696018878796,60.000000000000
60.000000000000,60.000000000000,0.000000000000
60.000000000000,60.000000000000,60.000000000000
27.745982478603,37.318557852603,26.532133317666
0.000000000000,11.758394165433,60.000000000000
60.000000000000,60.000000000000,60.000000000000
60.000000000000,60.000000000000,60.000000000000
60.000000000000,60.000000000000,60.000000000000
24.087620992298,40.337223784307,34.932233702150
60.000000000000,60.000000000000,60.000000000000
15.894495106342,43.799306483201,9.364993282770
0.000000000000,0.000000000000,0.000000000000
60.000000000000,60.000000000000,60.000000000000
60.000000000000,60.000000000000,60.000000000000
60.000000000000,60.000000000000,60.000000000000
48.028650512587,48.339363104177,21.223433763880
12.476941279946,34.074478476252,59.395783239865
17.887230080636,51.969761480468,51.189613403735
60.000000000000,60.000000000000,60.000000000000
30.070716852104,43.555754926548,45.599879964682
60.000000000000,60.000000000000,60.000000000000
10.960049886703,23.007263305134,46.971494061371
24.843525923301,21.639729397111,45.825453442712
60.000000000000,60.000000000000,60.000000000000
13.818837424352,34.810978683007,50.564048164309
60.000000000000,60.000000000000,60.000000000000
30.657578168455,25.958396221551,45.359055334487
60.000000000000,60.000000000000,60.000000000000
57.151634589257,14.539856935823,38.754234894446
10.085921375487,31.054678970698,57.420209854072
60.000000000000,60.000000000000,60.000000000000
8.613780874163,23.586088583176,29.773711575072
0.000000000000,4.850382387568,1.996076388898
60.000000000000,60.000000000000,0.000000000000
60.000000000000,60.000000000000,60.000000000000
60.000000000000,60.000000000000,60.000000000000
60.000000000000,60.000000000000,60.000000000000
47.143208070753,23.157942079176,34.312942280098
60.000000000000,60.000000000000,60.000000000000
11.984818417942,18.630694822054,25.660225112808
60.000000000000,60.000000000000,60.000000000000
60.000000000000,60.000000000000,60.000000000000
54.493683952002,45.576770215796,46.134219994784
14.430367921048,19.126472653902,21.350528384080
60.000000000000,60.000000000000,60.000000000000
8.414568181528,50.562879016344,60.000000000000
59.037524646655,0.598891557935,50.918412580461
20.866283991298,40.411289811204,0.398376287665
60.000000000000,60.000000000000,60.000000000000
60.000000000000,60.000000000000,60.000000000000
32.482278305099,31.360228056166,59.360871931372
60.000000000000,60.000000000000,0.000000000000
60.000000000000,2.509012066812,31.584729338626
0.000000000000,0.309366629880,60.000000000000
32.988820057257,4.936225654751,19.934141352771
30.440865182144,20.344258431699,15.230669385013
60.000000000000,60.000000000000,0.000000000000
60.000000000000,60.000000000000,60.000000000000
58.142577282467,6.344101616525,46.833086675362
18.690173289048,33.486349049354,45.777928083368
60.000000000000,60.000000000000,0.000000000000
20.846520519679,22.200833151585,25.133760317106
60.000000000000,60.000000000000,60.000000000000
60.000000000000,60.000000000000,60.000000000000
24.689455492007,31.804619353413,51.729857465692
60.000000000000,60.000000000000,60.000000000000
60.000000000000,60.000000000000,0.000000000000
60.000000000000,60.000000000000,60.000000000000
60.000000000000,60.000000000000,60.000000000000
60.000000000000,60.000000000000,60.000000000000
20.079372236660,52.471085345477,28.843650183387
60.000000000000,60.000000000000,0.000000000000
60.000000000000,60.000000000000,60.000000000000
60.000000000000,60.000000000000,0.000000000000
60.000000000000,60.000000000000,60.000000000000
60.000000000000,57.599600836054,12.204011860162
7.005825347635,42.896596451070,0.000000000000
18.801807927435,34.983501441174,31.341518485287
16.588638672565,45.984483563116,58.217983255071
60.000000000000,60.000000000000,60.000000000000
21.170015594850,57.005661457435,10.862618933696
60.000000000000,60.000000000000,60.000000000000
26.346173681183,2.011780627491,33.390908191000
60.000000000000,60.000000000000,60.000000000000
0.000000000000,60.000000000000,60.000000000000
60.000000000000,60.000000000000,60.000000000000
28.293877759997,35.796704292415,21.515157080926
60.000000000000,60.000000000000,60.000000000000
54.409460358639,47.543787653491,11.271902571329
53.662923657992,28.766229272281,59.260237204174
60.000000000000,60.000000000000,60.000000000000
18.122412319188,58.656021086491,21.701249286022
60.000000000000,60.000000000000,60.000000000000
24.642323019002,39.605626820018,30.323120762366
60.000000000000,60.000000000000,60.000000000000
60.000000000000,60.000000000000,60.000000000000
43.185970471975,4.192525032665,25.400031465945
60.000000000000,60.000000000000,60.000000000000
60.000000000000,60.000000000000,60.000000000000
60.000000000000,60.000000000000,60.000000000000
60.000000000000,60.000000000000,60.000000000000
60.000000000000,60.000000000000,60.000000000000
45.997434020978,31.836131757392,47.388044872438
26.285253738794,38.221727634115,38.069146184296
18.517848603056,59.662945840382,30.219539474799
60.000000000000,34.297155293835,0.000000000000
60.000000000000,60.000000000000,0.000000000000
31.279761242893,52.866095000671,5.099862891316
60.000000000000,60.000000000000,60.000000000000
60.000000000000,60.000000000000,60.000000000000
54.422199345641,12.530367604826,40.641316252191
60.000000000000,60.000000000000,60.000000000000
23.166074065554,4.277059055595,28.148898530486
60.000000000000,60.000000000000,60.000000000000
8.300286483842,47.404521711678,48.432710685934
60.000000000000,60.000000000000,60.000000000000
16.592293774857,16.165741171557,52.710723590448
60.000000000000,60.000000000000,60.000000000000
60.000000000000,60.000000000000,60.000000000000
60.000000000000,60.000000000000,60.000000000000
60.000000000000,60.000000000000,60.000000000000
17.104197386166,22.845385570322,4.747608425415
60.000000000000,60.000000000000,60.000000000000
2.479498069934,11.294119301408,58.664259123586
60.000000000000,60.000000000000,60.000000000000
51.570333402825,26.332367047499,53.021280325369
48.440296523872,0.275797147937,27.660639480868
60.000000000000,60.000000000000,0.000000000000
60.000000000000,60.000000000000,60.000000000000
60.000000000000,60.000000000000,0.000000000000
21.879399314422,16.847130814080,37.325739833539
60.000000000000,60.000000000000,60.000000000000
22.293781962715,0.123920834172,31.269720496180
60.000000000000,60.000000000000,0.000000000000
21.816815955131,0.684751136641,13.917892236361
60.000000000000,60.000000000000,60.000000000000
60.000000000000,60.000000000000,60.000000000000
12.533429091723,6.380003117482,56.323192289066
21.428568016508,12.178599199281,18.525170467303
44.425205379994,4.706265262746,4.611012545714
36.626873757212,20.482354428970,37.374273724557
60.000000000000,60.000000000000,60.000000000000
21.282694420669,32.954871883380,8.691641671473
39.659963881764,57.867772197116,24.177361687079
60.000000000000,60.000000000000,60.000000000000
60.000000000000,60.000000000000,60.000000000000
60.000000000000,60.000000000000,60.000000000000
60.000000000000,60.000000000000,60.000000000000
7.738551561277,36.895452427859,31.642433316446
16.249256085791,9.912317343245,60.000000000000
8.805421280836,27.058693567647,19.966335069428
24.191638015005,58.907115037436,49.466070588377
60.000000000000,60.000000000000,60.000000000000
60.000000000000,60.000000000000,0.000000000000
55.326919803247,8.170761287820,57.162611104046
60.000000000000,60.000000000000,0.000000000000
60.000000000000,60.000000000000,60.000000000000
26.383845085182,26.960968210378,20.202644485413
25.858768137786,42.058336709598,32.357670679556
60.000000000000,60.000000000000,60.000000000000
60.000000000000,60.000000000000,60.000000000000
60.000000000000,60.000000000000,60.000000000000
60.000000000000,60.000000000000,60.000000000000
60.000000000000,60.000000000000,60.000000000000
60.000000000000,60.000000000000,0.000000000000
60.000000000000,60.000000000000,60.000000000000
6.491604984251,40.193354642903,49.920796637353
60.000000000000,60.000000000000,0.000000000000
54.546568537592,36.767448488271,60.000000000000
60.000000000000,60.000000000000,60.000000000000
24.342203533590,16.118345873624,19.474895327100
60.000000000000,60.000000000000,0.000000000000
60.000000000000,60.000000000000,60.000000000000
55.673542591999,38.159886214751,26.401554617061
60.000000000000,60.000000000000,60.000000000000
27.923643470851,32.194081991013,41.485185747803
60.000000000000,60.000000000000,60.000000000000
60.000000000000,60.000000000000,60.000000000000
60.000000000000,60.000000000000,60.000000000000
60.000000000000,60.000000000000,60.000000000000
60.000000000000,60.000000000000,60.000000000000
60.000000000000,60.000000000000,60.000000000000
60.000000000000,60.000000000000,60.000000000000
52.463440634230,4.913579449559,38.483458989222
39.959376098002,55.240965338362,34.644507587509
3.313906396685,2.510985305365,0.111311402056
60.000000000000,60.000000000000,60.000000000000
60.000000000000,60.000000000000,60.000000000000
60.000000000000,60.000000000000,60.000000000000
60.000000000000,60.000000000000,60.000000000000
60.000000000000,60.000000000000,60.000000000000
50.703719309955,60.000000000000,60.000000000000
60.000000000000,60.000000000000,60.000000000000
60.000000000000,60.000000000000,60.000000000000
3.346584339757,45.216404236586,20.798645938994
29.647482411927,43.826471179365,36.270914289501
9.386112297866,4.018090086729,43.319296652590
60.000000000000,60.000000000000,60.000000000000
51.480391298020,9.699647166722,3.708725096161
60.000000000000,60.000000000000,60.000000000000
60.000000000000,60.000000000000,60.000000000000
60.000000000000,60.000000000000,0.000000000000
33.550585418266,22.470392074774,43.208886634767
60.000000000000,60.000000000000,60.000000000000
36.289322571993,23.871221555432,7.864195378909
60.000000000000,60.000000000000,60.000000000000
60.000000000000,60.000000000000,60.000000000000
60.000000000000,60.000000000000,60.000000000000
60.000000000000,60.000000000000,60.000000000000
23.576492265038,30.271304102207,25.778671503534
60.000000000000,60.000000000000,60.000000000000
24.323591565308,6.018969760702,31.522844874891
18.904405900829,22.000181920798,45.481225948398
60.000000000000,60.000000000000,60.000000000000
60.000000000000,60.000000000000,60.000000000000
7.690029499826,18.599201831250,24.344351869633
60.000000000000,60.000000000000,60.000000000000
0.292560560532,48.717939654569,26.883470881666
60.000000000000,60.000000000000,60.000000000000
60.000000000000,60.000000000000,60.000000000000
60.000000000000,60.000000000000,60.000000000000
60.000000000000,60.000000000000,60.000000000000
60.000000000000,60.000000000000,60.000000000000
60.000000000000,60.000000000000,60.000000000000
32.883348841122,3.785563153193,0.274645138582
5.452584714575,31.234768417318,13.203689112695
24.113647760995,13.080764548772,12.618329629654
60.000000000000,56.212022214556,29.075079543155
58.051288252813,55.461049663173,14.393751213820
57.247823867624,58.220854884939,4.237442586099
25.737119394288,6.409739427112,13.745002613235
60.000000000000,60.000000000000,0.000000000000
5.351936832674,33.999636067017,14.850791088417
60.000000000000,60.000000000000,60.000000000000
13.949590354628,1.988892359634,31.951712435582
4.021860084577,8.042881692569,35.222117372583
10.571628593696,54.217304294428,45.881511012934
60.000000000000,60.000000000000,60.000000000000
60.000000000000,60.000000000000,60.000000000000
60.000000000000,60.000000000000,60.000000000000
24.269604981657,9.845633944573,34.752790006512
60.000000000000,60.000000000000,60.000000000000
15.549113920151,11.814182047453,8.813941551175
56.115360302494,55.617315602426,35.816045476061
60.000000000000,60.000000000000,60.000000000000
60.000000000000,60.000000000000,60.000000000000
60.000000000000,60.000000000000,60.000000000000
60.000000000000,8.682087887310,31.823267542680
1.279520981205,18.228381005946,24.008030196327
13.780919824908,39.347312546554,24.324124950884
46.956906748435,60.000000000000,9.169519361431
60.000000000000,60.000000000000,60.000000000000
60.000000000000,60.000000000000,60.000000000000
60.000000000000,60.000000000000,60.000000000000
60.000000000000,60.000000000000,60.000000000000
60.000000000000,60.000000000000,60.000000000000
35.422764619651,4.401416801980,5.919882632588
15.085084804857,60.000000000000,49.044122119195
1.284561967687,43.324612524649,1.633032135517
60.000000000000,60.000000000000,60.000000000000
60.000000000000,60.000000000000,60.000000000000
60.000000000000,60.000000000000,60.000000000000
27.862540486733,16.726292850285,51.217369238517
60.000000000000,60.000000000000,60.000000000000
27.760012547143,59.117467594407,44.897083843040
60.000000000000,60.000000000000,0.000000000000
60.000000000000,60.000000000000,60.000000000000
30.615134493512,45.810792187333,32.185502719826
60.000000000000,60.000000000000,60.000000000000
60.000000000000,52.321371395404,43.403901343349
54.361412257378,15.662982589982,53.339444663346
39.819720778197,19.388792715238,27.635753831808
3.166590234345,23.282579902869,11.262963322206
47.939108609062,43.366060635001,57.457560010782
31.313423071654,29.728263618228,31.393665596090
55.737475575171,47.995303868893,15.697728128895
60.000000000000,60.000000000000,60.000000000000
60.000000000000,60.000000000000,60.000000000000
20.507525713642,58.386410546125,30.709718622791
60.000000000000,60.000000000000,60.000000000000
32.983564245111,16.792653359690,18.904684969420
39.831345173116,29.167120796625,2.508602721935
60.000000000000,60.000000000000,60.000000000000
60.000000000000,60.000000000000,60.000000000000
31.062785885150,10.301324597936,57.602417077422
60.000000000000,60.000000000000,60.000000000000
60.000000000000,60.000000000000,60.000000000000
60.000000000000,60.000000000000,60.000000000000
25.249822366912,60.000000000000,42.033821221665
60.000000000000,60.000000000000,60.000000000000
60.000000000000,60.000000000000,60.000000000000
60.000000000000,60.000000000000,60.000000000000
22.386569280602,52.419509792629,13.475563361047
60.000000000000,60.000000000000,60.000000000000
60.000000000000,60.000000000000,60.000000000000
60.000000000000,60.000000000000,60.000000000000
60.000000000000,60.000000000000,60.000000000000
2.855446637594,40.492468722108,13.698007678635
60.000000000000,60.000000000000,60.000000000000
60.000000000000,60.000000000000,60.000000000000
47.921532407935,5.050684161577,35.950390857524
35.176364095212,35.942803930950,29.223899953855
60.000000000000,60.000000000000,60.000000000000
60.000000000000,60.000000000000,60.000000000000
60.000000000000,60.000000000000,60.000000000000
60.000000000000,60.000000000000,60.000000000000
60.000000000000,60.000000000000,60.000000000000
34.859712787718,6.436397057646,21.989571049904
56.394362569600,48.527937753308,18.545138801569
60.000000000000,60.000000000000,60.000000000000
60.000000000000,60.000000000000,60.000000000000
39.741917139314,56.967750019476,40.787984501360
30.131604249299,55.823727608513,57.915748253639
40.623522234425,60.000000000000,45.574004200022
21.035725106567,22.455102329915,47.369908778301
60.000000000000,60.000000000000,60.000000000000
60.000000000000,60.000000000000,60.000000000000
33.295524063679,25.464302481361,30.698388786706
57.306091581757,28.580859570097,1.806490654109
60.000000000000,60.000000000000,60.000000000000
56.000000000000,56.191672336742,60.000000000000
60.000000000000,60.000000000000,60.000000000000
43.801673921836,1.790668507505,9.927746401163
60.000000000000,60.000000000000,60.000000000000
60.000000000000,60.000000000000,60.000000000000
60.000000000000,60.000000000000,60.000000000000
60.000000000000,60.000000000000,60.000000000000
43.364909369046,48.912283919742,8.754379797574
60.000000000000,60.000000000000,60.000000000000
21.586433468156,52.783539472971,41.828970844296
14.813200216214,5.971734361798,18.052090584614
60.000000000000,60.000000000000,60.000000000000
60.000000000000,60.000000000000,60.000000000000
26.180964389750,1.353733635804,23.889755476999
60.000000000000,60.000000000000,60.000000000000
60.000000000000,60.000000000000,60.000000000000
32.725166705624,6.934008075352,39.215242321469
52.761215362421,25.595113403502,27.334629048664
27.954882625614,30.312318525241,42.809546287546
40.675672480389,38.973310826469,10.025976051064
14.989489646331,39.404995985101,38.504533196986
52.091616130745,4.700498048772,38.132989128402
60.000000000000,60.000000000000,60.000000000000
60.000000000000,60.000000000000,60.000000000000
60.000000000000,60.000000000000,60.000000000000
60.000000000000,60.000000000000,60.000000000000
60.000000000000,60.000000000000,60.000000000000
55.407857754437,12.795152641552,29.725400754427
15.796960983350,59.171462422324,56.223859627230
24.911411533472,9.549146803740,46.662880888928
60.000000000000,60.000000000000,60.000000000000
28.578266577131,21.140109640984,40.255787610259
0.000000000000,60.000000000000,60.000000000000
60.000000000000,60.000000000000,60.000000000000
23.278750780211,45.279160715411,52.007504092943
37.067216251156,28.419553839809,41.354946598611
56.647173342180,9.504641238072,39.624294472326
60.000000000000,60.000000000000,60.000000000000
12.269328934720,53.518883705611,20.801295166642
60.000000000000,60.000000000000,60.000000000000
7.999159785860,50.270169972631,30.756957025408
60.000000000000,60.000000000000,60.000000000000
60.000000000000,60.000000000000,60.000000000000
60.000000000000,60.000000000000,60.000000000000
60.000000000000,60.000000000000,60.000000000000
60.000000000000,60.000000000000,0.000000000000
25.301764129144,28.522196730950,46.535288726525
36.799897084591,17.433120241588,45.139295135239
60.000000000000,5.271481143411,13.297585318776
60.000000000000,60.000000000000,60.000000000000
60.000000000000,60.000000000000,60.000000000000
27.965899345346,30.220163200703,0.306060027331
60.000000000000,60.000000000000,60.000000000000
60.000000000000,60.000000000000,60.000000000000
32.581575783694,4.102809750289,30.590841989337
60.000000000000,60.000000000000,0.000000000000
60.000000000000,60.000000000000,60.000000000000
60.000000000000,60.000000000000,60.000000000000
60.000000000000,6.351682662041,28.099168668258
60.000000000000,60.000000000000,13.280999978321
60.000000000000,60.000000000000,60.000000000000
34.670982329911,10.300058488794,39.215845317294
57.501240706246,2.203067215871,57.567139696686
3.633739517347,1.233047575451,53.395248377382
60.000000000000,60.000000000000,60.000000000000
53.420163260466,50.424208243410,29.648582115828
60.000000000000,60.000000000000,60.000000000000
60.000000000000,60.000000000000,60.000000000000
60.000000000000,60.000000000000,60.000000000000
0.000000000000,0.000000000000,0.000000000000
35.866099505121,0.101896050254,14.877529765868
27.830754608965,60.000000000000,19.726272013232
38.394948845366,6.584296931267,52.615110625672
45.683974802853,56.729815124932,41.798476457231
52.609220649007,29.834584228036,11.152219144316
60.000000000000,60.000000000000,60.000000000000
53.528616583469,21.216513489225,60.000000000000
60.000000000000,60.000000000000,56.666877089125
60.000000000000,60.000000000000,60.000000000000
22.642083144236,60.000000000000,60.000000000000
35.763508574354,25.814167544434,57.175241398393
40.632105053215,31.416175336439,47.168336528623
60.000000000000,60.000000000000,60.000000000000
60.000000000000,60.000000000000,60.000000000000
23.984645214250,40.617039006381,28.770784398381
30.174695487356,46.823109491932,50.064957103019
60.000000000000,60.000000000000,60.000000000000
29.156578176854,37.377809981606,42.027696440960
46.463212768658,14.336249772006,57.909483426387
60.000000000000,60.000000000000,60.000000000000
60.000000000000,60.000000000000,60.000000000000
60.000000000000,60.000000000000,60.000000000000
60.000000000000,60.000000000000,60.000000000000
60.000000000000,60.000000000000,60.000000000000
26.965006045011,47.460569401899,3.801553432840
26.106395750367,3.686961743789,41.347008727741
19.644965775725,44.736941890544,20.849708297345
60.000000000000,60.000000000000,60.000000000000
60.000000000000,60.000000000000,60.000000000000
60.000000000000,60.000000000000,60.000000000000
54.695310263003,33.927197593381,37.648597488966
60.000000000000,60.000000000000,60.000000000000
26.691947949216,6.147276581563,31.065547503315
45.410791866926,31.319085019047,3.276284067735
34.716593492547,0.296156833682,19.045069768355
60.000000000000,60.000000000000,60.000000000000
60.000000000000,60.000000000000,60.000000000000
0.000000000000,0.000000000000,0.000000000000
1.716893391476,36.639501476211,13.896665305707
60.000000000000,60.000000000000,60.000000000000
60.000000000000,60.000000000000,60.000000000000
60.000000000000,60.000000000000,60.000000000000
60.000000000000,60.000000000000,60.000000000000
29.990736628468,3.832930647402,37.084456207018
54.843291293499,21.579918136172,36.836154682912
43.863312965596,53.914881288160,2.900175234374
60.000000000000,60.000000000000,60.000000000000
60.000000000000,60.000000000000,60.000000000000
60.000000000000,60.000000000000,60.000000000000
60.000000000000,60.000000000000,60.000000000000
44.565698853516,27.192717202001,33.221516563837
36.476718255724,27.091289997754,17.949938094167
60.000000000000,60.000000000000,60.000000000000
60.000000000000,60.000000000000,60.000000000000
60.000000000000,60.000000000000,60.000000000000
60.000000000000,60.000000000000,60.000000000000
30.633306702264,60.000000000000,2.813553696138
30.604963255074,11.450796289973,26.707104638803
29.121279891751,35.283955831823,22.920044009635
43.124676402881,47.314713771932,33.484274945880
15.121597851811,7.811595490252,25.524791904944
19.264293155969,17.529869425647,57.032704518455
52.439075149888,20.045286088303,3.031632800372
60.000000000000,60.000000000000,60.000000000000
41.244681920263,56.732813237464,34.491042198694
60.000000000000,60.000000000000,60.000000000000
60.000000000000,60.000000000000,60.000000000000
24.248896849059,9.553549268965,47.913134820239
51.644521821625,56.730674497853,57.043267605994
37.410729936589,22.207783402267,45.255184879992
60.000000000000,60.000000000000,60.000000000000
60.000000000000,60.000000000000,60.000000000000
60.000000000000,60.000000000000,60.000000000000
60.000000000000,60.000000000000,60.000000000000
60.000000000000,60.000000000000,60.000000000000
43.959095520683,44.240925570261,42.146401432605
37.725094631191,26.529021062553,2.196007582807
60.000000000000,60.000000000000,0.000000000000
60.000000000000,60.000000000000,60.000000000000
51.632072542679,26.662874459338,30.311282670107
60.000000000000,60.000000000000,0.000000000000
60.000000000000,60.000000000000,60.000000000000
8.064724243577,0.826405206882,37.163361422400
37.025644992899,29.797105590531,35.601313283640
55.680402825052,60.000000000000,28.544230250724
31.582078295487,14.509369474069,56.194523212035
60.000000000000,60.000000000000,60.000000000000
60.000000000000,60.000000000000,60.000000000000
16.598294535068,55.626199050898,47.468537084695
39.512419554920,29.419923513050,18.725819560609
34.053875013536,9.861227699252,29.365469391572
23.574437297560,35.280387380819,10.037531532239
29.821530634549,27.219175318545,26.821326698640
35.055661636733,46.979838258310,22.259161552193
60.000000000000,60.000000000000,60.000000000000
16.371527823592,2.727579518319,52.241251774867
60.000000000000,60.000000000000,60.000000000000
60.000000000000,60.000000000000,3.091098497554
18.404979556233,32.102888159542,35.983189305379
1.543334598987,2.098026473624,42.912146947495
46.667754028934,31.915817515681,43.188420167552
60.000000000000,60.000000000000,60.000000000000
60.000000000000,60.000000000000,60.000000000000
60.000000000000,60.000000000000,60.000000000000
60.000000000000,60.000000000000,60.000000000000
60.000000000000,60.000000000000,60.000000000000
60.000000000000,60.000000000000,60.000000000000
0.000000000000,60.000000000000,60.000000000000
60.000000000000,60.000000000000,60.000000000000
60.000000000000,60.000000000000,60.000000000000
60.000000000000,60.000000000000,60.000000000000
60.000000000000,60.000000000000,60.000000000000
60.000000000000,60.000000000000,60.000000000000
60.000000000000,60.000000000000,60.000000000000
60.000000000000,60.000000000000,60.000000000000
60.000000000000,60.000000000000,60.000000000000
60.000000000000,60.000000000000,60.000000000000
60.000000000000,60.000000000000,60.000000000000
60.000000000000,24.564579736375,4.801122440110
34.202462725349,26.960301885080,27.625258750067
60.000000000000,60.000000000000,60.000000000000
35.822784228573,48.670701624638,13.578143455425
28.163069094724,46.531420303792,29.848933768022
0.000000000000,60.000000000000,7.855610218206
2.392106826069,9.047048515165,60.000000000000
60.000000000000,60.000000000000,60.000000000000
39.140503745604,36.753451129900,0.078872128577
60.000000000000,60.000000000000,60.000000000000
38.927583466966,47.661214918886,10.527521563410
60.000000000000,60.000000000000,60.000000000000
18.520905495319,24.724016679990,1.337243420116
60.000000000000,60.000000000000,60.000000000000
60.000000000000,60.000000000000,60.000000000000
60.000000000000,60.000000000000,60.000000000000
60.000000000000,60.000000000000,60.000000000000
60.000000000000,60.000000000000,60.000000000000
11.100515400814,44.959234708360,37.849632982111
60.000000000000,60.000000000000,60.000000000000
60.000000000000,60.000000000000,60.000000000000
34.635590963727,57.278559193950,58.326093198773
22.272216261487,20.113552751624,28.994239892823
60.000000000000,60.000000000000,60.000000000000
31.417269142916,34.488827468643,12.157454596672
60.000000000000,60.000000000000,60.000000000000
60.000000000000,60.000000000000,60.000000000000
30.097018908564,40.995430030863,26.869353496343
25.813147569611,32.216055449802,33.852576680629
60.000000000000,60.000000000000,60.000000000000
12.685912517850,2.684499437555,46.967415884124
60.000000000000,60.000000000000,60.000000000000
56.094503744825,34.107325367839,6.955890795655
60.000000000000,60.000000000000,60.000000000000
28.764134479968,26.318227837174,13.091660623640
60.000000000000,60.000000000000,60.000000000000
60.000000000000,60.000000000000,60.000000000000
34.180271414399,41.425350286651,11.492835259547
60.000000000000,60.000000000000,60.000000000000
0.000000000000,60.000000000000,60.000000000000
60.000000000000,60.000000000000,60.000000000000
46.601861756408,7.712865375122,48.900164481877
60.000000000000,60.000000000000,60.000000000000
48.757855569798,45.036700048524,19.195448010077
60.000000000000,60.000000000000,60.000000000000
60.000000000000,60.000000000000,60.000000000000
60.000000000000,60.000000000000,60.000000000000
60.000000000000,60.000000000000,60.000000000000
60.000000000000,60.000000000000,60.000000000000
60.000000000000,60.000000000000,60.000000000000
21.891830061446,60.000000000000,36.134963488522
35.631191767385,39.646307994577,34.347825249014
37.741587154900,9.402442693212,12.018581702750
60.000000000000,60.000000000000,60.000000000000
60.000000000000,60.000000000000,60.000000000000
60.000000000000,60.000000000000,60.000000000000
60.000000000000,60.000000000000,60.000000000000
60.000000000000,60.000000000000,60.000000000000
60.000000000000,60.000000000000,60.000000000000
56.035880720380,2.514160858669,14.193866021060
60.000000000000,60.000000000000,60.000000000000
60.000000000000,0.000000000000,20.539302085882
60.000000000000,60.000000000000,60.000000000000
59.480575182971,14.227684393861,14.503124526430
31.747430467864,16.597829716427,57.551759823180
60.000000000000,60.000000000000,0.000000000000
1.494584561133,60.000000000000,0.000000000000
60.000000000000,60.000000000000,60.000000000000
60.000000000000,60.000000000000,60.000000000000
38.484005152195,2.168913877681,24.476558394043
60.000000000000,60.000000000000,60.000000000000
11.237611150539,11.045150683895,18.054578327629
18.752031009390,22.501652720474,54.042380252388
25.904849336327,33.969774514697,17.668552918912
60.000000000000,60.000000000000,60.000000000000
60.000000000000,60.000000000000,60.000000000000
48.036995559098,17.972641162558,1.663335150727
60.000000000000,60.000000000000,60.000000000000
60.000000000000,60.000000000000,60.000000000000
60.000000000000,60.000000000000,60.000000000000
60.000000000000,60.000000000000,60.000000000000
60.000000000000,60.000000000000,60.000000000000
40.365724788088,28.871514982789,50.284783744992
43.432685266258,27.657885613966,52.015442578805
56.627491075911,21.161603331755,30.733334779426
17.969563056035,45.683364636865,52.716217562188
60.000000000000,60.000000000000,60.000000000000
60.000000000000,60.000000000000,60.000000000000
60.000000000000,60.000000000000,60.000000000000
60.000000000000,60.000000000000,60.000000000000
60.000000000000,60.000000000000,60.000000000000
28.219631646574,46.071566834570,48.043885061825
43.697095713943,43.701001541878,27.812675181213
60.000000000000,60.000000000000,60.000000000000
43.258805189343,9.783906027001,22.638996386475
13.499660814577,56.192580495878,36.914730139178
60.000000000000,60.000000000000,60.000000000000
51.294557167723,10.442559852748,3.521072790594
59.477328557863,16.853214016773,55.137770328294
60.000000000000,60.000000000000,60.000000000000
42.745408994116,34.240996237491,49.727827966072
60.000000000000,60.000000000000,60.000000000000
6.244710261175,15.915973907150,48.760982731647
60.000000000000,60.000000000000,60.000000000000
16.938334131869,17.556224159500,17.362637524116
25.068010709654,41.513627566953,13.226375371185
35.091019842180,11.519410599672,3.266017881982
35.810710010687,10.543102156869,26.056301665342
60.000000000000,60.000000000000,60.000000000000
5.152009040687,32.584289212855,29.798284982848
15.548142992667,51.173731032766,59.683391971783
24.428715712388,17.950678524015,6.008176450870
60.000000000000,60.000000000000,60.000000000000
8.128926492611,60.000000000000,35.973751406429
57.219480746410,22.893853399928,6.589205105931
60.000000000000,60.000000000000,0.000000000000
60.000000000000,60.000000000000,60.000000000000
60.000000000000,60.000000000000,60.000000000000
60.000000000000,60.000000000000,60.000000000000
27.991992090907,18.278680810195,31.767751085109
59.386246640139,39.892011364328,0.308081611761
42.341060108545,44.620181811659,24.723140426716
9.705061394463,41.440656136119,54.281451603790
60.000000000000,60.000000000000,60.000000000000
16.731473464437,0.980207670975,12.124886349408
60.000000000000,60.000000000000,60.000000000000
60.000000000000,60.000000000000,60.000000000000
57.571111361426,19.057662886576,2.003192182772
45.932548654779,24.643701906068,24.319649411706
3.928247850293,8.729280459165,30.714927175003
60.000000000000,60.000000000000,60.000000000000
60.000000000000,60.000000000000,60.000000000000
60.000000000000,3.043703545010,28.951260856485
60.000000000000,60.000000000000,60.000000000000
60.000000000000,60.000000000000,60.000000000000
34.268677567135,46.503259252828,9.116732186053
60.000000000000,36.969814513697,39.899778426141
31.193460688497,21.791501606642,19.756812377113
60.000000000000,0.000000000000,47.707081380033
60.000000000000,60.000000000000,60.000000000000
60.000000000000,60.000000000000,60.000000000000
60.000000000000,60.000000000000,60.000000000000
38.982190107854,42.458097108331,53.948943900443
60.000000000000,60.000000000000,60.000000000000
60.000000000000,60.000000000000,60.000000000000
60.000000000000,60.000000000000,60.000000000000
40.804856935902,18.456482241953,2.560755676005
60.000000000000,60.000000000000,60.000000000000
39.299032968689,57.247040577289,50.585977720276
60.000000000000,60.000000000000,60.000000000000
60.000000000000,60.000000000000,60.000000000000
6.683488444296,37.197395322188,17.383390418939
60.000000000000,60.000000000000,60.000000000000
60.000000000000,60.000000000000,60.000000000000
20.726067207875,21.065897422796,60.000000000000
60.000000000000,60.000000000000,60.000000000000
60.000000000000,60.000000000000,60.000000000000
32.292322488062,31.616997589936,29.221685693910
60.000000000000,60.000000000000,60.000000000000
60.000000000000,60.000000000000,0.000000000000
60.000000000000,60.000000000000,0.000000000000
17.439538558413,47.759541434182,30.029721056444
60.000000000000,60.000000000000,60.000000000000
60.000000000000,60.000000000000,60.000000000000
60.000000000000,60.000000000000,60.000000000000
33.077611514618,58.532689446944,27.831027178440
60.000000000000,60.000000000000,0.000000000000
60.000000000000,60.000000000000,60.000000000000
60.000000000000,60.000000000000,60.000000000000
60.000000000000,60.000000000000,60.000000000000
39.196783738345,40.177091311791,1.218754633882
60.000000000000,60.000000000000,60.000000000000
19.076621204766,1.098203791639,18.757629954074
60.000000000000,60.000000000000,60.000000000000
44.904246030843,8.081088202190,26.719550963124
60.000000000000,60.000000000000,60.000000000000
60.000000000000,60.000000000000,60.000000000000
60.000000000000,60.000000000000,60.000000000000
60.000000000000,60.000000000000,60.000000000000
60.000000000000,60.000000000000,60.000000000000
50.255375595770,25.813114966056,30.001096400696
48.699824981453,21.012757869221,21.324631485108
49.108687409082,54.760132876557,3.742249323394
60.000000000000,60.000000000000,60.000000000000
60.000000000000,60.000000000000,60.000000000000
60.000000000000,60.000000000000,60.000000000000
60.000000000000,60.000000000000,60.000000000000
8.160697680990,15.808248985981,27.620744988219
9.869838253135,1.231044094969,17.424350436407
42.824437459623,10.210365939082,46.959902536522
60.000000000000,60.000000000000,60.000000000000
60.000000000000,60.000000000000,60.000000000000
60.000000000000,60.000000000000,60.000000000000
30.913550089362,7.146345014349,60.000000000000
60.000000000000,60.000000000000,60.000000000000
28.543474400991,19.734247065885,57.466848075889
29.834663518126,32.113202177496,39.713889426400
60.000000000000,60.000000000000,60.000000000000
60.000000000000,60.000000000000,60.000000000000
60.000000000000,60.000000000000,60.000000000000
60.000000000000,60.000000000000,60.000000000000
60.000000000000,60.000000000000,60.000000000000
60.000000000000,60.000000000000,60.000000000000
0.636552005099,1.988956108816,23.238272423342
27.176584340805,6.765442376253,40.908794600714
43.550514384358,28.105468063815,24.730461188675
41.968362320252,9.618497291343,59.525015903663
60.000000000000,60.000000000000,60.000000000000
36.466955068576,24.604144162877,51.653326204057
60.000000000000,60.000000000000,60.000000000000
8.758135812811,60.000000000000,15.043755044299
27.682295714219,21.729026966405,23.916368057293
60.000000000000,60.000000000000,60.000000000000
60.000000000000,60.000000000000,60.000000000000
53.081786068073,5.516150169699,24.479512846127
26.226515567628,6.334647550733,54.655214471762
32.853671583577,13.605759201447,29.682708201187
21.832594028310,0.000000000000,20.978886368532
60.000000000000,60.000000000000,60.000000000000
3.253221304723,13.520116905043,47.143756963339
45.936582353917,45.433657593873,38.989004590260
60.000000000000,60.000000000000,60.000000000000
60.000000000000,60.000000000000,60.000000000000
60.000000000000,60.000000000000,60.000000000000
7.127966464500,17.514565721387,36.449333174153
40.299465576688,20.273290805854,16.303794726813
33.799748056251,59.927580391537,15.580974212428
60.000000000000,60.000000000000,60.000000000000
29.183698588608,15.602870985238,32.808552189498
18.066304897589,60.000000000000,43.240131494546
60.000000000000,60.000000000000,60.000000000000
55.503232393650,35.793677011832,39.909566561570
60.000000000000,60.000000000000,60.000000000000
60.000000000000,60.000000000000,60.000000000000
60.000000000000,60.000000000000,60.000000000000
60.000000000000,60.000000000000,60.000000000000
26.353447351710,23.069110163284,59.483972550908
29.545031095740,33.860610132353,4.245402685095
60.000000000000,60.000000000000,60.000000000000
34.799267116008,57.955213349374,25.185395160141
0.000000000000,60.000000000000,60.000000000000
16.087256714395,49.689688710464,29.988243922506
28.831843470214,35.144316161522,27.022083356780
60.000000000000,60.000000000000,60.000000000000
60.000000000000,60.000000000000,60.000000000000
60.000000000000,60.000000000000,60.000000000000
60.000000000000,60.000000000000,60.000000000000
17.354316979909,20.527802598883,47.907833084350
60.000000000000,60.000000000000,60.000000000000
43.243460892287,26.558693363116,39.451281049365
60.000000000000,60.000000000000,60.000000000000
60.000000000000,60.000000000000,60.000000000000
60.000000000000,60.000000000000,60.000000000000
60.000000000000,60.000000000000,60.000000000000
35.689894356170,26.671909371009,52.572492817646
60.000000000000,60.000000000000,60.000000000000
17.907408338757,43.414066949642,20.970851438691
60.000000000000,60.000000000000,0.000000000000
60.000000000000,60.000000000000,60.000000000000
60.000000000000,60.000000000000,0.000000000000
24.284679767478,10.869590551104,40.304878416236
60.000000000000,60.000000000000,60.000000000000
60.000000000000,60.000000000000,60.000000000000
58.896353166773,27.769458625957,41.189313519314
60.000000000000,60.000000000000,60.000000000000
34.912490107787,11.764553714388,12.054105395511
60.000000000000,60.000000000000,60.000000000000
36.884751157016,9.301999707571,13.948923785051
48.346142735297,4.731603913554,33.119687404933
60.000000000000,60.000000000000,60.000000000000
24.108910185738,20.756274050176,1.638910186286
60.000000000000,60.000000000000,60.000000000000
60.000000000000,60.000000000000,60.000000000000
60.000000000000,60.000000000000,60.000000000000
60.000000000000,60.000000000000,60.000000000000
31.298046613704,10.482650251889,60.000000000000
16.728325919410,20.532296920715,1.143722205550
38.113852925609,25.665807242562,30.949116355320
60.000000000000,60.000000000000,60.000000000000
4.087343022405,15.931279802777,7.092219525303
60.000000000000,60.000000000000,60.000000000000
60.000000000000,60.000000000000,60.000000000000
60.000000000000,60.000000000000,60.000000000000
0.594391663011,53.785317257190,58.569684823052
60.000000000000,60.000000000000,60.000000000000
60.000000000000,60.000000000000,60.000000000000
60.000000000000,60.000000000000,60.000000000000
30.261586853052,36.506638039999,1.682758169844
60.000000000000,60.000000000000,60.000000000000
15.394235679324,60.000000000000,27.485610540400
46.533385544951,49.356479356605,45.873688692971
60.000000000000,60.000000000000,60.000000000000
60.000000000000,60.000000000000,60.000000000000
60.000000000000,60.000000000000,60.000000000000
60.000000000000,60.000000000000,60.000000000000
60.000000000000,60.000000000000,60.000000000000
60.000000000000,60.000000000000,60.000000000000
60.000000000000,60.000000000000,60.000000000000
48.220579703635,5.541311825544,41.539746889961
60.000000000000,60.000000000000,60.000000000000
60.000000000000,60.000000000000,60.000000000000
60.000000000000,60.000000000000,60.000000000000
26.443651946714,43.499376310972,34.245793398884
60.000000000000,60.000000000000,60.000000000000
60.000000000000,60.000000000000,60.000000000000
60.000000000000,60.000000000000,60.000000000000
60.000000000000,60.000000000000,60.000000000000
60.000000000000,60.000000000000,60.000000000000
53.223229787119,2.120019768084,17.089598188724
60.000000000000,60.000000000000,60.000000000000
37.567176172994,49.457948787020,10.639404795407
49.527847394359,33.477077501676,15.673841841416
43.526481250868,23.426569656236,21.377632032892
60.000000000000,60.000000000000,60.000000000000
23.479395081642,44.438050194148,44.746335448704
60.000000000000,60.000000000000,60.000000000000
60.000000000000,60.000000000000,60.000000000000
22.641872083993,35.762883620873,34.752612386802
60.000000000000,60.000000000000,60.000000000000
0.000000000000,32.195611047867,60.000000000000
60.000000000000,60.000000000000,60.000000000000
5.496907598436,18.366348357462,0.000000000000
60.000000000000,60.000000000000,60.000000000000
60.000000000000,60.000000000000,60.000000000000
60.000000000000,60.000000000000,60.000000000000
60.000000000000,60.000000000000,60.000000000000
60.000000000000,60.000000000000,60.000000000000
51.561767194603,2.542935318414,23.623688138607
42.845595320437,2.848902699560,60.000000000000
60.000000000000,60.000000000000,60.000000000000
24.797373304911,26.655855616810,24.909976096758
60.000000000000,60.000000000000,60.000000000000
51.800939790855,55.393902629267,43.567322847434
60.000000000000,60.000000000000,60.000000000000
60.000000000000,60.000000000000,60.000000000000
60.000000000000,60.000000000000,60.000000000000
60.000000000000,60.000000000000,60.000000000000
33.639588915353,1.411668027335,36.161785670412
34.936343848768,2.409914436366,1.432674185863
8.979648577130,55.776896366110,14.581974359466
60.000000000000,60.000000000000,60.000000000000
30.525081143844,34.885647341529,21.445814195218
18.184414911674,60.000000000000,45.262835425667
60.000000000000,60.000000000000,60.000000000000
18.941624939600,27.338323930115,33.754852355570
60.000000000000,60.000000000000,60.000000000000
4.382273464973,14.431093595769,8.383137305985
51.157494989635,32.614156577572,29.304066531248
60.000000000000,60.000000000000,60.000000000000
60.000000000000,60.000000000000,60.000000000000
16.680911236327,58.032491129451,51.108483862560
45.947591014389,55.759919338281,53.753504881889
60.000000000000,60.000000000000,60.000000000000
38.344973410741,50.656682582840,38.249375568099
53.403874249496,39.969906045088,44.059879088235
60.000000000000,60.000000000000,60.000000000000
60.000000000000,60.000000000000,60.000000000000
60.000000000000,60.000000000000,60.000000000000
14.352419733240,48.501760224373,12.587817407928
60.000000000000,60.000000000000,60.000000000000
60.000000000000,60.000000000000,60.000000000000
60.000000000000,60.000000000000,60.000000000000
60.000000000000,60.000000000000,60.000000000000
49.271873529324,41.583472886639,20.140739383177
55.031405023192,2.409890978265,8.640697869704
60.000000000000,60.000000000000,60.000000000000
60.000000000000,60.000000000000,60.000000000000
60.000000000000,60.000000000000,60.000000000000
60.000000000000,60.000000000000,60.000000000000
44.092955495192,60.000000000000,35.669858437192
60.000000000000,60.000000000000,60.000000000000
60.000000000000,60.000000000000,0.000000000000
60.000000000000,60.000000000000,60.000000000000
60.000000000000,60.000000000000,60.000000000000
60.000000000000,60.000000000000,60.000000000000
60.000000000000,60.000000000000,0.000000000000
33.162025529331,54.625763087987,5.400942691775
60.000000000000,60.000000000000,60.000000000000
52.283118739344,33.069127898493,40.187562704095
0.000000000000,60.000000000000,60.000000000000
33.353760457002,43.722694649248,18.490695345945
60.000000000000,60.000000000000,60.000000000000
10.685836705504,4.101823176775,22.052084673007
60.000000000000,60.000000000000,60.000000000000
60.000000000000,60.000000000000,60.000000000000
30.122051719500,8.644789621383,60.000000000000
53.506762332182,16.186376901656,55.183134803087
60.000000000000,60.000000000000,0.000000000000
60.000000000000,60.000000000000,60.000000000000
60.000000000000,60.000000000000,0.000000000000
60.000000000000,60.000000000000,60.000000000000
60.000000000000,60.000000000000,60.000000000000
60.000000000000,60.000000000000,0.000000000000
60.000000000000,60.000000000000,60.000000000000
56.107894086826,52.636269074545,26.939413785163
60.000000000000,60.000000000000,0.000000000000
60.000000000000,60.000000000000,60.000000000000
60.000000000000,60.000000000000,60.000000000000
55.822932025590,13.796327623218,21.509314426584
60.000000000000,60.000000000000,60.000000000000
15.915332146293,31.538432436275,11.682360245623
60.000000000000,60.000000000000,0.000000000000
0.000000000000,60.000000000000,60.000000000000
56.893810623200,8.212795169464,18.787588257734
60.000000000000,60.000000000000,0.000000000000
0.000000000000,60.000000000000,60.000000000000
53.754357260070,52.978034697333,33.382158972309
60.000000000000,44.850856846101,26.345163308290
60.000000000000,60.000000000000,0.000000000000
55.738352426516,24.867735297238,15.862849248319
60.000000000000,17.197572185775,46.073867015976
40.196280060190,47.987774784693,1.515954785410
60.000000000000,60.000000000000,60.000000000000
46.956255129104,28.865394431244,56.793449343568
60.000000000000,60.000000000000,60.000000000000
60.000000000000,60.000000000000,60.000000000000
60.000000000000,50.558913528263,15.937239683716
60.000000000000,60.000000000000,60.000000000000
47.149976915068,15.339143538375,39.833640652745
26.940044962315,29.049578939209,25.133482692264
60.000000000000,60.000000000000,60.000000000000
60.000000000000,60.000000000000,60.000000000000
54.444837789372,37.397244577897,38.808933421016
48.966734114982,43.448684281554,30.672373136935
9.200669817040,38.671706491665,33.960334609232
38.119672862170,27.547544726302,16.180392351974
52.204117402753,33.118305734533,17.388441550994
18.050745736715,19.871295503500,20.368424211061
57.513430873315,26.334036770183,7.454442824441
60.000000000000,60.000000000000,60.000000000000
53.567192120600,15.761352822512,11.011816125626
60.000000000000,60.000000000000,60.000000000000
60.000000000000,60.000000000000,0.000000000000
60.000000000000,60.000000000000,0.000000000000
13.242323842067,50.087099082095,47.879577094011
60.000000000000,60.000000000000,60.000000000000
60.000000000000,60.000000000000,60.000000000000
60.000000000000,60.000000000000,60.000000000000
24.577865262640,34.295157142303,30.700051162130
28.713946677988,20.550306191691,13.304066199271
30.421173568852,49.836841368823,26.794663791376
60.000000000000,60.000000000000,60.000000000000
60.000000000000,60.000000000000,0.000000000000
22.124143984221,27.514091533971,9.174239609213
60.000000000000,60.000000000000,60.000000000000
9.515262585298,49.647921961529,30.857414980633
59.403179306219,56.804840693561,10.707833824324
60.000000000000,60.000000000000,60.000000000000
8.440732385519,29.825810778958,8.160181379360
60.000000000000,60.000000000000,0.000000000000
60.000000000000,60.000000000000,60.000000000000
60.000000000000,60.000000000000,60.000000000000
60.000000000000,60.000000000000,0.000000000000
60.000000000000,60.000000000000,0.000000000000
52.827479749818,29.579402859187,47.185694336938
60.000000000000,60.000000000000,0.000000000000
60.000000000000,60.000000000000,60.000000000000
60.000000000000,60.000000000000,60.000000000000
60.000000000000,60.000000000000,60.000000000000
60.000000000000,60.000000000000,60.000000000000
60.000000000000,60.000000000000,60.000000000000
38.003512840192,13.452451410270,1.888039886993
33.246674156533,0.187497624889,24.712975158580
51.797771316952,39.055844963087,31.610476589413
60.000000000000,60.000000000000,60.000000000000
60.000000000000,60.000000000000,60.000000000000
56.406966583626,8.696077545771,8.269433143213
56.420868349308,10.706746663949,11.522431196997
60.000000000000,60.000000000000,60.000000000000
60.000000000000,60.000000000000,60.000000000000
60.000000000000,60.000000000000,60.000000000000
60.000000000000,60.000000000000,0.000000000000
60.000000000000,60.000000000000,60.000000000000
60.000000000000,60.000000000000,60.000000000000
60.000000000000,60.000000000000,60.000000000000
50.069469475454,15.996793275611,30.070915869796
60.000000000000,60.000000000000,60.000000000000
60.000000000000,60.000000000000,60.000000000000
56.140488951496,37.863936811634,11.084114549245
60.000000000000,60.000000000000,60.000000000000
60.000000000000,60.000000000000,60.000000000000
60.000000000000,60.000000000000,60.000000000000
60.000000000000,60.000000000000,60.000000000000
0.000000000000,60.000000000000,60.000000000000
60.000000000000,60.000000000000,60.000000000000
33.123807606584,36.245146345633,30.164720464276
60.000000000000,60.000000000000,60.000000000000
60.000000000000,60.000000000000,60.000000000000
53.081969961377,57.176144028400,12.722331954819
60.000000000000,60.000000000000,60.000000000000
24.577125313171,21.616196431028,45.184018810454
60.000000000000,60.000000000000,60.000000000000
60.000000000000,60.000000000000,0.000000000000
60.000000000000,60.000000000000,60.000000000000
60.000000000000,60.000000000000,60.000000000000
60.000000000000,60.000000000000,60.000000000000
60.000000000000,60.000000000000,60.000000000000
47.565471369440,39.917458037376,32.527337276563
60.000000000000,60.000000000000,60.000000000000
56.882260393854,56.657579661792,5.309252270768
60.000000000000,60.000000000000,60.000000000000
60.000000000000,60.000000000000,60.000000000000
10.096240857236,30.267151311021,7.085248321000
60.000000000000,10.553376414770,60.000000000000
39.475054362936,60.000000000000,60.000000000000
60.000000000000,60.000000000000,60.000000000000
60.000000000000,50.909729471767,34.308280132533
60.000000000000,60.000000000000,60.000000000000
60.000000000000,60.000000000000,60.000000000000
9.868262929608,54.047940408514,20.394860786714
60.000000000000,60.000000000000,60.000000000000
16.765712083651,51.272398362377,11.107895809936
41.060291510415,34.604138737714,33.909383682746
60.000000000000,60.000000000000,60.000000000000
60.000000000000,60.000000000000,60.000000000000
60.000000000000,60.000000000000,60.000000000000
19.361714654731,60.000000000000,12.990820913110
60.000000000000,60.000000000000,0.000000000000
26.285057891987,54.977616171143,27.721642857553
60.000000000000,60.000000000000,60.000000000000
60.000000000000,60.000000000000,60.000000000000
60.000000000000,60.000000000000,60.000000000000
6.270394826977,35.094602123699,40.077637827360
60.000000000000,60.000000000000,0.000000000000
0.334773380878,49.939000499240,33.239060792926
60.000000000000,60.000000000000,60.000000000000
60.000000000000,60.000000000000,0.000000000000
60.000000000000,60.000000000000,60.000000000000
57.660842637841,57.893629545298,22.571675036138
60.000000000000,60.000000000000,60.000000000000
60.000000000000,60.000000000000,60.000000000000
60.000000000000,60.000000000000,60.000000000000
28.486530679100,40.963539829505,18.518878022747
60.000000000000,60.000000000000,60.000000000000
32.441753595104,46.156934358866,42.303219715484
12.174106751089,13.695507028875,31.502499593150
55.513770263642,25.067498413430,0.436328443932
60.000000000000,60.000000000000,60.000000000000
39.487572821374,33.295950774007,21.038954859563
60.000000000000,60.000000000000,60.000000000000
60.000000000000,60.000000000000,60.000000000000
55.291087464366,35.585836017808,10.155947119321
36.154694832343,24.275502900610,51.444893752647
24.317752762835,4.687945176065,60.000000000000
60.000000000000,60.000000000000,0.000000000000
60.000000000000,60.000000000000,0.000000000000
39.374043709191,50.225396659952,49.461837190717
39.325388250909,45.904744968079,58.461860001000
60.000000000000,60.000000000000,60.000000000000
60.000000000000,60.000000000000,60.000000000000
44.784997180326,60.000000000000,28.477183472258
60.000000000000,60.000000000000,0.000000000000
60.000000000000,60.000000000000,0.000000000000
60.000000000000,60.000000000000,60.000000000000
58.505984752415,36.848083257752,16.234337242398
60.000000000000,60.000000000000,60.000000000000
