x,y,z
0.254024638169,45.299487721932,5.540585570894
5.598357737619,33.722000663500,33.967814859928
2.228095927855,21.122504096011,53.870398357733
47.483791940645,58.149651647717,3.452696981754
58.104284513472,32.814202036641,33.609040447714
60.000000000000,60.000000000000,60.000000000000
8.956474203107,7.250748602615,27.704853971210
2.277724174020,33.183913737177,32.224225134756
60.000000000000,60.000000000000,60.000000000000
0.669692655333,25.269409634234,28.115157432754
6.065831551414,30.538573791950,45.486134455822
60.000000000000,60.000000000000,60.000000000000
0.172288435534,9.312912974462,22.993006502156
60.000000000000,50.431726090555,1.865539123234
2.403781119067,21.960830245333,23.242125476865
60.000000000000,60.000000000000,0.000000000000
5.893544264597,10.318389775709,50.297844321611
60.000000000000,13.838046416939,35.775432723288
60.000000000000,60.000000000000,0.000000000000
2.278024778663,15.010644190396,39.271127344315
36.401390453866,31.831745820187,12.623027222909
51.509287931977,9.141739353650,23.771307900701
5.507236444169,58.586297949880,22.879027960907
13.711265130788,44.877110364475,10.882176536259
3.886098760652,34.581278065697,51.893342175135
60.000000000000,5.930979638198,32.585771120715
9.856782831742,40.506763990089,8.322299944936
60.000000000000,60.000000000000,0.000000000000
0.090749640271,58.626937737292,36.385484301563
4.048758684131,17.136838605072,29.018655072771
0.094050173493,46.073073443826,43.293462403761
60.000000000000,60.000000000000,60.000000000000
2.976200211854,4.178782253124,3.108285894177
2.675071854515,37.251355793750,20.635506555753
60.000000000000,60.000000000000,60.000000000000
60.000000000000,60.000000000000,0.000000000000
60.000000000000,60.000000000000,60.000000000000
5.587327945669,23.782198943277,31.972839878910
0.510223746878,10.792686496115,41.595790867477
60.000000000000,60.000000000000,60.000000000000
13.818904869648,57.465108001554,0.685255371251
60.000000000000,60.000000000000,0.000000000000
6.197040838669,49.341389093884,3.832586495074
11.797037763259,28.024193657807,16.065927707314
18.502371571402,55.692190531593,3.853375646607
6.287857629085,42.134552460994,58.555549464651
22.564353722562,25.457410036558,24.476003917074
18.507838173669,23.592520727338,36.629023645769
59.241382774719,54.064645026508,29.444857839924
46.566708460105,39.776248610546,51.372164222514
2.080395295036,37.958379749369,49.990537593923
60.000000000000,60.000000000000,60.000000000000
3.838140766538,9.424553858592,52.144561436770
37.645018730843,59.363012608240,32.252686982024
6.580965206277,15.690412219403,11.480016144754
60.000000000000,60.000000000000,60.000000000000
14.001372900552,27.893193823913,60.000000000000
0.000000000000,60.000000000000,60.000000000000
60.000000000000,60.000000000000,0.000000000000
9.813710340481,14.558672189463,30.129175716395
60.000000000000,60.000000000000,60.000000000000
19.659375140141,54.292294711899,32.150951560216
60.000000000000,60.000000000000,60.000000000000
24.317379232042,19.302529477251,58.803352605170
3.203226620810,37.587850633007,55.826899761644
0.000000000000,60.000000000000,60.000000000000
1.886083232199,15.807578963848,11.667163155865
0.852735137508,24.169553951272,1.334713864311
4.141664336291,27.772450517684,22.962577668701
60.000000000000,60.000000000000,60.000000000000
60.000000000000,60.000000000000,60.000000000000
60.000000000000,60.000000000000,60.000000000000
60.000000000000,60.000000000000,60.000000000000
60.000000000000,60.000000000000,0.000000000000
1.616827390791,49.479913731223,33.008585220993
0.374565394864,22.298888608809,34.758663717230
0.893340290494,26.513905640677,39.279127535898
60.000000000000,60.000000000000,60.000000000000
53.323270272718,17.579740938635,22.571783317564
60.000000000000,60.000000000000,0.000000000000
60.000000000000,60.000000000000,60.000000000000
4.493988517656,42.828431824090,43.600974383541
6.360546886968,37.576854069086,5.546203988191
3.682733761603,34.139517482721,17.033922763187
41.327765330763,50.144932005101,25.879920109826
4.706780970720,36.385980505584,30.875136113984
53.672348631626,43.536386309745,29.690860696912
60.000000000000,60.000000000000,60.000000000000
33.168412456385,21.570843552378,55.900512888387
2.340117114445,38.131809098034,31.483671254510
32.382080539655,53.819798271023,56.887383950603
60.000000000000,60.000000000000,60.000000000000
60.000000000000,60.000000000000,0.000000000000
0.592900577605,22.594941142932,29.093643337185
0.857607905640,18.692521556396,13.667764645980
60.000000000000,60.000000000000,0.000000000000
1.886940344902,24.155169082808,43.145270884235
0.101942889608,20.163357585457,32.338803369921
2.258656053860,54.905163038817,39.115935143416
5.153765171931,59.370173802788,22.379238860382
6.651302433082,55.303460065134,36.345073533898
22.882033798834,9.375860112747,40.289003447054
3.522262774958,25.233040763716,32.412578274066
7.237572049989,37.575048160878,26.944583139626
7.590940680461,43.706216899654,23.597524344908
60.000000000000,60.000000000000,60.000000000000
60.000000000000,60.000000000000,60.000000000000
1.877166456128,30.743265190820,21.493398262189
17.403291236141,31.604891721007,4.175172538631
60.000000000000,60.000000000000,60.000000000000
60.000000000000,60.000000000000,60.000000000000
60.000000000000,60.000000000000,60.000000000000
60.000000000000,60.000000000000,60.000000000000
14.841576054442,33.266992748095,28.840243165116
60.000000000000,60.000000000000,60.000000000000
60.000000000000,60.000000000000,0.000000000000
60.000000000000,60.000000000000,0.000000000000
11.568774469398,31.025177232526,42.901820891692
12.883326548944,50.020020162494,41.606285873734
4.330551588859,38.785075596587,15.528630733980
60.000000000000,60.000000000000,0.000000000000
60.000000000000,60.000000000000,60.000000000000
28.940664038626,15.837594376761,46.871595814498
8.797885012108,32.651451339318,25.332656159579
60.000000000000,60.000000000000,60.000000000000
60.000000000000,60.000000000000,60.000000000000
14.087416469191,18.306916655958,5.742850637164
7.613066401166,34.316059277561,38.317231481513
6.134209478105,10.870244357264,9.112540616999
37.472152179817,43.701748064683,59.243595534772
60.000000000000,60.000000000000,60.000000000000
1.516101881669,30.133209451694,34.905660396863
32.856796005517,60.000000000000,37.865436956066
10.285465164382,42.220560713478,25.646476543837
1.694584864544,56.804193199365,48.096015451135
60.000000000000,60.000000000000,60.000000000000
60.000000000000,60.000000000000,60.000000000000
11.677114913645,15.847108425786,11.738311223107
7.823918357455,19.859943834646,5.376497569513
60.000000000000,60.000000000000,0.000000000000
13.929267093142,26.343179037192,18.098165687146
47.708431152215,18.590233623523,36.663474011517
60.000000000000,60.000000000000,60.000000000000
5.687734223449,24.043593749334,24.269551753693
60.000000000000,7.910323638490,60.000000000000
18.516902192190,28.673025907218,31.815013801532
9.854732626624,12.910099146385,27.579259802348
4.908606100466,19.622032300210,18.415301622069
59.398735599360,49.562825763279,20.041697031510
60.000000000000,28.354196514232,60.000000000000
12.331536853435,34.788497628329,41.926207945027
7.855405958845,53.798280543754,35.062446579420
4.752931718292,58.651416988991,29.145951494757
12.959963421579,18.688218512187,18.658117904554
60.000000000000,60.000000000000,60.000000000000
10.911209089090,34.724521562023,21.714779851436
6.723227155107,40.090079348531,3.305641261334
60.000000000000,60.000000000000,0.000000000000
5.237863749334,11.855008170282,3.398750398297
60.000000000000,60.000000000000,0.000000000000
43.210169962875,29.003531580413,20.752754714253
60.000000000000,60.000000000000,0.000000000000
6.651528851523,40.790305599539,31.866647117006
60.000000000000,60.000000000000,60.000000000000
60.000000000000,60.000000000000,60.000000000000
3.052297519492,26.683275135451,32.444915034420
4.954526513172,18.083157804084,53.500279943814
60.000000000000,60.000000000000,60.000000000000
23.487829934019,13.107560920588,34.187083158962
60.000000000000,60.000000000000,60.000000000000
60.000000000000,60.000000000000,0.000000000000
8.494130689348,29.282430748621,38.686932432622
60.000000000000,60.000000000000,60.000000000000
10.489929553981,30.584825088132,20.481898568380
4.153412055184,29.741700386377,17.016013298133
60.000000000000,60.000000000000,0.000000000000
60.000000000000,60.000000000000,60.000000000000
4.140287750513,26.172301036655,1.788360305336
40.116633366412,4.573986257043,20.776091018338
6.638300457325,37.972933609311,33.414151283085
60.000000000000,60.000000000000,60.000000000000
60.000000000000,60.000000000000,60.000000000000
5.692967585113,29.486306082256,5.588637549865
60.000000000000,60.000000000000,60.000000000000
45.486779290568,60.000000000000,60.000000000000
14.056408670284,21.139262981208,16.955305481150
19.214979277859,13.994689498784,55.540096226757
60.000000000000,60.000000000000,0.000000000000
40.920319013850,35.522536297468,55.675649900154
5.602235528297,39.798273899848,30.149546508388
60.000000000000,60.000000000000,60.000000000000
20.342957425990,24.662172657622,17.716665466134
7.318696393264,47.237132038603,56.884289003597
10.804748326561,32.218211794277,36.229875351488
60.000000000000,38.593793055297,14.062893404758
5.154529482817,23.151711333999,48.008677360578
13.823912482575,44.390780080419,23.254127687920
7.163153070449,14.665094931693,19.712065472058
60.000000000000,60.000000000000,60.000000000000
60.000000000000,60.000000000000,60.000000000000
60.000000000000,60.000000000000,60.000000000000
0.000000000000,60.000000000000,60.000000000000
7.507910682738,33.115428776517,59.812100599140
15.693794193430,40.154056323928,18.677302260035
42.391832098588,25.348193390370,37.319255598944
9.745535645105,34.214910543069,33.696908141886
31.443163302136,51.652935322660,5.414399109915
48.298145901710,33.610608408599,56.588456932681
9.866569117396,10.157632906339,12.709384731834
14.510747138688,22.928285505957,7.607856244728
4.404475751030,27.418605301624,37.913710132545
60.000000000000,60.000000000000,60.000000000000
52.285207307359,6.647159266807,58.179094898188
60.000000000000,60.000000000000,60.000000000000
18.073712304836,8.326239499322,43.869477089038
60.000000000000,60.000000000000,60.000000000000
7.347471948827,31.739031966560,55.183125784905
47.202026715002,42.699722634738,47.909149342038
11.625990476614,54.798458940078,57.967848487308
60.000000000000,60.000000000000,60.000000000000
60.000000000000,60.000000000000,0.000000000000
10.225610014669,41.106568348998,19.380274424547
29.436637656049,29.238662621155,45.704796598953
3.631521878298,16.276688209695,46.361925389334
60.000000000000,60.000000000000,60.000000000000
13.152633796604,27.016665259600,31.998737019151
60.000000000000,60.000000000000,60.000000000000
60.000000000000,60.000000000000,60.000000000000
60.000000000000,60.000000000000,60.000000000000
13.140495040881,52.749843990454,43.283209827345
33.673572593118,11.717486537829,51.551446565645
29.384494585116,53.050341996716,21.968466192842
41.647412975353,20.762820418420,3.496348769822
60.000000000000,60.000000000000,60.000000000000
60.000000000000,60.000000000000,60.000000000000
0.897320852035,26.384564795673,53.568863437693
31.602593868644,41.026731986508,1.803236782534
40.973937968354,19.594434160947,22.155026428928
19.098382425530,19.756421215590,23.635029302642
60.000000000000,60.000000000000,60.000000000000
6.210163463011,6.669864995938,29.850315494589
2.801856426014,20.704154828171,22.524903222294
12.320430685250,55.500162087350,20.236082437929
60.000000000000,60.000000000000,60.000000000000
8.851019169905,55.727967557439,17.270162398137
12.331288134913,16.841249812163,26.828614961564
9.774656609999,51.571065244078,24.284377182497
60.000000000000,60.000000000000,0.000000000000
6.354995889085,57.140712160647,56.937944893162
26.644051305374,58.455978448991,21.702346671840
60.000000000000,60.000000000000,60.000000000000
37.828352822402,55.836094604508,38.767847587353
15.293701948110,10.232171023615,23.597829500763
2.625021557343,30.266001051486,28.229819882280
12.046064735157,5.491588031909,14.012808365490
60.000000000000,60.000000000000,60.000000000000
7.820526374475,51.153985008395,18.485966409513
15.080804170658,23.672761308425,32.923282360720
8.918384979665,1.518231844949,41.343866772957
42.820719765112,44.693484445093,58.270648550170
60.000000000000,60.000000000000,60.000000000000
60.000000000000,60.000000000000,0.000000000000
60.000000000000,47.284323921762,11.883733978725
30.945593821084,53.260070685016,43.449680261861
60.000000000000,60.000000000000,60.000000000000
60.000000000000,60.000000000000,60.000000000000
3.785918828772,4.014013246879,10.391006574826
60.000000000000,60.000000000000,60.000000000000
60.000000000000,60.000000000000,60.000000000000
56.446456827966,11.090779928109,60.000000000000
60.000000000000,60.000000000000,0.000000000000
5.610634496167,34.974093119867,15.569073870959
60.000000000000,9.757002035875,0.000000000000
10.608548487250,31.915751612758,27.302050929265
53.367989632732,28.925479969108,23.197168210111
9.085967954144,21.065005720346,19.250285326299
5.899499549680,42.274644924652,8.457024735286
52.166531913822,37.904211393572,11.294371770991
35.479101647984,2.082955477040,56.254796451350
60.000000000000,60.000000000000,60.000000000000
60.000000000000,60.000000000000,60.000000000000
8.914834915573,41.385057238952,25.602056020089
60.000000000000,60.000000000000,50.024359626115
11.894045117864,31.243075550681,38.689813108675
10.537348235599,48.975058710298,49.516178605423
19.984625845823,50.978537853320,55.621167698140
10.129198949983,48.425958072752,17.096505513473
10.609521731115,49.581209661869,33.582536841613
60.000000000000,60.000000000000,0.000000000000
36.206160587788,41.990448143683,28.377884242446
11.252422912463,25.301017365179,32.355214846618
60.000000000000,60.000000000000,0.000000000000
58.708215740864,31.040682278888,46.053423024785
60.000000000000,60.000000000000,0.000000000000
32.359418468632,0.472010529283,49.888354541202
60.000000000000,60.000000000000,60.000000000000
11.402129585257,48.336080416697,44.815116147134
60.000000000000,60.000000000000,0.000000000000
12.175905647156,33.025050283114,50.479938683561
60.000000000000,60.000000000000,60.000000000000
41.975942043158,22.896081393526,46.245697367041
47.892214773172,0.336586072826,27.638445961115
60.000000000000,60.000000000000,60.000000000000
19.492301959949,19.888694066252,44.290453692584
60.000000000000,60.000000000000,60.000000000000
12.606233133297,21.919762302104,22.301288364495
14.525961324165,55.628292591001,36.011512388306
60.000000000000,60.000000000000,60.000000000000
14.248185762394,49.581480451716,23.971916633929
60.000000000000,60.000000000000,60.000000000000
60.000000000000,60.000000000000,60.000000000000
12.338357507550,27.458516255423,43.702083737134
15.133075341749,52.434407446037,24.667596151242
60.000000000000,60.000000000000,0.000000000000
55.527498076270,8.432520135681,33.668098495363
14.803607791784,42.529493930804,28.867878620992
60.000000000000,60.000000000000,60.000000000000
34.110884063506,45.624163035593,42.321564203121
26.666121492527,11.499981693356,33.665198321385
60.000000000000,60.000000000000,0.000000000000
15.976882372523,15.187540709538,12.882490244223
14.899493120594,34.914636513856,32.250778142401
60.000000000000,60.000000000000,0.000000000000
60.000000000000,60.000000000000,0.000000000000
39.844682363929,40.734846765320,16.120110323000
60.000000000000,60.000000000000,60.000000000000
12.655782352714,43.470107290114,49.165018286362
60.000000000000,60.000000000000,0.000000000000
48.620289868663,53.412123004862,3.007977420357
60.000000000000,60.000000000000,0.000000000000
17.480259458887,43.316467601873,8.675852285759
27.655758671588,4.708664779654,55.567068314210
60.000000000000,60.000000000000,60.000000000000
60.000000000000,60.000000000000,0.000000000000
15.803402858434,9.654032763698,38.059167206032
60.000000000000,32.675664137437,58.462125816070
15.011459266746,0.733275032531,38.393286140877
60.000000000000,60.000000000000,60.000000000000
15.108082191628,47.046637233372,50.083467894452
1.028839595497,15.842919892063,37.621075960172
14.302802375128,42.770499433819,6.271784493901
60.000000000000,60.000000000000,60.000000000000
60.000000000000,60.000000000000,60.000000000000
60.000000000000,30.300374453118,6.976775823174
8.428421026312,18.730827834369,41.664361230507
60.000000000000,60.000000000000,0.000000000000
14.797391158282,32.037234316362,22.488243260995
60.000000000000,60.000000000000,0.000000000000
14.448327241986,30.854741368166,29.569021223042
60.000000000000,60.000000000000,0.000000000000
15.326090964843,18.323567724531,50.528472366744
60.000000000000,60.000000000000,0.000000000000
28.638371000688,26.194822704210,60.000000000000
11.559188876611,29.816851316295,30.415727755808
23.678155205102,24.669333778466,25.890431611680
60.000000000000,60.000000000000,60.000000000000
60.000000000000,60.000000000000,60.000000000000
60.000000000000,60.000000000000,60.000000000000
14.933924470670,53.686120694701,18.560252881357
11.819434559690,27.001247305672,41.532038885674
60.000000000000,60.000000000000,60.000000000000
60.000000000000,60.000000000000,60.000000000000
7.169619729779,52.627831466505,27.749438133022
36.535860692806,53.480949004783,23.590479487554
60.000000000000,60.000000000000,60.000000000000
37.475552008063,60.000000000000,42.734147043407
3.302907576786,2.338156636390,59.471386104553
60.000000000000,60.000000000000,60.000000000000
44.533342149923,38.451702860388,27.757649651526
17.630269905165,31.851532289132,32.043234697287
13.468990883957,16.358484778613,26.683516907468
34.222824881007,14.850793043722,11.200288049304
60.000000000000,60.000000000000,60.000000000000
18.063716983696,2.917657323173,50.052996475027
29.110858737307,19.292650982008,44.432097160697
12.191398245075,26.324338132369,16.344780478475
60.000000000000,60.000000000000,60.000000000000
40.656977711613,53.671120592062,31.769813905657
14.909563902750,7.696914642878,43.267298715582
60.000000000000,60.000000000000,60.000000000000
13.113476363964,37.736080792354,2.364693808884
14.850455694012,29.584428393904,25.575680337789
12.397976066476,28.901360099218,8.193019917490
60.000000000000,60.000000000000,60.000000000000
60.000000000000,60.000000000000,60.000000000000
15.964041300401,27.456346893974,39.800548522442
16.951803092673,38.696872243924,36.844043127357
60.000000000000,60.000000000000,60.000000000000
12.198603922484,3.838934838315,31.329268839309
14.813461256354,56.238978999278,60.000000000000
60.000000000000,60.000000000000,60.000000000000
60.000000000000,60.000000000000,0.000000000000
1.494282669182,56.285402490783,26.635886775061
13.451510407343,26.755521287644,27.745752684563
60.000000000000,60.000000000000,60.000000000000
12.858498107370,29.402278460257,21.166351960485
10.512669226215,51.812720636988,15.762472659869
15.399230437280,24.726314405138,30.379621903886
12.049196414206,20.933954735910,55.979240119219
60.000000000000,13.205091342514,60.000000000000
60.000000000000,60.000000000000,60.000000000000
43.647612695088,9.977121507267,25.471382434277
11.240709874377,60.000000000000,60.000000000000
20.088967806904,24.736810152073,39.389234026044
20.129651367475,2.659124033977,56.909013263041
14.586405725106,27.876020495277,34.471237858873
19.048511731317,55.331795916280,44.496759046611
60.000000000000,60.000000000000,60.000000000000
60.000000000000,60.000000000000,60.000000000000
60.000000000000,60.000000000000,60.000000000000
60.000000000000,60.000000000000,60.000000000000
14.859532775574,34.831087499482,40.200337995652
8.221195857696,32.308879083272,49.159018125173
0.000000000000,0.000000000000,0.000000000000
17.747150614141,16.246817434798,26.921129941243
60.000000000000,60.000000000000,60.000000000000
42.498962016517,47.721248384964,43.987946020644
20.369691299784,32.729392994833,18.348299884223
17.109865540972,9.284284074573,29.888321074651
37.084691968154,0.493856077600,23.369065135961
41.746647075744,47.724651627232,9.708910355573
25.664665406411,30.365802503773,17.113607539349
17.620091860315,24.300643946443,42.143241207305
14.043285772923,14.563997137739,34.096584798847
36.985780700434,10.396808641770,24.028971766437
60.000000000000,60.000000000000,0.000000000000
16.232299889037,58.498955396222,6.177604314074
12.523565427015,37.317783672086,42.064886378347
60.000000000000,60.000000000000,60.000000000000
15.854300600877,40.984215364968,36.065116918252
24.569709593274,23.027980700804,37.856376166348
15.347314084186,24.131374824918,27.339611025144
60.000000000000,60.000000000000,60.000000000000
15.788402321517,36.356145063604,25.568199710743
12.443712978593,7.264422937447,56.015091858242
60.000000000000,60.000000000000,0.000000000000
2.698169052641,48.510956312910,55.048997577966
60.000000000000,60.000000000000,0.000000000000
60.000000000000,60.000000000000,60.000000000000
24.123132974208,38.247805982968,27.383511115555
17.045349337889,23.512799634896,33.005423393035
60.000000000000,60.000000000000,60.000000000000
20.957288388349,40.823267169203,14.508370731362
60.000000000000,60.000000000000,60.000000000000
10.951925284933,57.829192211364,2.275144682063
29.504764109907,37.503205333948,38.626888249554
19.348729024872,0.240728527792,56.443346961439
0.000000000000,0.000000000000,0.000000000000
29.187486552842,3.969460372592,46.880676663963
23.039281701000,34.443675871391,33.192518295338
60.000000000000,60.000000000000,60.000000000000
33.755245971948,38.846617807220,4.233137238586
19.031577649405,28.711240086748,1.947032083528
1.274613111505,56.852859727643,15.309063564973
60.000000000000,60.000000000000,60.000000000000
33.725612590305,13.242174265434,20.777167674950
60.000000000000,60.000000000000,60.000000000000
2.623287468060,42.537436541601,48.316460541380
20.396539157298,26.320673321934,50.470106442445
21.589017543361,25.777754068763,30.091469050670
13.508085875775,54.523624043084,9.929386226069
19.397779225114,35.800585434956,34.043733106586
15.979405766650,37.716299571449,7.475809469782
8.343716764303,30.086044684697,32.416053392091
16.220433675283,37.523180978783,52.176522324810
15.453689570892,33.716957672641,45.751827697570
60.000000000000,60.000000000000,60.000000000000
12.567147225205,30.820643433992,33.458767136249
28.584231159373,9.464563508338,50.027613082112
60.000000000000,60.000000000000,0.000000000000
25.299229795027,38.331327796288,59.543995308835
60.000000000000,60.000000000000,60.000000000000
18.628518544954,41.137366888810,42.111719841714
18.842521812744,31.450881312958,34.926691306311
13.425104712899,32.764207967432,28.846032444239
16.031828741273,24.148774424507,24.170980373529
60.000000000000,60.000000000000,60.000000000000
60.000000000000,60.000000000000,60.000000000000
3.838810642731,51.797294118321,38.185407900980
15.405867591867,19.506785048562,21.274937450265
55.645298221697,47.710946465263,21.761170977390
15.296646448183,45.808538472524,27.469615128201
47.534486690727,38.930787151000,55.708009818797
18.499931409771,41.872576249406,33.781566617276
60.000000000000,60.000000000000,60.000000000000
60.000000000000,60.000000000000,60.000000000000
16.642536452115,52.483893584707,6.217140364136
60.000000000000,60.000000000000,0.000000000000
17.555782261472,48.021931421981,43.546767115549
0.000000000000,0.310103778928,1.282029496080
18.674660068978,10.255761027264,47.216050308624
23.436185790619,23.422534475560,19.752265795563
60.000000000000,60.000000000000,0.000000000000
60.000000000000,60.000000000000,60.000000000000
18.607881392640,41.392530862941,3.119982320531
22.585702517213,11.368447298927,26.254014483864
60.000000000000,60.000000000000,0.000000000000
21.027350377034,23.180969744931,28.342827348348
60.000000000000,60.000000000000,60.000000000000
60.000000000000,60.000000000000,60.000000000000
22.799145101488,34.125719742323,45.769599865798
7.696128969072,35.183260454597,34.905545454196
60.000000000000,60.000000000000,0.000000000000
60.000000000000,60.000000000000,60.000000000000
60.000000000000,60.000000000000,60.000000000000
47.018776884595,60.000000000000,43.877372361056
22.549371002720,47.319352377257,33.012671525074
60.000000000000,60.000000000000,0.000000000000
60.000000000000,60.000000000000,60.000000000000
60.000000000000,60.000000000000,0.000000000000
60.000000000000,60.000000000000,60.000000000000
24.519058610216,46.362635331985,34.224826285837
6.958255374129,39.374843740652,0.000000000000
24.438989212844,37.048396703336,31.294892502180
39.940970260164,60.000000000000,57.960014873834
14.408773798779,32.258541730602,36.240544208261
22.525926159126,57.207424438155,10.207141968385
60.000000000000,60.000000000000,60.000000000000
22.248177526598,29.785025805459,19.248773285499
60.000000000000,60.000000000000,60.000000000000
60.000000000000,60.000000000000,60.000000000000
60.000000000000,60.000000000000,60.000000000000
23.743237684576,33.817891873470,12.946106664785
60.000000000000,60.000000000000,60.000000000000
29.428147819497,12.270868777936,14.742924251219
1.548797065647,4.182672162206,23.396323971595
21.272745242469,14.276241294143,22.428157313267
20.058758258151,50.411743083672,21.257930037027
60.000000000000,60.000000000000,60.000000000000
23.377283360556,42.019433327094,23.830677429928
60.000000000000,60.000000000000,60.000000000000
60.000000000000,60.000000000000,60.000000000000
2.189603451320,27.725201847846,26.291373246303
60.000000000000,60.000000000000,60.000000000000
60.000000000000,60.000000000000,60.000000000000
34.154551162864,35.603252487969,41.723477776702
3.622576296535,36.591566809110,18.851375940549
50.092408601581,42.105784982190,22.171122219908
34.012795688446,52.528448335921,48.998900976018
23.725030368189,36.482532767718,37.336599581078
23.098163436270,58.837175252676,28.323426770689
60.000000000000,12.851334026734,0.000000000000
60.000000000000,60.000000000000,0.000000000000
19.095969851443,32.824313957109,23.605543634580
60.000000000000,60.000000000000,60.000000000000
11.658625603604,22.225211524104,53.859399473612
60.000000000000,33.900791089084,0.228927960195
41.003775396929,2.498746385246,0.594351282551
29.017275959269,40.412861498907,36.986711650041
60.000000000000,60.000000000000,60.000000000000
15.526612556547,28.186032386106,5.100790984887
60.000000000000,60.000000000000,60.000000000000
19.827660347929,17.339677279637,50.989309764593
13.827844879455,30.664286979480,11.848803152032
60.000000000000,60.000000000000,60.000000000000
6.661147945132,22.509351535305,31.346564180205
60.000000000000,60.000000000000,60.000000000000
21.584674998954,40.029165792689,30.927629801473
34.698305564907,60.000000000000,28.889207327165
20.996849041866,18.276944650442,30.083067726524
60.000000000000,60.000000000000,60.000000000000
35.257676611628,44.332202476203,29.182777188709
18.232083346133,41.446416213854,26.601177144262
60.000000000000,60.000000000000,0.000000000000
60.000000000000,60.000000000000,60.000000000000
60.000000000000,60.000000000000,0.000000000000
21.764336321769,17.210380102192,37.722466227471
16.293391586095,15.376794474619,25.158625811302
22.373844259463,0.193183471580,31.627593699779
60.000000000000,60.000000000000,0.000000000000
20.689177157163,8.962580144802,26.795679148146
33.961514509350,15.539608350818,26.916982847988
8.943543190429,60.000000000000,60.000000000000
21.992073836143,15.462846013850,28.421587660255
21.476023113640,10.982909101486,17.359643676969
6.711741885678,38.889061926889,55.277341660972
9.043928049517,54.155969945006,55.483786773593
60.000000000000,60.000000000000,60.000000000000
21.925278386873,9.562346272196,47.318704169886
27.161131231514,23.293667724382,27.981869614054
60.000000000000,60.000000000000,60.000000000000
60.000000000000,60.000000000000,60.000000000000
60.000000000000,60.000000000000,60.000000000000
8.404806696918,3.112915150575,30.339539140620
20.138278461064,39.445135888867,7.715440818503
16.980382775982,22.520609516456,35.904660725659
22.413324679638,52.034449616433,23.546531749522
47.054397430571,54.481392698681,60.000000000000
22.394570251305,34.680799542730,57.069485786028
60.000000000000,60.000000000000,0.000000000000
3.261545825644,23.827000007104,4.043409990237
60.000000000000,60.000000000000,0.000000000000
15.454060114696,9.143582203436,35.250588608879
24.558104806194,27.448477166260,20.572951893663
23.401490533717,45.202684303553,30.716579870949
44.492834276450,11.908582286921,19.436972367891
60.000000000000,60.000000000000,60.000000000000
21.319653284646,21.594488847802,21.394525835438
10.305141526818,52.453094900544,18.111106031436
60.000000000000,60.000000000000,32.891404215940
60.000000000000,60.000000000000,0.000000000000
60.000000000000,60.000000000000,60.000000000000
26.986627499520,19.782440210025,47.048640725062
60.000000000000,60.000000000000,0.000000000000
24.215927983873,30.004042486434,6.563700943027
21.149090898554,57.403774213921,7.491311056175
24.025245508087,17.890485076158,25.524838129414
60.000000000000,60.000000000000,0.000000000000
60.000000000000,1.719946825549,45.450503017455
5.829117309334,37.705075013906,52.419372690126
60.000000000000,60.000000000000,60.000000000000
29.406418520991,29.281229331427,46.605735475570
60.000000000000,60.000000000000,60.000000000000
60.000000000000,60.000000000000,60.000000000000
60.000000000000,60.000000000000,60.000000000000
60.000000000000,60.000000000000,60.000000000000
60.000000000000,60.000000000000,60.000000000000
60.000000000000,60.000000000000,60.000000000000
31.022438818461,10.888827813823,2.531482379945
22.664988997636,41.055275599454,37.324895730370
57.821950517709,45.618498047770,26.144378837433
1.339895274970,51.641938717665,56.431838850816
60.000000000000,60.000000000000,60.000000000000
60.000000000000,60.000000000000,60.000000000000
60.000000000000,60.000000000000,60.000000000000
38.293944488946,16.550083953385,54.960484493024
60.000000000000,60.000000000000,60.000000000000
22.388550374499,44.796496082798,16.885758773147
26.217620979981,16.937904516047,0.541778143791
60.000000000000,60.000000000000,60.000000000000
25.867917419024,7.235167592725,17.250183798882
28.059652511518,41.247069718039,36.225096116049
28.697976226966,36.551330793313,17.288115802582
60.000000000000,60.000000000000,60.000000000000
59.469126646788,10.317932986484,13.537039457516
60.000000000000,60.000000000000,60.000000000000
25.899872018888,51.904381160705,25.151634166484
60.000000000000,60.000000000000,0.000000000000
25.978421993179,1.775957409177,58.626782044851
60.000000000000,60.000000000000,60.000000000000
25.243485454146,36.314231021314,8.554353020812
19.355542884197,11.696568230647,28.793295182138
53.566785353780,0.806448439131,31.561409922521
60.000000000000,60.000000000000,60.000000000000
60.000000000000,60.000000000000,60.000000000000
22.575959517387,28.884637806121,33.829911445824
60.000000000000,60.000000000000,60.000000000000
25.424405433356,18.616323041700,26.327725232169
24.014914899797,5.033763404363,51.492721416397
60.000000000000,60.000000000000,60.000000000000
60.000000000000,60.000000000000,60.000000000000
44.234694273971,1.316174598766,41.562171506218
60.000000000000,60.000000000000,60.000000000000
45.704199955263,16.695682258536,54.130345572014
60.000000000000,60.000000000000,60.000000000000
60.000000000000,60.000000000000,60.000000000000
60.000000000000,60.000000000000,60.000000000000
25.828074199672,35.404873226635,25.293987968163
60.000000000000,60.000000000000,60.000000000000
60.000000000000,60.000000000000,60.000000000000
26.107674166997,16.986994182649,12.185158565009
11.662301816052,11.847209241111,5.220779285850
24.989176450452,14.649219405543,11.547361465414
60.000000000000,56.250590540368,29.358447494895
25.768213870174,12.019119104557,52.878997449991
34.184618834929,34.948745758542,51.443592281600
25.793715718607,17.354499620342,18.681214235386
8.570462595119,51.306625739698,20.681345872864
1.714700198038,57.273819200962,49.051583358425
24.976212877716,28.370605082276,41.772650674410
25.152850295218,31.077108589120,53.853076785729
25.795160451640,20.673923571415,36.898232947204
50.958446569842,3.409954067335,27.832716686748
60.000000000000,60.000000000000,60.000000000000
47.835649204055,51.109817768461,37.744176540659
27.629376247612,32.897716598230,2.073871822683
24.517785854902,9.461249634420,34.833709874657
60.000000000000,60.000000000000,60.000000000000
50.812116243992,55.407059351152,37.348197510113
15.902688605627,20.625151647612,42.019851163299
60.000000000000,60.000000000000,60.000000000000
60.000000000000,60.000000000000,60.000000000000
60.000000000000,60.000000000000,60.000000000000
22.849038995836,32.836392707561,25.803049158531
21.039170220119,53.182430615151,16.573855809060
26.149118665849,20.044074472813,29.455680762078
27.744483978759,12.919604425265,24.732229198926
60.000000000000,60.000000000000,60.000000000000
26.131055437838,30.030383058025,31.372622695627
9.699173417526,6.037082963770,37.454971140635
17.217635084177,46.440109507438,15.971200099835
60.000000000000,60.000000000000,60.000000000000
59.764604395882,10.983024338924,47.214602044889
24.377309016905,28.561242843656,28.221232463619
39.075690030160,47.834304062725,54.760332572600
60.000000000000,60.000000000000,60.000000000000
36.325628386177,7.760482657309,44.332951933000
60.000000000000,60.000000000000,60.000000000000
18.707770077594,20.747663719877,15.260912404837
60.000000000000,60.000000000000,60.000000000000
30.244602599560,56.941894992899,40.283328689654
60.000000000000,60.000000000000,0.000000000000
57.960263005223,16.915318346489,17.130853874989
30.663351026112,39.913716576576,26.766222217991
60.000000000000,60.000000000000,60.000000000000
24.525660829206,47.097513277992,9.096580569702
35.478848529812,38.384594327098,48.163608890281
32.267129047986,22.482772873675,38.955557811963
59.719686254383,37.376350073390,48.933416201093
29.996875818981,47.097524228210,16.876450479914
28.873920336377,22.112144749309,56.277377452143
33.393942350116,37.701378333572,42.563942824948
51.046858275250,39.184880180984,39.478980927184
60.000000000000,60.000000000000,60.000000000000
36.343004521508,47.593329896168,26.600101772756
60.000000000000,60.000000000000,60.000000000000
31.920578189469,15.500362416432,19.012828078938
35.363626095413,46.237781171161,37.750095836061
31.958445665987,38.855952576153,60.000000000000
60.000000000000,60.000000000000,60.000000000000
30.292802535536,13.327752081049,58.436631827929
60.000000000000,60.000000000000,60.000000000000
13.656989651032,46.765081958927,0.911708426465
31.624694226854,42.356575854822,20.152202193290
45.688822216611,3.562634192400,16.677027209762
60.000000000000,60.000000000000,60.000000000000
45.452152200591,33.153980116321,24.466333544633
44.473698799625,60.000000000000,13.652299996869
32.524970407134,30.010494982488,34.145184394900
60.000000000000,60.000000000000,60.000000000000
60.000000000000,60.000000000000,60.000000000000
49.655702061990,54.544251204471,50.118704061230
25.476516448254,30.257072513299,24.761089020208
14.259779243694,34.622225235833,19.947042083005
60.000000000000,60.000000000000,60.000000000000
24.894137465028,22.032776659242,26.172997692370
48.922907537250,58.144432532966,8.990217065756
34.396038129922,29.366423398902,23.227464339036
34.218438773085,53.910821887865,14.678474401581
60.000000000000,60.000000000000,60.000000000000
60.000000000000,60.000000000000,60.000000000000
60.000000000000,60.000000000000,60.000000000000
60.000000000000,60.000000000000,60.000000000000
59.105446913073,42.338195915229,23.756273898945
25.729248735179,50.528883605017,7.727841867633
55.302117861283,4.765915097894,42.097266698905
24.425861140819,1.651760678544,8.032031688913
45.809422672555,9.369838110742,20.499966194082
31.108919948283,55.657694612280,58.082663975940
20.306678508972,5.169592587704,60.000000000000
12.972075344928,58.861572005025,28.913363496771
60.000000000000,60.000000000000,60.000000000000
34.293764996538,59.482954022467,22.980496076635
29.479874111576,23.765543387203,28.498396247431
29.016355080855,39.162983837840,13.835685346832
60.000000000000,60.000000000000,60.000000000000
32.833015431114,31.469559749576,50.812213754779
26.199488143788,30.893966397924,36.699846203195
38.670861557984,9.275411342091,30.620372656924
60.000000000000,60.000000000000,60.000000000000
60.000000000000,60.000000000000,60.000000000000
60.000000000000,60.000000000000,60.000000000000
60.000000000000,60.000000000000,60.000000000000
34.476781754302,33.596696395660,27.010620263757
28.965110928529,53.077529345067,48.610646738422
43.180436204958,29.537871640467,24.903554650272
31.613653854912,17.853988614373,59.743022429527
28.633493466672,23.141013177384,22.259960033602
49.055446849512,30.360154653104,6.665834513177
27.121078876515,19.121775551268,30.148379878099
60.000000000000,60.000000000000,60.000000000000
60.000000000000,60.000000000000,60.000000000000
37.261689905891,20.150714550305,57.607397384778
21.835605061023,30.639318367213,31.289201586065
30.107271595029,30.700647514271,45.221254507637
10.485647850406,3.323051124456,41.199911165128
32.451442392455,45.154877523862,26.018111651041
39.963360569353,20.700366409793,56.665058649566
35.898856537561,60.000000000000,39.376931506190
60.000000000000,60.000000000000,60.000000000000
27.327714563117,21.885638260174,23.115370424425
60.000000000000,60.000000000000,60.000000000000
60.000000000000,60.000000000000,60.000000000000
34.853751108720,24.494972880039,35.817970764711
27.336054997057,13.345198792381,21.474684352138
25.716966130919,15.384055303020,40.476972211831
21.826504866928,32.869488187208,24.790881815580
27.339201721080,31.140733125370,33.422876210737
0.000000000000,60.000000000000,60.000000000000
46.551475083990,17.447166142648,45.026927112175
14.651117087267,41.447967848681,50.115911913400
34.882354798127,26.230963511275,38.259203597573
29.811159320327,17.327919793897,1.317534790838
60.000000000000,60.000000000000,60.000000000000
30.112673209343,53.340856112069,22.710484720071
60.000000000000,60.000000000000,60.000000000000
10.673250145715,6.514983107407,39.865680199823
43.560198094186,5.230959565833,12.869298004271
60.000000000000,44.668232541855,24.055491130364
60.000000000000,60.000000000000,60.000000000000
60.000000000000,60.000000000000,60.000000000000
60.000000000000,60.000000000000,0.000000000000
30.746841863326,37.464127894039,47.129304095594
44.209814952048,0.914525108757,1.105520532386
43.233778274370,5.572565519977,4.072737855651
60.000000000000,52.778268917200,38.297751527221
60.000000000000,60.000000000000,60.000000000000
2.347498666135,42.277772290269,25.050141392275
60.000000000000,60.000000000000,60.000000000000
60.000000000000,60.000000000000,60.000000000000
32.138501663990,4.501232274361,31.501260703840
60.000000000000,60.000000000000,0.000000000000
23.671130887796,19.025384794535,53.626697384035
60.000000000000,60.000000000000,60.000000000000
19.696251056324,25.698068602904,15.696678399834
34.556281696707,22.603700671376,35.994883955264
60.000000000000,60.000000000000,60.000000000000
32.575905814874,35.135481221856,35.667767250025
34.163078697038,31.220513731082,31.871301160752
36.482618118510,43.502955278692,36.696722734648
60.000000000000,16.210862476675,24.761313301359
35.504268688409,41.575397888632,36.176114308533
60.000000000000,60.000000000000,60.000000000000
60.000000000000,60.000000000000,60.000000000000
25.808415173901,22.871995801302,44.870031379544
0.000000000000,0.000000000000,0.000000000000
35.797321627124,0.357262096976,14.720350205070
12.773909689587,55.271317797626,0.800656782696
32.193267039349,43.149705776344,9.164642672678
53.319527195300,31.697393236720,25.997012634697
26.115597189677,50.955636411910,58.640747698295
60.000000000000,60.000000000000,60.000000000000
60.000000000000,36.134949624539,21.522311012823
23.013137928404,52.888133383631,26.426225522662
26.282162100247,22.976662060070,6.551768965534
25.288565950544,40.736660607793,41.889024201526
35.635809609856,26.057792798984,56.958177683784
10.026363935403,54.512472884170,39.927608955260
60.000000000000,60.000000000000,60.000000000000
60.000000000000,60.000000000000,60.000000000000
32.345550060184,48.258397257729,33.045596747791
32.412447007430,38.094155755122,36.539001505114
41.319583816376,3.808270417621,8.029666074822
30.530125777853,36.121013716972,40.183218067759
37.973796669125,8.527239050603,41.752458289537
60.000000000000,60.000000000000,60.000000000000
29.548447077438,0.408308687463,22.964220507887
60.000000000000,60.000000000000,60.000000000000
28.568785524872,45.871857483288,3.023310041186
32.715796703014,30.778623409296,28.312593958780
49.926832051632,18.016499284499,30.343325515368
59.303341513035,10.698398487930,9.735648124096
32.220501951719,48.886459436303,13.738301945889
60.000000000000,60.000000000000,60.000000000000
27.971551339381,54.881948295089,4.527804098092
60.000000000000,60.000000000000,60.000000000000
30.039470295511,50.803038981456,9.018320398937
34.176822028211,24.759622612983,28.779633600259
37.222180682556,8.309437125269,27.318033481702
23.113293199448,30.483682184292,21.162704562614
34.814123776970,0.183315968083,20.699512359198
12.119861307435,38.764416349886,23.574429970937
60.000000000000,60.000000000000,60.000000000000
0.000000000000,0.000000000000,0.000000000000
52.535119448990,41.029992505478,29.919850078504
53.689934974388,60.000000000000,60.000000000000
60.000000000000,60.000000000000,60.000000000000
60.000000000000,60.000000000000,60.000000000000
60.000000000000,60.000000000000,60.000000000000
54.549216370104,5.424767370837,56.084879144596
33.338627850220,16.675792910710,50.388256675392
6.633306481947,33.527724307963,58.580298035586
16.457028963290,42.994076924715,5.756954425669
37.637349119261,27.785860948559,40.849157177562
33.622586310449,10.677935885808,32.924136442970
46.957302224303,53.616854513625,13.044074635936
30.465060803186,23.863907011545,12.682585604606
35.269306624899,32.736080564469,31.738297386589
39.693754230642,21.014948129608,8.823620557215
24.035520142568,26.915533394943,46.111594942873
27.950389256816,24.616288362237,3.848145229691
60.000000000000,60.000000000000,60.000000000000
33.459711832826,34.958749676083,15.397324602214
6.224579577442,60.000000000000,22.028616670860
31.392798143653,34.566453224386,25.206678268634
25.185661490585,19.136826525424,34.986304467858
18.871385938218,30.638942744252,1.469979369151
42.361341838015,15.359242290214,53.905638041054
53.306828185343,55.824672686899,38.998262225049
60.000000000000,60.000000000000,60.000000000000
45.901551775341,16.879067135965,33.131994157871
60.000000000000,60.000000000000,60.000000000000
60.000000000000,60.000000000000,60.000000000000
59.230075665973,3.205019392369,34.465916081397
40.734458799884,56.394413716480,55.161196301567
38.478363828410,24.050442214423,34.246016939891
55.301776690182,48.205062623978,7.455699090118
60.000000000000,60.000000000000,60.000000000000
27.826272734111,6.961985744336,1.580208350393
60.000000000000,60.000000000000,60.000000000000
58.149777257734,46.681761656628,47.903536302025
41.125469816556,40.808089389467,41.233522256966
33.818721992861,1.438750891181,54.214987981302
60.000000000000,60.000000000000,0.000000000000
60.000000000000,60.000000000000,60.000000000000
47.501189151569,29.953673740723,32.944918374309
60.000000000000,60.000000000000,0.000000000000
60.000000000000,60.000000000000,60.000000000000
33.170787875844,15.143443266357,31.922815043594
40.824429447784,39.489397092094,21.997910199460
2.061143162768,20.222174479739,60.000000000000
35.804554103523,28.111087364818,7.830594504643
60.000000000000,60.000000000000,60.000000000000
44.920227056805,37.895004563655,51.889461346566
40.212253510556,44.262981203242,4.673655142368
39.878708049796,27.433048429709,28.089448327030
35.108640501262,26.146012820456,32.022028531980
41.028885237265,23.774783707312,24.851698020224
27.761885857499,2.513867087817,19.625956470417
40.154941193528,33.445727835170,34.478866016151
40.032786368865,23.409991211662,21.599638120546
16.347232537451,42.118694481563,39.598739003175
39.086158970347,1.728584627809,23.162314561475
27.288904228059,39.024532418078,19.182897040324
24.181106476149,2.650894790560,55.041657713530
41.664501171574,36.790353827258,26.893198809095
40.654835104660,12.993534462292,32.314510922824
60.000000000000,60.000000000000,60.000000000000
60.000000000000,60.000000000000,60.000000000000
60.000000000000,60.000000000000,60.000000000000
60.000000000000,60.000000000000,60.000000000000
41.533970218311,31.462581530008,26.921187097308
60.000000000000,60.000000000000,60.000000000000
0.000000000000,60.000000000000,60.000000000000
27.787926397223,19.799541110652,45.596439945010
60.000000000000,60.000000000000,60.000000000000
60.000000000000,22.512413097885,60.000000000000
17.950914118014,25.340083326680,10.681229120332
38.182028627371,59.517147151268,2.174016668647
60.000000000000,60.000000000000,60.000000000000
60.000000000000,60.000000000000,60.000000000000
60.000000000000,60.000000000000,60.000000000000
39.476157473271,27.966485594194,33.300454887347
60.000000000000,60.000000000000,60.000000000000
37.279945708730,21.217635632705,35.718605763460
35.906660106676,21.865876000935,24.184946506126
20.083957608024,40.830304183246,43.096671559138
17.623069341402,30.374880666069,25.069770304390
37.852034911073,37.231986389228,12.140836616500
29.003854657557,54.515238135054,54.755033971303
17.927044747184,49.649957815766,39.848429071030
37.604927397590,39.755950300487,19.178938636883
39.070483330404,36.938337656437,0.052487995699
60.000000000000,60.000000000000,60.000000000000
40.136184109081,17.834335495172,12.351146299135
3.925526871010,19.447681153112,16.800736155067
22.323838766986,20.536874009451,18.815401593162
60.000000000000,60.000000000000,60.000000000000
28.388304167175,2.458767649556,2.212422350320
60.000000000000,60.000000000000,60.000000000000
36.805745585738,53.135496113067,58.954742214910
60.000000000000,60.000000000000,60.000000000000
37.354903534914,10.527648331492,46.072258147949
52.365348820115,10.357290221167,17.486433340130
38.449648129910,15.479319537804,56.869616583734
26.087259408160,24.840720663882,18.483465673084
31.218464458511,18.916373912082,24.570455840199
60.000000000000,60.000000000000,60.000000000000
39.140196263230,20.687026331453,10.061834670933
60.000000000000,60.000000000000,60.000000000000
37.923606037048,40.218170944858,17.194042004734
34.801862124218,40.823666757478,28.412996705708
39.696984762130,16.061080062831,28.660021044386
24.242052155840,1.539149033119,22.378384097978
37.635099949880,50.598518134836,17.276393052208
41.274398810596,36.909708711751,37.175311641537
37.983720189113,59.198393482715,7.661027577696
60.000000000000,60.000000000000,60.000000000000
34.164078996240,6.784530453182,56.882555647960
60.000000000000,60.000000000000,60.000000000000
60.000000000000,60.000000000000,60.000000000000
36.398354883878,37.594742230295,15.522919324149
60.000000000000,60.000000000000,60.000000000000
0.000000000000,9.319969855108,60.000000000000
60.000000000000,60.000000000000,60.000000000000
37.937840605531,36.242090418334,35.214894806445
60.000000000000,60.000000000000,60.000000000000
42.585433343269,10.401384186748,3.527617826785
47.675269548846,28.757503483752,49.150274262276
38.596901069211,23.766943512890,38.839260912083
60.000000000000,60.000000000000,60.000000000000
60.000000000000,60.000000000000,60.000000000000
60.000000000000,60.000000000000,60.000000000000
37.678164750951,30.026191796210,25.605730723558
36.948743583545,0.664112578851,19.270099350222
36.326586022505,39.580809109927,34.323034200047
38.050791180220,9.032036698344,12.037403626976
60.000000000000,60.000000000000,60.000000000000
60.000000000000,60.000000000000,60.000000000000
27.341277281754,41.552459929318,29.264206569827
60.000000000000,60.000000000000,60.000000000000
44.272472335970,33.036216200885,19.279172915002
60.000000000000,60.000000000000,60.000000000000
42.475929492966,36.827110239894,39.992209144696
54.923635201549,16.247648951383,33.973670941934
60.000000000000,41.286220110025,11.572964058160
39.079621910822,7.618155665271,55.348760907632
44.443287563038,35.723476626600,21.816879774858
41.959238423215,9.721294470693,38.548580351642
60.000000000000,60.000000000000,0.000000000000
1.485918851778,60.000000000000,0.000000000000
22.301151476720,0.144968042544,0.975657936570
60.000000000000,60.000000000000,60.000000000000
24.086382270377,30.885610682543,25.262643490960
60.000000000000,60.000000000000,60.000000000000
51.281037122864,58.097466740252,41.694439165405
36.047783845293,10.324567491908,57.192698702364
39.443658952493,3.787886392162,1.416336179610
60.000000000000,60.000000000000,60.000000000000
60.000000000000,60.000000000000,60.000000000000
43.569534144431,28.511280279814,3.849072494115
60.000000000000,60.000000000000,60.000000000000
45.820145311996,4.382039148187,57.119489230789
60.000000000000,60.000000000000,60.000000000000
60.000000000000,60.000000000000,60.000000000000
43.939352809590,28.213141803629,25.075785735359
42.218420006862,29.782353070360,48.511671682778
35.421867334679,31.242957533487,38.575317717460
42.089423535617,9.390243948807,18.040658424344
55.357264789718,7.762078074602,51.307953965079
60.000000000000,60.000000000000,60.000000000000
60.000000000000,60.000000000000,60.000000000000
34.570351789801,15.768215378784,48.683308313943
15.600674697476,21.099125806675,58.744633338961
22.012820028462,41.593701431326,60.000000000000
47.770691393777,29.123326937133,46.886538110652
41.921982389402,0.026728059406,28.951419147699
60.000000000000,60.000000000000,60.000000000000
43.013828618601,10.178646574803,22.447988833224
41.538234100525,24.661897089096,24.479331850377
60.000000000000,60.000000000000,60.000000000000
41.166565848234,28.210493244190,22.996975042440
40.708101846285,13.947238800157,13.789929656556
38.197904518242,22.258102349219,28.963646875214
43.173276194317,36.477913493959,49.205744351921
60.000000000000,60.000000000000,60.000000000000
49.503558476095,47.019257528029,1.881356494312
60.000000000000,60.000000000000,60.000000000000
8.161995263296,4.838130948823,40.345601304207
1.245587107261,23.652541866052,34.303740150562
37.534947189873,15.516737077717,12.732989327081
41.277892007944,31.391515484962,27.053614728780
60.000000000000,60.000000000000,60.000000000000
38.299833694465,24.243117724973,47.863400227428
38.604197684316,36.621964859463,8.747319815319
10.214115063700,28.359089906837,31.063263914549
60.000000000000,60.000000000000,60.000000000000
43.969582942800,22.813155816929,37.053049953848
46.600982295009,54.358782400248,38.960497983833
45.560729761523,19.581052196713,17.827748931808
60.000000000000,60.000000000000,60.000000000000
60.000000000000,60.000000000000,60.000000000000
60.000000000000,60.000000000000,60.000000000000
36.912202601666,28.299798705100,20.497801049594
41.725429581164,7.612645042836,45.261514704305
32.987284079423,23.337151632450,14.614315699611
42.267322664441,16.566262512111,2.894761783313
60.000000000000,60.000000000000,60.000000000000
32.799077245006,5.662620966924,37.108405742164
60.000000000000,60.000000000000,60.000000000000
60.000000000000,60.000000000000,60.000000000000
44.366945902837,35.010210684212,35.427725746153
37.218009387044,49.291509835804,39.158345586500
49.772621387066,31.830433888410,23.593844203841
60.000000000000,60.000000000000,60.000000000000
40.941818151765,33.340643179594,34.869098483812
43.424554421202,34.054855482734,57.267045325675
47.188716814857,33.610595917623,27.417290162113
13.386214706415,12.568852026206,21.873304859124
45.602432823950,31.342430922231,41.034359605784
43.684556128561,41.137613112992,40.294194361356
36.481094753008,22.058144083979,21.833454349430
35.361446895566,54.096664519826,15.544974599456
60.000000000000,60.000000000000,60.000000000000
60.000000000000,60.000000000000,60.000000000000
38.025198996435,37.765448843648,26.337991081740
39.549304411459,34.465050153683,28.514555230904
60.000000000000,60.000000000000,60.000000000000
43.888718490631,25.652919741502,5.357493196520
60.000000000000,60.000000000000,60.000000000000
41.180221812990,21.461650180876,4.039270862939
38.414794765896,18.363361902147,23.903903792749
8.068938720503,5.822155727015,16.458186701673
60.000000000000,60.000000000000,60.000000000000
40.087318851632,5.228787147217,45.898628759291
31.045724095645,31.064217039185,54.194483266656
42.952869453677,20.909453045238,42.726902383537
60.000000000000,60.000000000000,60.000000000000
39.763545345079,7.444387881147,29.476435391373
60.000000000000,60.000000000000,60.000000000000
60.000000000000,60.000000000000,60.000000000000
46.504174585035,31.638634125404,21.684803209268
60.000000000000,60.000000000000,60.000000000000
60.000000000000,60.000000000000,0.000000000000
60.000000000000,60.000000000000,0.000000000000
22.838598532913,56.107601303013,55.191131369601
60.000000000000,60.000000000000,60.000000000000
36.683154197073,6.094637946986,50.507926643260
60.000000000000,60.000000000000,60.000000000000
44.771282998632,40.863681297093,30.936353969007
60.000000000000,60.000000000000,0.000000000000
60.000000000000,60.000000000000,60.000000000000
44.205345009627,49.137897972526,49.845635735651
20.982275132717,30.248244383060,57.484031466061
44.511211941839,44.351689950171,7.375844914957
60.000000000000,60.000000000000,60.000000000000
51.417582871545,44.809291406761,35.332942580967
60.000000000000,60.000000000000,60.000000000000
44.775783513553,21.469510833684,25.163841273079
34.791770437745,10.725813438789,11.383968928691
60.000000000000,60.000000000000,60.000000000000
49.261301838135,20.627034219973,31.691823508323
45.380562631006,15.733282796154,30.029705542199
60.000000000000,60.000000000000,60.000000000000
42.607345935287,2.091352096512,54.488178085572
48.006310014918,21.201244972497,21.811840409578
47.554687495803,47.153386252666,5.811440735921
47.472076118544,40.209100589057,25.975797501978
60.000000000000,60.000000000000,60.000000000000
60.000000000000,60.000000000000,60.000000000000
60.000000000000,60.000000000000,60.000000000000
36.445232901939,17.105789710753,38.797215623415
43.546942224952,18.363665999436,19.614474437799
58.491228211502,38.130025847791,31.168646041585
60.000000000000,60.000000000000,60.000000000000
60.000000000000,60.000000000000,60.000000000000
60.000000000000,60.000000000000,60.000000000000
53.021382251374,22.500953682121,30.027250831639
33.610041366793,37.366983719839,15.130236204343
42.112287643001,32.077439589118,32.476644210324
38.823686245915,31.396654447570,40.398020129553
29.046113049138,22.953255837534,50.362457362545
60.000000000000,60.000000000000,60.000000000000
40.588669605553,22.254345670246,31.343660796994
45.101697398737,42.245685564791,0.243879919854
60.000000000000,60.000000000000,60.000000000000
47.163653579194,3.330809634681,26.696864351992
44.022025617075,56.250858849257,48.254354971636
50.335435471602,15.751580129547,28.156844312188
43.192925508718,26.674719790445,21.777758793850
46.505129782058,28.449283165644,8.043469269186
27.755010595205,54.658784403538,60.000000000000
39.039605066393,5.493194401870,38.317268785035
43.943565553248,43.937236034800,14.764342065461
49.663092683336,52.892737412751,15.500619464113
43.404491332300,27.610895543734,25.413548605608
60.000000000000,60.000000000000,60.000000000000
41.985186261899,8.010115265240,60.000000000000
46.484089974029,46.303859907681,14.286400258639
43.780917389421,37.355029307613,37.439344994013
47.531628203831,40.618860114113,16.556635774605
42.604736157786,37.723968598646,24.504242494127
60.000000000000,60.000000000000,60.000000000000
56.099856285404,32.197751904774,34.572953668183
47.245699558330,53.304655443415,44.250870791821
60.000000000000,60.000000000000,60.000000000000
60.000000000000,60.000000000000,60.000000000000
53.160758949879,57.605703212501,34.124570505740
29.379175818028,13.322205009917,15.169846638669
31.527246703554,23.679177996688,44.685556960422
28.966296599069,48.319255456032,24.725482440578
46.252444280919,27.265907701515,34.934596722639
26.069769146046,30.249866066100,53.665162066616
44.443749501490,25.715893133458,36.115068161155
60.000000000000,48.704420368028,51.763269860226
45.189785129812,33.824686455780,43.936858694249
60.000000000000,60.000000000000,60.000000000000
51.867498708185,48.578391964657,27.353847988524
51.025548287533,60.000000000000,22.075383700385
60.000000000000,60.000000000000,60.000000000000
32.995394356215,20.239492614792,58.913806498538
9.663217614630,23.307623385043,48.777791103073
60.000000000000,60.000000000000,60.000000000000
47.399287463362,36.308188626161,25.274450735591
32.756843352376,60.000000000000,55.715867286766
49.804121363559,31.123449959833,30.136625950637
44.382226201818,55.751894429034,32.484251122725
58.758518022978,18.200316048620,6.879103517489
60.000000000000,60.000000000000,60.000000000000
60.000000000000,60.000000000000,60.000000000000
60.000000000000,60.000000000000,60.000000000000
38.301742687895,41.525296745266,43.835146361400
42.419675522190,0.448328265931,23.684617264853
45.787147584711,29.557057024667,38.249205118923
31.218625632124,37.779748478848,45.757554190865
60.000000000000,60.000000000000,60.000000000000
60.000000000000,60.000000000000,60.000000000000
60.000000000000,60.000000000000,60.000000000000
41.817514579099,34.830989094369,48.551367253530
46.097959932316,40.854680602278,34.470933717899
10.743903470636,2.418831600395,57.034340448383
60.000000000000,60.000000000000,0.000000000000
16.777941231600,23.016787079641,44.009289122084
60.000000000000,60.000000000000,0.000000000000
40.013028803540,26.497840498914,32.425999471724
41.873616601233,25.805215832177,45.955339979640
38.490615465656,60.000000000000,60.000000000000
52.524927433086,33.984862718718,29.432203769081
49.774863968851,23.767178178915,58.215360471380
34.547197928402,48.195259346941,20.787414634402
60.000000000000,60.000000000000,60.000000000000
45.364457889905,23.000274712002,17.978324440415
48.865306303124,2.725477364418,30.140692206885
60.000000000000,60.000000000000,60.000000000000
48.645317897371,15.036092944888,41.736325476128
21.866999466841,48.587701352920,26.778192791094
51.225724973824,0.093027103927,42.343559742268
14.684455097005,20.998532849513,27.956551633721
48.417752927202,2.495463686597,37.264837031590
53.622934918461,10.336491422072,16.416306484132
54.076356090234,21.238414413092,5.590362387467
53.219443690587,26.104645592981,21.881584097122
17.325858540483,25.649170009636,33.256588778200
35.449470649024,55.139224798423,15.149477408815
60.000000000000,60.000000000000,60.000000000000
60.000000000000,60.000000000000,60.000000000000
58.339386645096,4.922987173058,24.575631293832
36.752511689729,21.055413040901,53.597805640556
60.000000000000,60.000000000000,60.000000000000
60.000000000000,60.000000000000,60.000000000000
49.446214575664,34.687466752803,49.560479926861
36.310887311860,49.803017651150,60.000000000000
6.549622956971,52.243199663411,58.459066411778
53.308648448375,41.648442477065,20.984344042868
13.490247325674,29.306841290041,54.891097458698
60.000000000000,60.000000000000,60.000000000000
50.385735294642,34.233036112225,0.467281864323
60.000000000000,60.000000000000,60.000000000000
50.301570495595,33.153829631991,5.437232005329
60.000000000000,60.000000000000,60.000000000000
60.000000000000,60.000000000000,60.000000000000
60.000000000000,60.000000000000,60.000000000000
49.066917463740,3.634294209167,42.435337473464
8.872877855783,15.649858682088,49.122178505312
46.887495824128,22.060515444384,60.000000000000
56.651393997660,45.431504385279,27.722825398009
50.162332369878,47.878690140465,24.945550518153
60.000000000000,60.000000000000,60.000000000000
20.430183837273,5.859647187300,31.111936814964
60.000000000000,60.000000000000,60.000000000000
60.000000000000,60.000000000000,60.000000000000
4.768779834320,38.270936051528,14.733626642308
52.140217838930,4.337303472231,21.426512121624
56.456537584740,11.532490918208,21.555868050275
24.176709904649,7.482589508985,3.556983850401
49.672316096677,34.605452686826,22.424176313881
49.239262040335,45.641834689766,3.274165257583
47.064313653708,38.391443089463,40.285552959894
51.985550618009,35.515658199209,54.238840793085
50.742910602246,30.266886649538,34.512998344940
60.000000000000,60.000000000000,60.000000000000
48.024968755026,44.245325298931,24.314152768997
60.000000000000,60.000000000000,60.000000000000
0.000000000000,29.879045515114,60.000000000000
60.000000000000,60.000000000000,60.000000000000
49.932809642864,40.368204173027,0.000000000000
60.000000000000,60.000000000000,60.000000000000
45.388181017897,16.753121808193,17.506934416009
60.000000000000,60.000000000000,60.000000000000
60.000000000000,60.000000000000,60.000000000000
60.000000000000,60.000000000000,60.000000000000
53.651705794887,36.513164192013,39.076118182724
2.729559493158,5.609777053572,42.595888494084
60.000000000000,60.000000000000,60.000000000000
48.367944206659,51.613562420993,39.148649983364
60.000000000000,60.000000000000,60.000000000000
52.171302974552,53.432914223344,40.176803705109
60.000000000000,60.000000000000,60.000000000000
49.846696641249,42.214068081313,1.085741135528
7.024358790316,57.208236582068,60.000000000000
34.417336486946,52.038132750934,58.195286808289
46.109571517069,24.804170036856,1.342493376936
58.818197160826,20.218112405420,38.903720306616
37.670609021422,28.340994535121,41.659537227413
60.000000000000,60.000000000000,60.000000000000
29.389926841717,51.177374535911,4.705150090659
49.490189057487,14.854625303822,33.667352261152
60.000000000000,60.000000000000,60.000000000000
7.681900704593,49.062730331680,34.749127019822
47.247486633326,26.956377578055,24.890745996827
50.403245317222,6.905984332661,10.059941178773
42.824820548944,38.897766895883,24.510535484203
60.000000000000,60.000000000000,60.000000000000
60.000000000000,60.000000000000,60.000000000000
35.200954841816,36.389391552493,57.075319375694
40.198550101408,45.610483236560,10.582404249757
60.000000000000,60.000000000000,60.000000000000
43.574890599965,6.106511005551,20.103758746935
50.376169023239,41.247069791787,45.130072675265
47.378436962077,33.767524851733,32.014915342475
60.000000000000,60.000000000000,60.000000000000
1.191948028985,0.621897911039,19.989367717143
40.224704152045,48.215238522505,32.210948903628
60.000000000000,60.000000000000,60.000000000000
35.794892674154,33.327416311516,4.851463304657
37.909936190935,37.165114049610,43.341743625838
60.000000000000,60.000000000000,60.000000000000
54.441534404958,36.052215411103,27.497460008113
55.427548986806,1.474900429198,8.694058413726
39.149230454444,60.000000000000,53.235535058283
60.000000000000,60.000000000000,60.000000000000
60.000000000000,60.000000000000,60.000000000000
52.957500376775,17.931942902163,10.417192876388
25.312435658947,29.180861684666,37.253100711071
60.000000000000,60.000000000000,60.000000000000
60.000000000000,60.000000000000,0.000000000000
53.136195409641,16.431963982634,3.446639618335
60.000000000000,60.000000000000,60.000000000000
3.453565890426,33.195849742035,22.115700654462
60.000000000000,60.000000000000,0.000000000000
55.193688696761,45.574632406179,7.655212519357
22.122280733193,42.011003292402,59.322266200909
52.341340235116,31.599761424415,38.383430630228
33.242291234897,18.094371722125,27.767626476298
54.240058171441,5.474400141361,11.840487651297
60.000000000000,60.000000000000,60.000000000000
55.157626931749,17.415950778118,40.209387959189
60.000000000000,60.000000000000,60.000000000000
60.000000000000,60.000000000000,60.000000000000
9.693400863702,7.661880346340,47.081373794905
53.590090857762,16.491413396611,54.422484991796
60.000000000000,60.000000000000,0.000000000000
60.000000000000,60.000000000000,60.000000000000
60.000000000000,60.000000000000,0.000000000000
60.000000000000,60.000000000000,60.000000000000
48.622341419087,25.553326352030,13.993808837047
60.000000000000,60.000000000000,0.000000000000
60.000000000000,60.000000000000,60.000000000000
56.326422456266,48.276615098729,27.412882580524
60.000000000000,60.000000000000,0.000000000000
20.890518693830,2.429843743610,34.864039529557
60.000000000000,60.000000000000,60.000000000000
52.162550325756,25.934471158396,29.090528861962
53.149132517021,42.977466721583,21.766355338750
52.786740576402,51.609643052177,23.662385088345
60.000000000000,60.000000000000,0.000000000000
17.158313288364,33.488590027463,2.909198065824
57.019165650700,23.811071054900,27.403233746030
60.000000000000,60.000000000000,0.000000000000
0.000000000000,60.000000000000,60.000000000000
54.585982323944,49.355698580605,37.287102627728
45.187798813101,17.001368581547,31.917664047195
60.000000000000,60.000000000000,0.000000000000
53.526339016534,21.988237828194,23.679984293948
54.501899569469,31.429237107705,12.303188177776
56.337819885477,33.548122896302,35.784710854065
60.000000000000,60.000000000000,60.000000000000
44.599327393256,40.621070857833,24.512922040183
60.000000000000,60.000000000000,60.000000000000
58.029146568939,28.299228865746,25.254416483202
53.421037699543,16.537210092939,15.190906319405
60.000000000000,60.000000000000,60.000000000000
52.321429700836,21.210450697362,45.672247597596
49.480344226385,41.819759136978,36.021612408102
60.000000000000,60.000000000000,60.000000000000
60.000000000000,60.000000000000,60.000000000000
54.332714795425,8.842828338355,29.171229815584
54.329789166529,38.698436338906,28.234831356293
48.660410824039,43.698832637706,57.662984829221
31.705935755947,49.333708526081,43.813646737202
55.576869960208,10.819186888118,9.387696070127
54.290433155120,22.383535176149,19.326839943139
55.798829060905,27.316217869401,7.937925738621
60.000000000000,60.000000000000,60.000000000000
54.391165698434,31.817586812423,16.373928536726
40.125546246251,48.068780950100,37.553678228755
60.000000000000,60.000000000000,0.000000000000
60.000000000000,60.000000000000,0.000000000000
20.600262788798,22.479423049490,23.610607437832
60.000000000000,60.000000000000,60.000000000000
60.000000000000,60.000000000000,60.000000000000
60.000000000000,60.000000000000,60.000000000000
19.158306540999,15.302075996183,0.564452679289
42.017354855957,25.527088748060,19.289237505284
43.346443484441,26.572950904512,38.778694407583
60.000000000000,60.000000000000,60.000000000000
60.000000000000,60.000000000000,0.000000000000
37.181568522088,10.648699653557,49.279670426585
34.658811918962,25.276070839457,40.753246173922
44.532288506472,27.430032562650,35.837637269719
58.154833655182,58.915293833320,37.342896683027
60.000000000000,60.000000000000,60.000000000000
8.399010149094,30.521241895239,39.666931595449
60.000000000000,60.000000000000,0.000000000000
60.000000000000,60.000000000000,60.000000000000
51.301927581881,25.444648471415,24.204549093066
60.000000000000,60.000000000000,0.000000000000
60.000000000000,60.000000000000,0.000000000000
54.171785741551,29.190564764287,50.624026644712
60.000000000000,60.000000000000,0.000000000000
60.000000000000,60.000000000000,60.000000000000
60.000000000000,26.050676047620,40.523684926005
47.733016153787,27.171688887303,26.002661891131
34.971041898142,53.186468782270,3.570258959451
59.718124754229,49.340631452833,26.850872112091
17.502048087116,50.564732991128,51.208613567340
49.434797629852,0.654699668108,6.536060795485
16.548415463974,25.383341204736,53.973336169460
49.746433638115,18.359312454921,13.252054101596
47.432903983976,35.726434652817,21.304086112321
57.462695483168,12.974919624632,2.221544546668
57.940728490679,17.223953963990,15.877952886866
60.000000000000,60.000000000000,60.000000000000
28.333450711572,19.912599054900,11.461055065605
60.000000000000,60.000000000000,60.000000000000
60.000000000000,60.000000000000,0.000000000000
26.316831495610,41.276404412388,19.892691089615
60.000000000000,60.000000000000,60.000000000000
57.867230541149,12.650132152895,8.409433343259
34.661294192184,13.364563496496,40.924852877095
60.000000000000,60.000000000000,60.000000000000
60.000000000000,60.000000000000,60.000000000000
56.505357596966,36.729074233573,9.812485394805
60.000000000000,60.000000000000,60.000000000000
60.000000000000,60.000000000000,60.000000000000
60.000000000000,60.000000000000,60.000000000000
60.000000000000,60.000000000000,60.000000000000
0.000000000000,30.478254492465,30.478793401833
54.778546263930,1.884512238754,40.121094247886
58.690674034648,20.001413341421,21.568435007293
57.679643188115,55.779763441376,22.759758261037
60.000000000000,60.000000000000,60.000000000000
56.239636332761,59.101988047600,13.593602520709
60.000000000000,60.000000000000,60.000000000000
14.833708740857,4.346409654539,18.880712415065
60.000000000000,60.000000000000,60.000000000000
60.000000000000,60.000000000000,0.000000000000
49.991725313675,22.370760134171,36.164623655600
58.163104752270,57.014653314194,48.164316646323
58.414834595421,27.838506691329,34.967982294710
4.156156290963,23.999740024506,52.753284598007
52.598842838038,35.264063503836,25.827113023608
52.141878959888,49.352191166592,13.369782054991
47.087673758462,44.927951205156,57.167940832931
60.000000000000,60.000000000000,60.000000000000
52.758460085823,44.522769502290,28.586498715404
59.132461164268,9.056898045255,21.001999395435
51.141111869609,24.751664172036,20.896124216495
35.676321757230,60.000000000000,17.376486408053
60.000000000000,60.000000000000,60.000000000000
15.114897295463,44.103261935602,36.565703430879
60.000000000000,60.000000000000,60.000000000000
59.563943611398,45.160760048707,57.287779944406
45.627541767837,40.794387641813,39.487928707907
27.192835187225,22.197161413011,4.379497074215
44.958430111099,4.378678437324,60.000000000000
37.798895414406,1.711256817604,21.970383102892
54.565424267092,33.274746631125,28.695701578541
55.660112391192,46.541405314318,53.004357676212
48.309809503259,30.526601232932,46.605294428146
47.951934499746,1.200956832534,47.871394149691
60.000000000000,60.000000000000,0.000000000000
47.951553529442,48.683513322919,25.847527530705
60.000000000000,60.000000000000,60.000000000000
60.000000000000,60.000000000000,60.000000000000
55.662627462829,60.000000000000,5.224616978340
59.902928573824,15.516837480756,48.886935857182
60.000000000000,60.000000000000,0.000000000000
6.887811881522,15.188003050078,19.173416355031
60.000000000000,60.000000000000,60.000000000000
60.000000000000,60.000000000000,0.000000000000
60.000000000000,60.000000000000,60.000000000000
57.743297863872,58.865065513873,19.930549796378
15.895314258002,52.172496303334,45.650864212378
60.000000000000,60.000000000000,60.000000000000
60.000000000000,60.000000000000,60.000000000000
55.313760561993,9.636475422998,21.121593882590
57.052421231200,24.251612369004,38.043818401620
58.043864534760,43.131332964935,4.672131263598
46.066981751601,15.280298651270,14.791198931815
56.982567621373,25.763612531533,1.009606203018
60.000000000000,60.000000000000,60.000000000000
57.642357177878,19.103371188145,26.176077593526
60.000000000000,60.000000000000,60.000000000000
3.139085318365,7.652427697088,21.636173578647
54.679940261871,30.922071393724,20.509485858523
55.956079578778,44.705502628516,59.468444430868
21.946469154436,50.276598547354,11.742323076403
60.000000000000,26.706913206743,0.000000000000
60.000000000000,60.000000000000,0.000000000000
58.716559753619,54.975872464943,3.085525860168
27.852764558789,26.424009037682,27.612215885225
58.969909710542,54.245111845952,50.820754054079
60.000000000000,60.000000000000,60.000000000000
39.150131672555,60.000000000000,34.639068324840
60.000000000000,60.000000000000,0.000000000000
60.000000000000,60.000000000000,0.000000000000
60.000000000000,60.000000000000,60.000000000000
20.542943849439,40.092443181123,33.598097886550
60.000000000000,34.445982144185,7.586262539625
