x,y,z
28.980877034409,37.531544729906,32.199220191096
19.422857948468,30.645153265431,60.000000000000
60.000000000000,60.000000000000,60.000000000000
32.258927914872,34.734159006160,27.346456613822
42.878004215575,48.578231239346,24.761201897240
60.000000000000,60.000000000000,60.000000000000
16.992195592481,16.926084590510,46.086789272000
2.896458385883,34.028654542287,36.163084214434
60.000000000000,60.000000000000,60.000000000000
57.549372917964,47.759241375803,7.882275949465
10.040391732517,40.857377257373,35.374254841512
60.000000000000,60.000000000000,60.000000000000
59.906586290988,42.367130602335,41.361970597056
60.000000000000,42.108976435278,20.309138046710
43.385580935235,34.593460737732,15.364454137776
60.000000000000,60.000000000000,0.000000000000
8.431447036887,8.659965857101,52.989897571590
60.000000000000,60.000000000000,32.286889024126
60.000000000000,60.000000000000,0.000000000000
35.575310195175,38.819268396238,24.594597104745
60.000000000000,60.000000000000,60.000000000000
55.068088243182,14.589506888504,26.390020484308
14.152202157624,42.694889574499,11.231610452849
27.167332026269,45.954677590470,34.010170337484
3.709520917289,34.147501456141,51.167878052956
60.000000000000,60.000000000000,60.000000000000
60.000000000000,60.000000000000,60.000000000000
60.000000000000,60.000000000000,0.000000000000
1.017667568163,57.159149580369,36.916341997709
32.786755493949,14.484650560901,23.559881507856
0.091428349734,47.472516860569,51.754105689565
60.000000000000,60.000000000000,60.000000000000
2.750837576042,4.766234654276,2.398436338668
0.701548358924,38.648553414037,17.406801066285
60.000000000000,60.000000000000,60.000000000000
60.000000000000,60.000000000000,0.000000000000
60.000000000000,60.000000000000,60.000000000000
1.526641301095,15.134215671395,36.597678697211
1.655999179040,10.067610234794,41.397516815586
60.000000000000,60.000000000000,60.000000000000
28.311451924861,15.757802094159,34.067586607057
60.000000000000,60.000000000000,0.000000000000
4.466804608664,10.329836438890,56.218602957185
18.186569218825,25.089479838873,12.999801709982
28.560490902179,52.485939876045,3.109686275793
12.040378313689,58.980827716668,20.338174631183
24.959514274234,8.368899462802,6.706269458256
23.965718861431,43.964466789311,34.825731088555
18.756700153042,42.846492132641,25.868327035613
60.000000000000,60.000000000000,60.000000000000
2.014462502926,33.790242848724,50.617110813560
60.000000000000,60.000000000000,60.000000000000
3.181435119032,9.837403530663,52.303663541803
44.119766461449,43.452688634258,17.542755912626
57.631233762593,19.491578710670,3.042765123565
60.000000000000,60.000000000000,60.000000000000
60.000000000000,60.000000000000,60.000000000000
0.000000000000,60.000000000000,60.000000000000
60.000000000000,60.000000000000,0.000000000000
25.042410650500,0.014723063350,22.224608941843
60.000000000000,60.000000000000,60.000000000000
42.136373198290,60.000000000000,46.688616369543
60.000000000000,60.000000000000,60.000000000000
43.813002657623,0.427880584371,40.899989428580
4.668386890703,49.317051456478,41.318618228028
0.000000000000,60.000000000000,60.000000000000
60.000000000000,60.000000000000,60.000000000000
45.975829759670,43.334774827149,46.527171573841
28.336832435152,57.258900130716,42.272384940402
60.000000000000,60.000000000000,60.000000000000
60.000000000000,60.000000000000,60.000000000000
60.000000000000,60.000000000000,60.000000000000
60.000000000000,60.000000000000,60.000000000000
60.000000000000,60.000000000000,0.000000000000
20.341320863934,58.120556750723,44.021777293691
60.000000000000,60.000000000000,60.000000000000
60.000000000000,60.000000000000,60.000000000000
60.000000000000,60.000000000000,60.000000000000
60.000000000000,60.000000000000,60.000000000000
60.000000000000,60.000000000000,0.000000000000
60.000000000000,60.000000000000,60.000000000000
55.832246277179,6.632380864051,11.176107962147
10.285295135372,38.051659792051,7.942646584193
5.548846205986,34.755712562201,14.589585817129
19.324634821698,37.815922970874,55.250146207446
5.821726567968,40.058091605355,29.876906306751
19.662029908952,16.554413921405,25.117212353221
60.000000000000,60.000000000000,60.000000000000
57.914353826930,3.597415711925,43.687649327650
60.000000000000,60.000000000000,60.000000000000
60.000000000000,60.000000000000,60.000000000000
60.000000000000,60.000000000000,60.000000000000
60.000000000000,60.000000000000,0.000000000000
22.291728284179,51.332719047329,59.665758345032
3.022653670611,17.038266598967,15.619018223867
60.000000000000,60.000000000000,0.000000000000
12.803040290811,25.692177460368,55.625084515329
1.213806753949,15.816832944242,31.705163739744
2.095743829461,56.199220494947,39.299486044139
60.000000000000,60.000000000000,60.000000000000
6.722472672377,55.387838150683,36.067186053383
60.000000000000,60.000000000000,60.000000000000
60.000000000000,60.000000000000,60.000000000000
60.000000000000,60.000000000000,60.000000000000
32.341197927629,24.509121303784,50.327408152668
60.000000000000,60.000000000000,60.000000000000
60.000000000000,60.000000000000,60.000000000000
53.496924023815,31.810787331198,47.965066273936
23.384890503993,28.655719991960,4.800176961944
60.000000000000,60.000000000000,60.000000000000
60.000000000000,60.000000000000,60.000000000000
60.000000000000,60.000000000000,60.000000000000
60.000000000000,60.000000000000,60.000000000000
14.039383075610,20.258961030348,47.231920469061
60.000000000000,60.000000000000,60.000000000000
60.000000000000,60.000000000000,0.000000000000
60.000000000000,60.000000000000,0.000000000000
60.000000000000,9.359914944216,10.730795033173
9.705636534891,56.499842148816,0.728477225818
4.224001734861,39.208805893582,12.082947577827
60.000000000000,60.000000000000,0.000000000000
60.000000000000,60.000000000000,60.000000000000
46.056986061976,27.950538835416,42.849563457766
10.632645640276,32.524544479372,27.857457828286
60.000000000000,60.000000000000,60.000000000000
60.000000000000,60.000000000000,60.000000000000
23.462585591104,25.877101962370,3.448693628226
37.784404584724,11.697985205744,22.895685917277
31.264553886017,23.727769701500,15.815885501160
30.993101448036,11.455741958854,57.984168587529
60.000000000000,60.000000000000,60.000000000000
8.133337957855,24.917562669696,31.928032549762
60.000000000000,7.279547473078,37.460186925269
14.730158122891,43.071754649554,24.743563947557
52.414975575971,35.986858872383,59.263207508136
60.000000000000,60.000000000000,60.000000000000
60.000000000000,60.000000000000,60.000000000000
0.000000000000,60.000000000000,60.000000000000
15.468664113690,0.946612945014,1.387536135581
60.000000000000,60.000000000000,0.000000000000
24.718274145597,60.000000000000,15.753649786653
4.274257270347,3.798569673372,33.471085096861
60.000000000000,60.000000000000,60.000000000000
37.998814904089,49.747638714511,21.099807388406
60.000000000000,60.000000000000,60.000000000000
1.165549009706,54.799052964260,19.784446138548
22.277593561430,3.856519783408,30.402833340210
50.299239496191,3.805976014894,13.371581519524
35.643644274439,60.000000000000,3.288427035912
60.000000000000,60.000000000000,60.000000000000
50.597444879792,56.373831005561,6.906382646771
60.000000000000,60.000000000000,60.000000000000
30.053118412154,9.661269114591,3.316868789768
15.682693536243,16.107078731509,15.225652608866
60.000000000000,60.000000000000,60.000000000000
60.000000000000,60.000000000000,60.000000000000
4.142052909248,41.033707091680,9.804850974608
60.000000000000,60.000000000000,0.000000000000
26.309733003043,8.937123572247,18.260571764432
60.000000000000,60.000000000000,0.000000000000
47.653088867866,33.349134815158,59.308769479599
60.000000000000,60.000000000000,0.000000000000
0.000000000000,60.000000000000,60.000000000000
60.000000000000,60.000000000000,60.000000000000
60.000000000000,60.000000000000,60.000000000000
60.000000000000,60.000000000000,0.000000000000
60.000000000000,60.000000000000,60.000000000000
60.000000000000,60.000000000000,60.000000000000
0.838472354094,39.096704183932,21.043235663393
60.000000000000,60.000000000000,60.000000000000
60.000000000000,60.000000000000,0.000000000000
16.264253869596,32.762640697806,35.051992166364
60.000000000000,60.000000000000,60.000000000000
12.348901569925,28.706115736871,22.013972090942
3.534046462104,29.898902252344,16.117851219512
60.000000000000,60.000000000000,0.000000000000
60.000000000000,60.000000000000,60.000000000000
20.234349918904,14.370720580982,48.642420093385
48.290885745723,44.671147606348,15.418082219422
10.428469183829,39.549616602651,44.429251457876
60.000000000000,60.000000000000,60.000000000000
60.000000000000,60.000000000000,60.000000000000
60.000000000000,60.000000000000,60.000000000000
60.000000000000,60.000000000000,60.000000000000
60.000000000000,60.000000000000,60.000000000000
8.435636468609,60.000000000000,56.435527652348
60.000000000000,60.000000000000,60.000000000000
60.000000000000,60.000000000000,0.000000000000
60.000000000000,60.000000000000,60.000000000000
60.000000000000,60.000000000000,60.000000000000
60.000000000000,60.000000000000,60.000000000000
60.000000000000,60.000000000000,60.000000000000
20.174716538937,46.695170576773,41.919999495765
16.150912981681,18.288314422231,27.947935307501
10.492935592651,49.962854565616,6.406089017381
4.723482254085,24.791976840268,49.861701935358
5.909273291283,19.277233797828,37.486803930039
60.000000000000,60.000000000000,60.000000000000
60.000000000000,60.000000000000,60.000000000000
60.000000000000,60.000000000000,60.000000000000
60.000000000000,60.000000000000,60.000000000000
0.000000000000,60.000000000000,60.000000000000
60.000000000000,60.000000000000,60.000000000000
60.000000000000,60.000000000000,0.000000000000
20.350330027448,49.977023051343,11.115551306228
60.000000000000,60.000000000000,60.000000000000
60.000000000000,60.000000000000,60.000000000000
27.095682702074,54.264073671498,6.618402143952
11.709618127277,7.735456560854,12.772278935322
14.135331409553,19.128985454769,10.948841485038
10.209325233440,18.268996488348,3.955408451713
60.000000000000,60.000000000000,60.000000000000
33.009480216268,26.832730103861,53.141101837831
60.000000000000,60.000000000000,60.000000000000
53.326273427289,2.114611795860,3.922356338370
60.000000000000,60.000000000000,60.000000000000
6.345944021261,32.443212931730,55.392428866714
57.512579842692,59.003242180120,60.000000000000
41.873304774798,38.002863873904,36.518536293135
60.000000000000,60.000000000000,60.000000000000
60.000000000000,60.000000000000,0.000000000000
4.778228130469,53.927565948077,13.670685955669
37.486409637885,4.359976058556,44.590748721312
60.000000000000,60.000000000000,60.000000000000
60.000000000000,60.000000000000,60.000000000000
42.296508888348,53.874039384410,31.987584565143
60.000000000000,60.000000000000,60.000000000000
60.000000000000,60.000000000000,60.000000000000
60.000000000000,60.000000000000,60.000000000000
40.210087213695,0.697259775323,20.793296184451
29.808047241288,60.000000000000,60.000000000000
46.699526798245,46.742050356602,40.152340342461
43.305100462048,3.655356648047,47.983625585367
60.000000000000,60.000000000000,60.000000000000
60.000000000000,60.000000000000,60.000000000000
60.000000000000,60.000000000000,60.000000000000
27.240565259177,38.921085463762,60.000000000000
14.077461419244,60.000000000000,47.942754972109
60.000000000000,1.535224063961,38.792340903344
60.000000000000,60.000000000000,60.000000000000
60.000000000000,60.000000000000,60.000000000000
1.514949744235,21.039339008158,22.656125966540
12.829035424465,56.147770616483,20.323498376475
60.000000000000,60.000000000000,60.000000000000
7.944830890789,56.580289590787,17.088648703646
12.027487449629,12.423061780665,27.271330883819
5.146386861530,51.194532495593,33.092206076688
60.000000000000,60.000000000000,0.000000000000
49.937316235444,24.409102104637,24.780648370219
58.877418178618,7.942391033275,53.597947244706
60.000000000000,60.000000000000,60.000000000000
31.421501620503,18.770951701295,59.840013215663
20.367175117253,29.526491048132,20.107380528476
3.928058143937,37.276485232724,29.738178070675
39.839514804589,29.794310415742,8.660041966710
60.000000000000,60.000000000000,60.000000000000
56.900597031698,56.673734212289,20.448414369225
18.726388239457,21.094728895083,32.834547487294
36.409361331364,50.086806160699,7.333175393209
49.247259456015,20.602921461025,41.669948623655
60.000000000000,60.000000000000,60.000000000000
60.000000000000,60.000000000000,0.000000000000
60.000000000000,60.000000000000,60.000000000000
60.000000000000,60.000000000000,60.000000000000
60.000000000000,60.000000000000,60.000000000000
60.000000000000,60.000000000000,60.000000000000
8.429972200549,17.718642497895,4.908652598115
60.000000000000,60.000000000000,60.000000000000
60.000000000000,60.000000000000,60.000000000000
14.710654174967,23.200289460496,60.000000000000
60.000000000000,60.000000000000,0.000000000000
17.527872696613,12.692448915637,5.950060508778
60.000000000000,60.000000000000,0.000000000000
11.084506116243,33.010620634515,31.764321186693
41.007266741396,47.581663633225,23.639693120039
9.780942367108,15.203889490635,17.989362504178
8.481320681435,47.770791399246,4.752586659201
24.272561865696,20.229724016390,32.242481387777
49.987828015085,43.228818288720,60.000000000000
60.000000000000,60.000000000000,60.000000000000
60.000000000000,60.000000000000,60.000000000000
9.781151463510,43.439620294085,27.621226556318
60.000000000000,60.000000000000,60.000000000000
38.140063565646,8.958710473928,38.693957320021
56.207584126059,60.000000000000,60.000000000000
60.000000000000,60.000000000000,60.000000000000
6.246673099012,17.277987638571,48.886197588001
42.731883114660,31.225988790405,57.388593448136
60.000000000000,60.000000000000,0.000000000000
60.000000000000,60.000000000000,60.000000000000
10.989660801835,23.758427356775,28.014606156384
60.000000000000,60.000000000000,0.000000000000
60.000000000000,60.000000000000,60.000000000000
60.000000000000,60.000000000000,0.000000000000
60.000000000000,60.000000000000,60.000000000000
60.000000000000,60.000000000000,60.000000000000
5.858944962276,51.776760844891,45.478479976609
60.000000000000,60.000000000000,0.000000000000
1.561163116291,3.835367732934,10.269446602501
60.000000000000,60.000000000000,60.000000000000
24.108432164662,15.137640812995,5.752996851547
0.464609526969,12.285951699480,31.854237626213
60.000000000000,60.000000000000,60.000000000000
27.929772222710,30.627223579644,27.855017358634
60.000000000000,60.000000000000,60.000000000000
13.023035889522,21.864430013809,22.058535332414
57.555859969610,39.195977090338,37.134140235438
60.000000000000,60.000000000000,60.000000000000
60.000000000000,60.000000000000,60.000000000000
60.000000000000,60.000000000000,60.000000000000
60.000000000000,60.000000000000,60.000000000000
18.996551026368,23.904941069018,25.080134909236
60.000000000000,60.000000000000,60.000000000000
60.000000000000,60.000000000000,0.000000000000
60.000000000000,60.000000000000,60.000000000000
16.885549600832,46.047906722683,30.210434178718
60.000000000000,60.000000000000,60.000000000000
60.000000000000,60.000000000000,60.000000000000
60.000000000000,60.000000000000,0.000000000000
60.000000000000,60.000000000000,0.000000000000
54.786937594851,22.456061503185,49.759744786122
10.641446849902,19.238504325487,18.738269506781
60.000000000000,60.000000000000,0.000000000000
60.000000000000,60.000000000000,0.000000000000
50.346710363182,27.322538643385,21.368913307880
60.000000000000,60.000000000000,60.000000000000
60.000000000000,16.509409931418,36.298187798971
60.000000000000,60.000000000000,0.000000000000
60.000000000000,60.000000000000,58.251012628869
60.000000000000,60.000000000000,0.000000000000
41.146641086101,39.407984862010,25.370835938914
32.194407355525,56.857871874175,53.301126271631
60.000000000000,60.000000000000,60.000000000000
60.000000000000,60.000000000000,0.000000000000
17.442313157152,55.858111306014,33.818939058898
60.000000000000,23.303241738962,12.564112477396
14.747995213872,1.609362539073,38.893173964823
60.000000000000,60.000000000000,60.000000000000
15.120593696113,46.594435559634,50.675294378136
60.000000000000,60.000000000000,60.000000000000
60.000000000000,60.000000000000,60.000000000000
60.000000000000,60.000000000000,60.000000000000
60.000000000000,60.000000000000,60.000000000000
60.000000000000,60.000000000000,60.000000000000
22.346420998991,9.390444682753,59.253937161979
60.000000000000,60.000000000000,0.000000000000
60.000000000000,60.000000000000,60.000000000000
60.000000000000,60.000000000000,0.000000000000
17.248088376494,34.107804040983,11.809544364257
60.000000000000,60.000000000000,0.000000000000
60.000000000000,60.000000000000,60.000000000000
60.000000000000,60.000000000000,0.000000000000
60.000000000000,60.000000000000,60.000000000000
5.885376975164,19.165374075131,47.374405352483
52.819418088775,40.968239437856,9.949026044853
60.000000000000,60.000000000000,60.000000000000
60.000000000000,60.000000000000,60.000000000000
60.000000000000,60.000000000000,60.000000000000
24.240136603194,55.565808786808,41.671875919160
0.403203417033,3.484928126332,56.941579190175
60.000000000000,60.000000000000,60.000000000000
60.000000000000,60.000000000000,60.000000000000
60.000000000000,60.000000000000,60.000000000000
48.508925536406,47.914909170344,23.520853417228
60.000000000000,60.000000000000,60.000000000000
60.000000000000,60.000000000000,60.000000000000
33.823176321900,59.023499361147,2.738813254642
60.000000000000,60.000000000000,60.000000000000
19.695486437071,46.037275038595,43.496255116567
0.782671873568,50.877332807490,50.296579074981
8.858822985595,7.099218537502,23.414161771980
48.750750397764,43.258238931521,54.818082050901
60.000000000000,60.000000000000,60.000000000000
60.000000000000,60.000000000000,60.000000000000
60.000000000000,6.477281291085,14.984900336462
60.000000000000,60.000000000000,60.000000000000
60.000000000000,60.000000000000,60.000000000000
56.972876540535,34.430907668805,38.417036537083
53.155701929386,18.644337100597,37.762261896699
60.000000000000,60.000000000000,60.000000000000
60.000000000000,60.000000000000,60.000000000000
56.702887853723,2.004789235025,10.681195204084
22.183106123570,47.597397824359,38.274487044666
60.000000000000,60.000000000000,60.000000000000
60.000000000000,60.000000000000,60.000000000000
20.649235349203,34.143587584959,13.841476287946
60.000000000000,60.000000000000,60.000000000000
60.000000000000,60.000000000000,60.000000000000
12.182294679372,5.084366262629,32.439347068803
0.000000000000,56.238258666458,60.000000000000
60.000000000000,60.000000000000,60.000000000000
60.000000000000,60.000000000000,0.000000000000
35.226443600027,6.800584765570,33.049803394865
11.330886964333,23.495063287151,26.183407296350
60.000000000000,60.000000000000,60.000000000000
17.793471198777,29.068375181295,21.201177718368
34.238916393320,48.985749674289,57.034012930818
0.824450073922,18.848739770578,34.120138208658
60.000000000000,60.000000000000,60.000000000000
60.000000000000,0.000000000000,60.000000000000
60.000000000000,60.000000000000,60.000000000000
27.754886705651,50.449544458554,9.922697669366
60.000000000000,60.000000000000,60.000000000000
1.444103138429,33.155008624398,25.342977665086
21.542081272899,8.281904527051,45.390589515345
4.601972568354,34.104156220007,29.713876045963
19.491786934696,55.030223307350,40.002160655476
60.000000000000,60.000000000000,60.000000000000
60.000000000000,60.000000000000,60.000000000000
60.000000000000,60.000000000000,60.000000000000
60.000000000000,60.000000000000,60.000000000000
11.122389053446,37.864225037729,38.481672512008
3.990434497163,49.910209693419,52.646161345987
0.000000000000,0.000000000000,0.000000000000
5.763299367380,24.972191403998,12.796681814179
60.000000000000,60.000000000000,60.000000000000
45.881440892339,13.663746474978,19.383411787515
4.216969273068,54.208304149530,56.094735581707
17.136846904512,10.517215792266,29.839535404800
7.932610623808,26.520004527628,13.523198158191
21.492826090652,0.864476552837,6.548094028217
2.841943393583,55.080989181470,28.132003020469
17.392884609704,24.012279595463,50.078701314524
12.571060383742,8.607112420348,35.415776982361
57.342992201565,2.547623834378,38.672840988233
60.000000000000,60.000000000000,0.000000000000
60.000000000000,60.000000000000,60.000000000000
16.988618680747,42.477104243587,44.292339050146
60.000000000000,60.000000000000,60.000000000000
14.845636355020,42.919665697680,36.518983919069
27.738174756351,23.128612377810,37.949837316059
3.860204138911,33.993179845251,3.780371902932
60.000000000000,60.000000000000,60.000000000000
4.633311465823,58.584636502973,0.578942544541
60.000000000000,60.000000000000,60.000000000000
60.000000000000,60.000000000000,0.000000000000
32.771009445896,18.645651830237,42.661183066633
60.000000000000,60.000000000000,0.000000000000
60.000000000000,60.000000000000,60.000000000000
26.697410002793,37.541794972194,26.859980271535
29.072373613758,11.784946270837,60.000000000000
60.000000000000,60.000000000000,60.000000000000
60.000000000000,60.000000000000,60.000000000000
60.000000000000,60.000000000000,60.000000000000
54.651518452766,46.564490617427,25.576358606857
52.779867626395,38.850972953117,11.193951471373
53.494287992742,45.727326896076,56.390201093914
0.000000000000,0.000000000000,0.000000000000
43.584009374902,20.189855202219,7.799893602827
60.000000000000,60.000000000000,60.000000000000
60.000000000000,60.000000000000,60.000000000000
43.858912971088,45.657291691476,13.983374092021
9.980204456292,5.005062670385,28.332556014560
19.233257809133,42.364125748432,56.409759305997
60.000000000000,60.000000000000,60.000000000000
36.077625346292,4.484746209690,7.944614634758
60.000000000000,60.000000000000,60.000000000000
60.000000000000,7.953682266172,16.396187272819
22.787512481542,9.220012731614,47.114281876050
9.280980360843,10.002243080725,7.002871335114
31.475495377815,1.283370205312,52.398281841310
60.000000000000,60.000000000000,60.000000000000
4.622726381941,9.330210033172,36.761497548116
60.000000000000,60.000000000000,60.000000000000
22.378661793835,15.330770011736,0.278426930471
11.954755475488,31.484447398531,52.999770641310
60.000000000000,60.000000000000,60.000000000000
2.076870317585,26.018656604843,32.862764717971
0.000000000000,4.850409388336,1.996103503877
60.000000000000,60.000000000000,0.000000000000
34.262517370526,29.401072883513,58.520942292763
60.000000000000,60.000000000000,60.000000000000
60.000000000000,60.000000000000,60.000000000000
13.251272300674,60.000000000000,41.809526296091
45.265155261669,60.000000000000,33.930396146532
13.128563951668,20.236848938937,25.260140157895
60.000000000000,60.000000000000,60.000000000000
60.000000000000,60.000000000000,60.000000000000
55.904690983865,13.313980611222,42.086089736630
14.604815709788,19.228515926312,21.462991409986
59.748726368516,5.763116479506,45.289094747440
42.620260706041,60.000000000000,60.000000000000
22.496338457223,46.830043905361,32.030825194328
8.680483667971,2.576453881279,28.944436912809
60.000000000000,60.000000000000,60.000000000000
60.000000000000,60.000000000000,60.000000000000
29.771352015308,2.444775410367,0.237942303015
60.000000000000,60.000000000000,0.000000000000
20.986792185427,2.468709802748,31.630492638447
0.000000000000,0.309548149820,60.000000000000
18.700631649313,9.968719282067,19.340982423189
27.897520496588,21.375552095641,16.067851668060
60.000000000000,60.000000000000,0.000000000000
60.000000000000,60.000000000000,60.000000000000
1.167348931518,2.516957843946,38.219476221212
31.612880138957,3.399947741579,32.518354370391
60.000000000000,60.000000000000,0.000000000000
22.765992836303,24.468201320054,25.662352710033
60.000000000000,60.000000000000,60.000000000000
60.000000000000,60.000000000000,60.000000000000
24.101752730159,32.490927777096,49.972701024637
60.000000000000,60.000000000000,60.000000000000
60.000000000000,60.000000000000,0.000000000000
60.000000000000,60.000000000000,60.000000000000
60.000000000000,60.000000000000,60.000000000000
60.000000000000,60.000000000000,60.000000000000
20.790771540484,58.285027675328,45.444767450274
60.000000000000,60.000000000000,0.000000000000
60.000000000000,60.000000000000,60.000000000000
60.000000000000,60.000000000000,0.000000000000
60.000000000000,60.000000000000,60.000000000000
0.401978464309,40.416885764055,1.460810683047
7.006098534613,1.737179824301,0.000000000000
20.572639740618,35.694942804536,31.250304567613
28.075087073677,13.321695083418,51.753436145208
60.000000000000,60.000000000000,60.000000000000
21.612216794334,57.033280967901,10.682400041543
60.000000000000,60.000000000000,60.000000000000
25.247640454745,7.066166080590,18.364423855295
60.000000000000,60.000000000000,60.000000000000
0.000000000000,60.000000000000,1.015095176192
60.000000000000,60.000000000000,60.000000000000
26.955243311351,35.253081658111,18.924090472267
60.000000000000,60.000000000000,60.000000000000
55.304489095130,37.516698842284,38.195555535527
32.147059217538,59.774458924263,34.725628897994
60.000000000000,60.000000000000,60.000000000000
18.821837939539,56.039863480745,19.846290146458
60.000000000000,60.000000000000,60.000000000000
24.660008159553,50.971376044668,40.292232051321
60.000000000000,60.000000000000,60.000000000000
60.000000000000,60.000000000000,60.000000000000
31.492421993160,10.904202971113,10.611171120596
60.000000000000,60.000000000000,60.000000000000
60.000000000000,60.000000000000,60.000000000000
11.080599011431,23.184950411538,28.418351544864
60.000000000000,60.000000000000,60.000000000000
60.000000000000,60.000000000000,60.000000000000
42.820020307665,7.404901729801,55.323442457095
25.210595384131,36.531920874373,38.286889602422
21.736416543244,59.888922145198,28.357696464279
60.000000000000,60.000000000000,0.000000000000
60.000000000000,60.000000000000,0.000000000000
27.001011634532,22.297930777699,39.313476899360
60.000000000000,60.000000000000,60.000000000000
36.463813751431,2.873589253521,21.931174469864
23.376649684402,5.473319152854,53.020375883844
60.000000000000,60.000000000000,60.000000000000
19.390088385603,4.970925586405,3.929855596318
60.000000000000,60.000000000000,60.000000000000
26.070531682205,51.730029764576,49.640530371317
60.000000000000,60.000000000000,60.000000000000
17.557416419805,16.573977500608,52.163488174930
60.000000000000,60.000000000000,60.000000000000
60.000000000000,60.000000000000,60.000000000000
60.000000000000,60.000000000000,60.000000000000
60.000000000000,60.000000000000,60.000000000000
26.387294573601,32.113043599654,29.979096720657
60.000000000000,60.000000000000,60.000000000000
6.504287714353,9.694414518527,56.107276134038
60.000000000000,60.000000000000,60.000000000000
58.373195049045,29.074566181548,54.001830499045
44.600433483981,41.381115114466,25.620536540742
60.000000000000,60.000000000000,0.000000000000
60.000000000000,60.000000000000,60.000000000000
60.000000000000,60.000000000000,0.000000000000
21.841983219865,16.955541022825,37.469772922057
60.000000000000,60.000000000000,60.000000000000
22.319684193572,0.023701776663,31.366290551088
60.000000000000,60.000000000000,0.000000000000
20.750978168192,9.498717520503,26.881726259894
60.000000000000,60.000000000000,60.000000000000
60.000000000000,60.000000000000,60.000000000000
17.980386902767,1.383114783021,41.395705687397
21.570578930995,11.803979078976,17.934106643918
53.055184359582,56.517946730630,40.401750282862
58.370581378119,33.653577866768,45.226289766372
60.000000000000,60.000000000000,60.000000000000
20.491173178325,11.319845598883,48.283120510694
8.354767274264,52.766874141609,58.716067317530
60.000000000000,60.000000000000,60.000000000000
60.000000000000,60.000000000000,60.000000000000
60.000000000000,60.000000000000,60.000000000000
8.022797300892,50.714735077334,37.988229060959
16.477485976543,12.514301639728,21.162951577422
60.000000000000,60.000000000000,60.000000000000
29.043696677990,49.568738464872,59.395978293306
19.025147695098,49.075691620614,17.010758165272
60.000000000000,60.000000000000,60.000000000000
60.000000000000,60.000000000000,0.000000000000
42.472431616667,27.067946751323,43.469631409851
60.000000000000,60.000000000000,0.000000000000
10.635941220738,12.075422886095,30.236912716483
25.845190004539,27.039049522329,20.283997673012
25.166876608923,43.002763739565,31.857286752638
60.000000000000,60.000000000000,60.000000000000
60.000000000000,60.000000000000,60.000000000000
60.000000000000,60.000000000000,60.000000000000
60.000000000000,60.000000000000,60.000000000000
60.000000000000,60.000000000000,60.000000000000
60.000000000000,60.000000000000,0.000000000000
60.000000000000,60.000000000000,60.000000000000
9.282924956881,32.675785471257,5.386165922703
60.000000000000,60.000000000000,0.000000000000
4.547750224974,60.000000000000,52.151986114200
60.000000000000,60.000000000000,60.000000000000
23.356368344974,15.978107297480,21.886183257208
60.000000000000,60.000000000000,0.000000000000
60.000000000000,60.000000000000,60.000000000000
31.850651433159,49.110170063644,32.759553095153
60.000000000000,60.000000000000,60.000000000000
29.664849593000,31.165206776210,41.413141951059
60.000000000000,60.000000000000,60.000000000000
60.000000000000,60.000000000000,60.000000000000
60.000000000000,60.000000000000,60.000000000000
60.000000000000,60.000000000000,60.000000000000
60.000000000000,60.000000000000,60.000000000000
60.000000000000,60.000000000000,60.000000000000
60.000000000000,60.000000000000,60.000000000000
50.369394738828,47.178286526698,12.565149778864
3.168293802589,55.013774390801,59.581655957866
45.827122807865,2.511434460646,60.000000000000
60.000000000000,60.000000000000,60.000000000000
60.000000000000,60.000000000000,60.000000000000
60.000000000000,60.000000000000,60.000000000000
60.000000000000,60.000000000000,60.000000000000
60.000000000000,60.000000000000,60.000000000000
48.144459493665,41.655342754655,26.287627851649
60.000000000000,60.000000000000,60.000000000000
60.000000000000,60.000000000000,60.000000000000
41.094855508030,54.456269042354,45.628586704809
29.205677187416,43.143190378613,36.130554855367
29.082528209537,54.257692732433,14.824265947270
60.000000000000,60.000000000000,60.000000000000
8.489737661142,51.614265271902,17.661004420137
60.000000000000,60.000000000000,60.000000000000
60.000000000000,60.000000000000,60.000000000000
60.000000000000,60.000000000000,0.000000000000
34.047162167020,31.203340594036,46.132889061025
60.000000000000,60.000000000000,60.000000000000
52.841432062576,1.140830147619,58.550469926075
25.577796420442,35.650786309791,31.085195494610
60.000000000000,60.000000000000,60.000000000000
60.000000000000,60.000000000000,60.000000000000
60.000000000000,60.000000000000,60.000000000000
21.257294188087,29.823572349754,31.985289909282
60.000000000000,60.000000000000,60.000000000000
25.573914703875,9.359119063193,30.032771098286
23.983418949173,5.144407258924,51.816104509332
60.000000000000,60.000000000000,60.000000000000
60.000000000000,60.000000000000,60.000000000000
14.468428468373,40.709035928827,24.729223528682
60.000000000000,60.000000000000,60.000000000000
32.840792710146,10.380818084417,56.156404021532
60.000000000000,60.000000000000,60.000000000000
60.000000000000,60.000000000000,60.000000000000
60.000000000000,60.000000000000,60.000000000000
39.592162311518,11.328844321510,53.952546005394
60.000000000000,60.000000000000,60.000000000000
60.000000000000,60.000000000000,60.000000000000
30.366374405251,8.180614225146,3.312272068125
32.682772666484,6.224839136872,24.457789610763
23.954742910957,12.838514512310,11.081029083045
60.000000000000,56.258149063290,29.365710089568
32.251802643840,5.621859000673,2.380197719950
27.962564310861,34.580094058292,32.119163801846
25.823364798650,9.691380640895,15.204843554928
60.000000000000,60.000000000000,0.000000000000
48.909690472641,11.715142128614,0.623760948250
60.000000000000,60.000000000000,60.000000000000
45.246691191542,16.576877449201,49.783541659958
43.476877086250,26.586985808456,38.220802368259
7.179569265643,37.804202883307,59.005920076192
60.000000000000,60.000000000000,60.000000000000
60.000000000000,60.000000000000,60.000000000000
60.000000000000,60.000000000000,60.000000000000
24.396760373564,9.692361723015,34.684367975006
60.000000000000,60.000000000000,60.000000000000
31.610221365589,24.734140685458,18.145172681757
33.405230151806,2.148173828983,4.390633623401
60.000000000000,60.000000000000,60.000000000000
60.000000000000,60.000000000000,60.000000000000
60.000000000000,60.000000000000,60.000000000000
28.632574146796,28.661569410687,35.027931181360
5.186385752168,28.830448931691,22.870129694437
19.339619169027,29.066023552389,26.776217521108
30.862243972651,15.142830675247,25.715387336188
60.000000000000,60.000000000000,60.000000000000
60.000000000000,60.000000000000,60.000000000000
13.193125161482,9.843973028537,45.793346358436
60.000000000000,60.000000000000,60.000000000000
60.000000000000,60.000000000000,60.000000000000
42.609495900274,7.638690701557,25.700883580745
15.082666303171,28.543399340460,58.548922776882
22.227857530414,44.575368338296,14.503509583074
60.000000000000,60.000000000000,60.000000000000
60.000000000000,60.000000000000,60.000000000000
60.000000000000,60.000000000000,60.000000000000
36.490444479362,27.569837789883,23.243032437388
60.000000000000,60.000000000000,60.000000000000
30.171946406511,56.844295816675,40.420805678729
60.000000000000,60.000000000000,0.000000000000
0.628033102704,28.127083010079,57.883992827633
30.500830634514,44.100652885399,30.262788662740
60.000000000000,60.000000000000,60.000000000000
7.628815031177,55.593418044043,13.706670721717
49.013367231901,12.104626387639,51.945810468460
15.164761064712,60.000000000000,50.750415746224
19.198878498167,7.051559288812,12.445513645902
4.437620009857,30.391628372392,40.168304202597
26.963541308881,36.887013936440,25.309349687067
34.789488366519,40.329601952919,44.318800471417
7.776359569138,25.738299888759,12.473561353548
60.000000000000,60.000000000000,60.000000000000
21.724329185037,54.325384115142,3.219419459987
60.000000000000,60.000000000000,60.000000000000
32.381580291336,16.176353327517,18.887470748593
25.431774030939,11.251664360635,44.277604110521
24.012082393282,46.996014389127,32.078719164162
60.000000000000,60.000000000000,60.000000000000
31.210894782607,12.331054772788,58.182124165645
60.000000000000,60.000000000000,60.000000000000
27.542984051086,46.215877904558,2.451943026573
60.000000000000,60.000000000000,60.000000000000
60.000000000000,49.062741481129,57.082081752088
60.000000000000,60.000000000000,60.000000000000
26.588930183691,35.674661023074,45.030703416318
60.000000000000,60.000000000000,60.000000000000
31.344597141195,25.716707767028,20.049345583916
60.000000000000,60.000000000000,60.000000000000
60.000000000000,60.000000000000,60.000000000000
60.000000000000,60.000000000000,60.000000000000
60.000000000000,60.000000000000,12.467477755901
1.535724791178,38.616321970437,15.675688268448
60.000000000000,60.000000000000,60.000000000000
60.000000000000,60.000000000000,60.000000000000
60.000000000000,19.517347324653,1.620117130671
35.512424833344,32.887348084195,24.654558443609
60.000000000000,60.000000000000,60.000000000000
60.000000000000,60.000000000000,60.000000000000
60.000000000000,60.000000000000,60.000000000000
60.000000000000,60.000000000000,60.000000000000
60.000000000000,60.000000000000,60.000000000000
19.878600788716,27.347238080024,47.093546680536
4.802909167713,12.553838828504,2.164071476909
60.000000000000,60.000000000000,60.000000000000
60.000000000000,60.000000000000,60.000000000000
10.412390590071,13.828691640813,16.443845041661
30.822838530935,55.559820327281,57.936370919531
47.563108601284,60.000000000000,60.000000000000
11.188872576913,32.968272260109,9.027265925339
60.000000000000,60.000000000000,60.000000000000
60.000000000000,60.000000000000,60.000000000000
32.198200890705,24.984994839840,29.993601341400
28.790863208016,38.516434918251,12.212227819865
60.000000000000,60.000000000000,60.000000000000
60.000000000000,56.591158113524,57.148979166660
11.373511946027,2.345564345146,56.532478342643
24.465753719692,54.308735339667,54.172732284139
60.000000000000,60.000000000000,60.000000000000
60.000000000000,60.000000000000,60.000000000000
60.000000000000,60.000000000000,60.000000000000
60.000000000000,60.000000000000,60.000000000000
45.200453701500,9.332030805035,33.124180948540
59.866400128059,44.932909086122,59.726451840384
39.573866445979,38.522816651391,28.435065097904
12.387886138438,6.543359139142,2.064747845159
60.000000000000,60.000000000000,60.000000000000
60.000000000000,60.000000000000,60.000000000000
26.448395033665,6.439916888477,25.661148231785
60.000000000000,60.000000000000,60.000000000000
60.000000000000,60.000000000000,60.000000000000
22.988474567000,53.675955630904,55.262285510216
54.681759357297,26.068358997821,27.553136759129
28.314411575090,30.209868688675,43.370249412368
26.157028739523,23.646946433353,15.709240270800
1.745379725834,8.430796346518,7.444272259425
48.638796666343,9.288994592640,9.164950978467
60.000000000000,60.000000000000,60.000000000000
60.000000000000,60.000000000000,60.000000000000
25.594296439134,20.395530161994,20.733945357118
60.000000000000,60.000000000000,60.000000000000
60.000000000000,60.000000000000,60.000000000000
56.137667103836,16.815785210694,31.843029363794
51.308828911414,16.722441963657,43.769621353745
23.794670028450,12.339854519897,43.468663948614
60.000000000000,60.000000000000,60.000000000000
27.979698123269,30.473929502466,32.762838011978
0.000000000000,60.000000000000,60.000000000000
60.000000000000,60.000000000000,60.000000000000
5.485421445898,44.625881264949,24.381726853716
36.501179913492,27.845292811247,40.440807894808
30.078937105027,16.266844061426,1.141032307761
60.000000000000,60.000000000000,60.000000000000
24.555458722257,54.004999451770,20.600757031576
60.000000000000,60.000000000000,60.000000000000
6.349488218956,9.548841161418,41.555976492995
60.000000000000,60.000000000000,60.000000000000
60.000000000000,60.000000000000,60.000000000000
60.000000000000,60.000000000000,60.000000000000
60.000000000000,60.000000000000,60.000000000000
60.000000000000,60.000000000000,0.000000000000
56.008427774326,31.504542967584,58.449929561646
0.321486585545,17.736526420996,15.415766448400
21.588691650433,59.027538158377,7.196455170689
60.000000000000,60.000000000000,60.000000000000
60.000000000000,60.000000000000,60.000000000000
31.370812319817,30.255439619872,44.283623031265
60.000000000000,60.000000000000,60.000000000000
60.000000000000,60.000000000000,60.000000000000
32.315997281155,4.430023665243,31.103135217581
60.000000000000,60.000000000000,0.000000000000
60.000000000000,60.000000000000,60.000000000000
60.000000000000,60.000000000000,60.000000000000
31.303212173275,34.523757694939,12.248179900554
18.032661980707,51.476168616554,44.483241629552
60.000000000000,60.000000000000,60.000000000000
33.858704518430,2.658050814854,51.950262909581
50.961117336718,9.387857280383,49.306909212925
29.850688163554,37.206846260166,34.659098685269
60.000000000000,60.000000000000,60.000000000000
46.250066981534,59.858273167094,32.622527477194
60.000000000000,60.000000000000,60.000000000000
60.000000000000,60.000000000000,60.000000000000
60.000000000000,60.000000000000,60.000000000000
0.000000000000,0.000000000000,0.000000000000
35.807921650102,0.117420830983,14.798471042959
1.815282252386,32.629100491464,3.038721902070
32.287493439929,47.064762974856,6.450608788923
49.314206518969,46.287868000344,46.869096328770
60.000000000000,37.887732258864,17.934609323614
60.000000000000,60.000000000000,60.000000000000
22.157224841626,6.119177743526,38.326359155137
36.635940582613,3.515626952384,15.004254346875
60.000000000000,60.000000000000,60.000000000000
22.961281377877,60.000000000000,60.000000000000
35.754622977061,26.005536010233,57.223038135033
42.996581695693,1.544200209987,47.168297456373
60.000000000000,60.000000000000,60.000000000000
60.000000000000,60.000000000000,60.000000000000
27.173909701805,35.962527614588,6.820859309997
31.863210662897,41.444204461358,37.050910413272
60.000000000000,60.000000000000,60.000000000000
29.555111976686,37.008455583485,41.438720263126
44.067521809511,7.837725803207,56.285653269910
60.000000000000,60.000000000000,60.000000000000
60.000000000000,60.000000000000,60.000000000000
60.000000000000,60.000000000000,60.000000000000
27.357844340574,19.869519022523,9.754028083779
60.000000000000,60.000000000000,60.000000000000
17.635054223957,8.345986643809,1.764830658897
26.106652223268,3.686747158401,41.344141959693
23.934443700304,46.929247914597,18.037397456700
60.000000000000,60.000000000000,60.000000000000
47.354322351479,19.186081926991,45.034574003225
60.000000000000,60.000000000000,60.000000000000
38.097802845649,38.703776386148,56.284111083349
60.000000000000,60.000000000000,60.000000000000
34.560209397903,6.261700881080,30.167262774064
3.495198646373,31.387816087542,3.383999003768
34.839547594728,0.172839197396,19.564318645981
60.000000000000,60.000000000000,60.000000000000
60.000000000000,60.000000000000,60.000000000000
0.000000000000,0.000000000000,0.000000000000
60.000000000000,52.647962994164,33.311116057560
60.000000000000,60.000000000000,60.000000000000
60.000000000000,60.000000000000,60.000000000000
60.000000000000,60.000000000000,60.000000000000
60.000000000000,60.000000000000,60.000000000000
31.021825151001,52.284751281700,27.048915692683
53.314312077585,10.181372340391,48.365051866138
31.094497900618,27.019015977446,8.473225029656
41.452012985738,12.318712256464,59.715202971638
49.811454047115,23.100515812575,44.545542801456
27.162118317845,18.337653797747,4.661134786972
60.000000000000,60.000000000000,60.000000000000
44.302804877254,29.852411987805,21.587996919548
36.703622603649,28.851307265386,21.749487917315
60.000000000000,47.004789389067,40.704537897834
60.000000000000,60.000000000000,60.000000000000
60.000000000000,60.000000000000,36.796712664927
60.000000000000,60.000000000000,60.000000000000
28.051819469075,38.727974144704,17.525545732169
19.106506774808,9.890799667642,10.569138000451
29.757272623637,35.053335868426,23.542610846805
10.909171661676,22.187820021696,33.484188030653
14.926656002467,33.103869034739,23.558694569442
41.048519068483,11.106180322716,42.496688344664
53.397849637962,4.657907235244,44.462068309546
60.000000000000,60.000000000000,60.000000000000
52.775532773738,20.651732164241,24.716338054716
60.000000000000,60.000000000000,60.000000000000
60.000000000000,60.000000000000,60.000000000000
34.618245531121,41.999721187669,58.796832118378
46.744810242858,56.515212739130,56.953309568827
37.860607119133,22.780090408969,41.692036033196
60.000000000000,60.000000000000,60.000000000000
60.000000000000,60.000000000000,60.000000000000
35.862113802683,47.579547762922,52.537669267969
60.000000000000,60.000000000000,60.000000000000
60.000000000000,60.000000000000,60.000000000000
43.010279038817,43.057375626109,42.136557502128
54.255787354148,2.916009489319,36.911354856748
60.000000000000,60.000000000000,0.000000000000
60.000000000000,60.000000000000,60.000000000000
51.996913262836,28.450753104998,27.658959968632
60.000000000000,60.000000000000,0.000000000000
60.000000000000,60.000000000000,60.000000000000
3.840114507527,3.888600133869,35.740264068496
14.703612097196,37.970539157760,46.643225102073
60.000000000000,19.856195135340,42.742006346807
18.761750873189,15.659167055052,50.410915433119
60.000000000000,60.000000000000,60.000000000000
60.000000000000,60.000000000000,60.000000000000
39.859686021954,51.363805202150,29.327778699555
39.625623261467,28.730618756412,21.996479399418
34.376349429283,14.578270020879,30.094407716419
42.629489790030,38.446061425593,42.159968919059
28.929887614978,36.213979628145,36.320177685166
36.907194020114,42.963468604893,4.837511744135
44.553850458160,43.171997899382,40.688832168700
16.372149346645,4.519682603066,3.007483335502
60.000000000000,60.000000000000,60.000000000000
42.901481931025,60.000000000000,2.851553282497
45.245780526763,40.053692462217,56.792412859455
25.577695243685,19.142764968202,31.269856806236
16.623018129027,3.831685077464,18.656819498744
60.000000000000,60.000000000000,60.000000000000
60.000000000000,60.000000000000,60.000000000000
60.000000000000,60.000000000000,60.000000000000
60.000000000000,60.000000000000,60.000000000000
46.598278031343,32.956947078961,52.827826467965
60.000000000000,60.000000000000,60.000000000000
0.000000000000,60.000000000000,60.000000000000
60.000000000000,60.000000000000,60.000000000000
60.000000000000,60.000000000000,60.000000000000
60.000000000000,60.000000000000,60.000000000000
60.000000000000,60.000000000000,60.000000000000
60.000000000000,60.000000000000,60.000000000000
60.000000000000,60.000000000000,60.000000000000
60.000000000000,60.000000000000,60.000000000000
60.000000000000,60.000000000000,60.000000000000
26.238960287725,32.299741216627,6.750262459872
60.000000000000,60.000000000000,60.000000000000
13.054049998908,56.779593427332,21.927406452838
34.801764507352,24.253896966058,25.922936630768
60.000000000000,60.000000000000,17.576443788342
44.637044768116,8.599398661412,44.534638399695
43.524763284561,37.833603609937,13.889403529051
0.000000000000,60.000000000000,37.379940100388
44.025504463400,34.745816209031,27.427593893136
40.719938708458,57.249065306042,45.575302697697
39.034062010844,36.832738075526,0.021337944373
60.000000000000,60.000000000000,60.000000000000
40.749098976455,19.510079210202,9.718165231412
60.000000000000,60.000000000000,60.000000000000
22.810135094318,24.560473747834,56.964643624484
60.000000000000,60.000000000000,60.000000000000
60.000000000000,60.000000000000,60.000000000000
60.000000000000,60.000000000000,60.000000000000
47.391084498599,60.000000000000,12.018830676926
60.000000000000,60.000000000000,60.000000000000
35.810465867514,9.066249665843,45.054275480436
60.000000000000,42.578642929299,31.790828056652
34.736050749375,22.497224341250,29.151526217857
52.362760161142,34.522135305569,46.216180581301
25.539577691965,19.837862934235,27.096192531507
60.000000000000,60.000000000000,60.000000000000
37.279525048417,15.492419604635,0.005479242669
60.000000000000,60.000000000000,60.000000000000
60.000000000000,60.000000000000,60.000000000000
31.516337730404,40.545667868615,27.618182082870
31.304199459891,58.585087359962,31.322660127878
48.553948785659,55.062724926752,51.663435130756
1.535030333087,51.910457549544,38.849894528747
60.000000000000,60.000000000000,60.000000000000
48.653333344133,43.554728046551,4.681830650686
60.000000000000,60.000000000000,60.000000000000
34.651902861996,48.727863278231,52.856553420980
60.000000000000,60.000000000000,60.000000000000
60.000000000000,60.000000000000,60.000000000000
34.714285670376,40.764041365380,12.010836286978
60.000000000000,60.000000000000,60.000000000000
0.000000000000,60.000000000000,60.000000000000
60.000000000000,60.000000000000,60.000000000000
49.132732911122,57.188479766303,39.195142488787
60.000000000000,60.000000000000,60.000000000000
46.805925103616,35.047988883100,12.498483206648
60.000000000000,60.000000000000,60.000000000000
60.000000000000,60.000000000000,60.000000000000
60.000000000000,60.000000000000,60.000000000000
60.000000000000,60.000000000000,60.000000000000
60.000000000000,60.000000000000,60.000000000000
60.000000000000,60.000000000000,60.000000000000
54.331057183553,52.177789524962,27.953105833236
35.770173394154,39.620849480886,34.293629668783
37.837823136543,9.321581671001,12.002597688018
60.000000000000,60.000000000000,60.000000000000
60.000000000000,60.000000000000,60.000000000000
49.484529267977,6.219842814418,36.770038625026
60.000000000000,60.000000000000,60.000000000000
60.000000000000,60.000000000000,60.000000000000
60.000000000000,60.000000000000,60.000000000000
8.711673108138,9.875109645481,17.374120235683
60.000000000000,60.000000000000,60.000000000000
60.000000000000,0.000000000000,20.539370327076
11.674055934682,29.576640836427,8.943325766723
56.081528368279,20.619394709597,26.676359582180
34.794025278951,14.034758866113,51.559799169103
60.000000000000,60.000000000000,0.000000000000
1.494266974205,60.000000000000,0.000000000000
60.000000000000,60.000000000000,60.000000000000
60.000000000000,60.000000000000,60.000000000000
36.729872998946,4.846086873156,20.052575021663
60.000000000000,60.000000000000,60.000000000000
9.437962858004,4.814053303728,4.246874612312
44.310600146006,7.164033924706,35.117648953847
58.627325210778,37.761873674295,22.517735944056
60.000000000000,60.000000000000,60.000000000000
60.000000000000,60.000000000000,60.000000000000
46.762912091127,20.983912994316,0.078770255715
60.000000000000,60.000000000000,60.000000000000
60.000000000000,60.000000000000,60.000000000000
60.000000000000,60.000000000000,60.000000000000
60.000000000000,60.000000000000,60.000000000000
45.342474046263,21.351355836299,26.144254825780
40.378908997357,29.283859152612,50.013755663128
45.062692327769,11.514538773166,51.162372269491
49.871033288073,13.595592803151,22.913173809154
24.061913161453,55.514342344323,22.876853662359
60.000000000000,60.000000000000,60.000000000000
60.000000000000,60.000000000000,60.000000000000
60.000000000000,60.000000000000,60.000000000000
60.000000000000,60.000000000000,60.000000000000
60.000000000000,60.000000000000,60.000000000000
52.050482771628,58.746971386623,53.488203797654
43.056048939349,28.657849157178,28.174344084105
60.000000000000,60.000000000000,60.000000000000
43.238581055444,9.901996055603,22.681716265680
20.792110916365,44.316776537560,27.201891931016
60.000000000000,60.000000000000,60.000000000000
43.881240248651,22.927206082203,17.109116657809
56.843978903101,6.935962365546,27.098896094650
34.330106105486,23.529989676629,28.388830281742
43.006955323317,36.215462401397,49.680951724298
60.000000000000,60.000000000000,60.000000000000
59.956868253495,32.264937678571,4.198751457251
60.000000000000,60.000000000000,60.000000000000
57.838593115131,60.000000000000,16.861147363870
47.715246699277,47.344073797123,0.794156881439
35.818915648490,12.304319463848,6.359000595943
11.139171910726,14.944276439474,27.357296772541
60.000000000000,60.000000000000,60.000000000000
19.319385362409,26.227850439378,33.997468307628
54.810442967534,10.482553135120,36.919639694925
54.465871928506,29.808254369277,29.312159835431
60.000000000000,60.000000000000,60.000000000000
8.128710473486,5.885591826785,56.053275460376
52.763220493113,39.112842100015,23.005919895537
60.000000000000,60.000000000000,0.000000000000
60.000000000000,60.000000000000,60.000000000000
60.000000000000,60.000000000000,60.000000000000
60.000000000000,60.000000000000,60.000000000000
33.235757610211,56.684940400614,29.070199281944
54.293224667723,29.073959552605,14.002292830169
9.472229254763,49.509573837977,24.723770522600
35.652154795863,11.935511964212,15.345090837571
60.000000000000,60.000000000000,60.000000000000
51.346266009536,40.324781302174,29.089642452099
60.000000000000,60.000000000000,60.000000000000
60.000000000000,60.000000000000,60.000000000000
54.756456784296,32.555906813741,37.719467161821
7.265032545952,22.619137223036,59.639638453817
32.868345115431,55.985349260033,24.154726979421
60.000000000000,60.000000000000,60.000000000000
60.000000000000,60.000000000000,60.000000000000
41.340517264028,27.296850734275,33.820757883959
60.000000000000,60.000000000000,60.000000000000
60.000000000000,60.000000000000,60.000000000000
38.845222237886,43.133480980213,51.900531062785
28.873024638473,55.144440727044,39.956876305533
33.603581280906,21.217401977260,21.071932443196
60.000000000000,18.781685357637,60.000000000000
60.000000000000,60.000000000000,60.000000000000
60.000000000000,60.000000000000,60.000000000000
60.000000000000,60.000000000000,60.000000000000
5.637135312153,3.993646117350,12.235603588432
60.000000000000,60.000000000000,60.000000000000
60.000000000000,60.000000000000,60.000000000000
60.000000000000,60.000000000000,60.000000000000
40.970119644686,19.402661438878,2.969756282994
60.000000000000,60.000000000000,60.000000000000
54.609120646791,43.033613089363,54.326141143036
60.000000000000,60.000000000000,60.000000000000
60.000000000000,60.000000000000,60.000000000000
13.681857919346,35.476716222153,27.964497992733
60.000000000000,60.000000000000,60.000000000000
60.000000000000,60.000000000000,60.000000000000
28.886448767147,19.101145427972,60.000000000000
60.000000000000,60.000000000000,60.000000000000
60.000000000000,60.000000000000,60.000000000000
36.187933196675,31.704094904409,27.087971125524
60.000000000000,60.000000000000,60.000000000000
60.000000000000,60.000000000000,0.000000000000
60.000000000000,60.000000000000,0.000000000000
26.689447138010,6.712417703619,18.895634388586
60.000000000000,60.000000000000,60.000000000000
41.928391324297,30.211211851233,29.948451635413
60.000000000000,60.000000000000,60.000000000000
56.401713641819,48.881100704999,32.499039597267
60.000000000000,60.000000000000,0.000000000000
60.000000000000,60.000000000000,60.000000000000
60.000000000000,33.754461295136,60.000000000000
9.281058225810,9.796056231393,25.992810751765
40.789129939179,41.373768158077,1.330663433214
60.000000000000,60.000000000000,60.000000000000
33.328946920736,12.016788090073,23.330530590673
60.000000000000,60.000000000000,60.000000000000
44.833056806820,13.534482192397,26.553060485552
60.000000000000,60.000000000000,60.000000000000
60.000000000000,60.000000000000,60.000000000000
50.092304062751,14.198299134472,29.345290276248
60.000000000000,60.000000000000,60.000000000000
60.000000000000,60.000000000000,60.000000000000
56.525638914943,56.183091661333,44.437934125703
48.480367788592,21.062095430593,21.457936138210
48.620289433071,52.524361672991,4.386855871862
60.000000000000,60.000000000000,60.000000000000
60.000000000000,60.000000000000,60.000000000000
60.000000000000,60.000000000000,60.000000000000
60.000000000000,60.000000000000,60.000000000000
3.231423787544,38.296501393970,52.584105699828
25.332563618701,47.878329168587,59.810395411736
50.064223926254,46.378617278324,46.899779020009
60.000000000000,60.000000000000,60.000000000000
60.000000000000,60.000000000000,60.000000000000
60.000000000000,60.000000000000,60.000000000000
10.675078917932,2.202403321271,18.126899329052
60.000000000000,60.000000000000,60.000000000000
41.844039153755,28.891499743709,32.100935225279
19.553474391363,53.911139352555,1.415943539042
60.000000000000,60.000000000000,60.000000000000
60.000000000000,60.000000000000,60.000000000000
60.000000000000,60.000000000000,60.000000000000
48.317969769413,51.024904140647,19.671132569186
60.000000000000,60.000000000000,60.000000000000
60.000000000000,60.000000000000,60.000000000000
20.742445638916,36.024016954449,51.724587998976
37.708408606695,35.644100833142,1.227272247520
43.373494431508,27.517617441205,23.576631474386
38.647480488195,0.564441369395,35.668778127208
60.000000000000,60.000000000000,60.000000000000
14.723521160943,54.349170117950,58.930864126048
60.000000000000,60.000000000000,60.000000000000
8.197370526831,37.196963682576,17.830271118395
27.254297908261,49.683914105006,58.544153904509
60.000000000000,60.000000000000,60.000000000000
60.000000000000,60.000000000000,60.000000000000
39.028985936720,44.831313068438,9.707653099459
32.991859125423,22.141389370850,16.528426778177
58.203005295124,0.419705694443,32.305973157241
37.262748010720,34.007334144997,21.713964302577
60.000000000000,60.000000000000,60.000000000000
31.505841204766,13.543282913041,13.564879003286
46.739720662872,49.852273141033,41.776199659678
60.000000000000,60.000000000000,60.000000000000
60.000000000000,60.000000000000,60.000000000000
60.000000000000,60.000000000000,60.000000000000
48.305468119656,45.247911318125,29.096124297256
17.973150573862,12.804555888256,48.617210149166
51.018733974937,4.871213219391,9.641120479009
45.862220647454,26.769478685828,34.049437768320
59.543046257154,1.548552584693,50.296612497270
46.367796627550,27.463019255098,9.122501974687
60.000000000000,60.000000000000,60.000000000000
52.393098535441,34.215449954655,41.269576064206
60.000000000000,60.000000000000,60.000000000000
60.000000000000,60.000000000000,60.000000000000
60.000000000000,60.000000000000,60.000000000000
60.000000000000,60.000000000000,60.000000000000
24.368474767007,18.997713027404,45.849160652041
20.202706533292,33.860366242526,3.274979527401
60.000000000000,60.000000000000,60.000000000000
38.675112443103,51.527373145616,25.155791894810
0.000000000000,60.000000000000,60.000000000000
44.930990863134,16.036653415700,30.435115260374
33.788471087117,42.083219018513,28.806857552475
60.000000000000,60.000000000000,60.000000000000
60.000000000000,60.000000000000,60.000000000000
60.000000000000,60.000000000000,60.000000000000
60.000000000000,60.000000000000,60.000000000000
34.256816142245,41.040824323802,50.748961394969
60.000000000000,60.000000000000,60.000000000000
43.650234695493,26.887321882532,39.373250788410
60.000000000000,14.626673666402,60.000000000000
60.000000000000,60.000000000000,60.000000000000
60.000000000000,60.000000000000,60.000000000000
60.000000000000,60.000000000000,60.000000000000
50.427927434711,55.454657121330,21.727321906898
20.479342939948,52.887235081032,31.297169250965
51.555703596292,55.252875892464,52.109140918186
60.000000000000,60.000000000000,0.000000000000
60.000000000000,60.000000000000,43.526395032708
60.000000000000,60.000000000000,0.000000000000
34.767581700504,3.105808586197,34.092592118058
60.000000000000,60.000000000000,60.000000000000
60.000000000000,60.000000000000,60.000000000000
60.000000000000,43.357983491094,51.588133038601
60.000000000000,60.000000000000,60.000000000000
23.324438145146,1.165287915152,25.942699069367
60.000000000000,60.000000000000,60.000000000000
39.366659915728,13.194401534320,15.060288228110
48.991282139430,3.898067241504,31.473617541693
60.000000000000,60.000000000000,60.000000000000
47.869515440081,14.617030533769,42.155841898751
26.473409417823,54.940313488476,11.309804515212
59.626984336401,26.105739587254,49.818660643999
60.000000000000,60.000000000000,60.000000000000
60.000000000000,60.000000000000,60.000000000000
7.648928024426,29.107663955823,54.652957053060
57.898867363531,21.631565367481,39.618903953174
51.280445736405,26.453231619573,23.991696395887
38.000966188277,29.692025876509,59.165684114183
57.400563088279,21.078221611938,18.154028800738
60.000000000000,60.000000000000,60.000000000000
60.000000000000,60.000000000000,60.000000000000
60.000000000000,60.000000000000,60.000000000000
21.418598899414,12.325495565807,9.776344345383
60.000000000000,60.000000000000,60.000000000000
60.000000000000,60.000000000000,60.000000000000
60.000000000000,60.000000000000,60.000000000000
30.260840372863,49.661921062775,1.683180045325
60.000000000000,60.000000000000,60.000000000000
18.617134201247,53.455511698204,54.874820874882
28.987950481895,13.258603965853,23.014396545968
60.000000000000,60.000000000000,60.000000000000
60.000000000000,60.000000000000,60.000000000000
60.000000000000,60.000000000000,60.000000000000
29.100851484061,44.839540114579,2.247432947153
60.000000000000,60.000000000000,60.000000000000
60.000000000000,60.000000000000,60.000000000000
60.000000000000,60.000000000000,60.000000000000
48.939471723110,3.706972829585,42.564481183384
60.000000000000,60.000000000000,60.000000000000
60.000000000000,60.000000000000,60.000000000000
49.360308023119,52.082863201019,24.063377245400
30.050912948313,52.360418068764,52.999719068486
60.000000000000,60.000000000000,60.000000000000
60.000000000000,17.312107216078,60.000000000000
60.000000000000,60.000000000000,60.000000000000
60.000000000000,60.000000000000,60.000000000000
60.000000000000,60.000000000000,60.000000000000
52.912572530145,2.753326505183,18.611732345488
23.134135065341,40.743336595509,33.674006048168
60.000000000000,9.460127147422,27.403659178549
49.732807885447,33.795929607006,17.403337660586
48.537657744599,25.279713861023,14.887459540841
60.000000000000,60.000000000000,60.000000000000
52.160305433706,34.620393114934,54.602646358771
60.000000000000,60.000000000000,60.000000000000
60.000000000000,60.000000000000,60.000000000000
6.005186517243,1.156659518647,47.892264335663
60.000000000000,60.000000000000,60.000000000000
0.000000000000,32.205489440172,60.000000000000
60.000000000000,60.000000000000,60.000000000000
38.586959407612,18.417506667467,0.000000000000
60.000000000000,60.000000000000,60.000000000000
60.000000000000,60.000000000000,60.000000000000
60.000000000000,60.000000000000,60.000000000000
60.000000000000,60.000000000000,60.000000000000
60.000000000000,60.000000000000,60.000000000000
55.635654790236,13.040838510846,28.716288615135
14.272054260575,0.223854700317,35.250065258179
60.000000000000,60.000000000000,60.000000000000
45.894687318342,51.320398417300,44.107666356092
60.000000000000,60.000000000000,60.000000000000
51.886207588490,54.826287874761,42.617553492954
60.000000000000,60.000000000000,60.000000000000
15.654073290347,60.000000000000,24.822411118002
25.627448753895,60.000000000000,60.000000000000
12.672422556753,27.915308069869,51.200620564226
27.627940926273,3.673535021865,8.468986157075
59.036456788867,57.027633700117,51.783200838582
24.847591472033,40.047384479193,12.715183265772
60.000000000000,60.000000000000,60.000000000000
36.697551848186,4.904042607061,28.270634478761
48.964772425939,60.000000000000,45.262383398726
60.000000000000,60.000000000000,60.000000000000
8.199022445181,33.122206966292,39.421331436552
60.000000000000,60.000000000000,60.000000000000
22.190524447732,11.612260535224,9.122871909372
6.949227356890,25.967793361140,15.588679483161
60.000000000000,60.000000000000,60.000000000000
60.000000000000,60.000000000000,60.000000000000
58.769181851833,4.801054370209,47.981003780350
39.463510041250,19.335047164908,41.323132175654
60.000000000000,60.000000000000,60.000000000000
54.025356257955,13.398861027506,1.274123219270
50.386484560956,41.186707811767,45.016859811256
60.000000000000,60.000000000000,60.000000000000
60.000000000000,60.000000000000,60.000000000000
60.000000000000,60.000000000000,18.999201995994
15.579273023125,54.836449622813,53.411756686941
60.000000000000,60.000000000000,60.000000000000
60.000000000000,60.000000000000,60.000000000000
44.931036033550,38.940353395371,13.305899116126
60.000000000000,60.000000000000,60.000000000000
55.839690397844,36.616480680430,26.791952928075
55.219803400765,2.048124829414,8.594879952481
60.000000000000,60.000000000000,60.000000000000
60.000000000000,60.000000000000,60.000000000000
60.000000000000,60.000000000000,60.000000000000
60.000000000000,60.000000000000,60.000000000000
1.518516239659,49.131413255363,51.485133664697
60.000000000000,60.000000000000,60.000000000000
60.000000000000,60.000000000000,0.000000000000
60.000000000000,60.000000000000,60.000000000000
60.000000000000,60.000000000000,60.000000000000
20.363639809013,33.023602766535,48.922088995465
60.000000000000,60.000000000000,0.000000000000
46.580304498813,17.006062810234,60.000000000000
60.000000000000,60.000000000000,60.000000000000
52.063937460047,32.553528392490,39.737734408911
0.000000000000,60.000000000000,60.000000000000
40.374141881128,11.312995734331,36.852085839169
60.000000000000,60.000000000000,60.000000000000
10.685765988192,46.262649985111,1.390572499384
60.000000000000,60.000000000000,60.000000000000
60.000000000000,60.000000000000,60.000000000000
27.402245709883,16.252775554337,29.475269542165
53.550009633701,16.260007106457,54.968220188695
60.000000000000,60.000000000000,0.000000000000
60.000000000000,60.000000000000,60.000000000000
60.000000000000,60.000000000000,0.000000000000
60.000000000000,60.000000000000,60.000000000000
60.000000000000,60.000000000000,60.000000000000
60.000000000000,60.000000000000,0.000000000000
60.000000000000,60.000000000000,60.000000000000
56.257002746069,51.346109578375,27.069490223373
60.000000000000,60.000000000000,0.000000000000
60.000000000000,60.000000000000,60.000000000000
60.000000000000,60.000000000000,60.000000000000
54.632461003464,17.632532136175,23.954732197256
50.199326484428,60.000000000000,11.769307131735
16.229355924614,40.888731109239,51.948628099191
60.000000000000,60.000000000000,0.000000000000
0.000000000000,60.000000000000,60.000000000000
58.015917031200,24.733466941838,26.337419017224
60.000000000000,60.000000000000,0.000000000000
0.000000000000,60.000000000000,60.000000000000
55.562039979482,49.588378042731,36.183655232195
60.000000000000,35.606526660814,44.238681851323
60.000000000000,60.000000000000,0.000000000000
54.262931959658,20.981701536999,19.544814905307
60.000000000000,28.029558366244,10.761379753188
59.716641211845,35.040334706234,37.791554260237
60.000000000000,60.000000000000,60.000000000000
27.656695659351,49.647306595144,7.358306598300
60.000000000000,60.000000000000,60.000000000000
49.960475271687,49.908910141013,0.270324390347
38.057263201713,36.701382604434,10.268556544840
60.000000000000,60.000000000000,60.000000000000
47.831608177123,17.114089933980,41.371170285254
41.254322344621,44.541849037450,49.221747115659
60.000000000000,60.000000000000,60.000000000000
60.000000000000,60.000000000000,60.000000000000
54.212760370870,24.135927401275,1.871772415403
53.354875153508,39.882538318837,28.508507687800
10.862061246476,9.935300296457,34.159515623778
8.264547281891,54.479565211634,31.831251425596
41.062383216620,33.513340501255,4.399103667676
12.387591518703,57.418958615196,26.501588593591
56.597439801306,26.875425470937,7.620153458823
60.000000000000,60.000000000000,60.000000000000
52.902386556890,1.987054092646,54.082191366044
60.000000000000,60.000000000000,60.000000000000
60.000000000000,60.000000000000,0.000000000000
60.000000000000,60.000000000000,0.000000000000
33.181977621053,57.797631372900,46.361839160524
60.000000000000,60.000000000000,60.000000000000
60.000000000000,60.000000000000,60.000000000000
60.000000000000,60.000000000000,60.000000000000
29.550853381213,25.710624020143,16.708136935723
31.363034797246,22.292935021818,14.653816813863
20.184034494154,37.402540887577,58.016393991039
60.000000000000,60.000000000000,60.000000000000
60.000000000000,60.000000000000,0.000000000000
4.921674846969,16.233576467701,27.109788315753
8.664458193310,8.074649495663,0.536992098627
5.791800110304,58.223492681501,19.249696711460
59.690213490069,57.904967117977,18.524824152771
60.000000000000,60.000000000000,60.000000000000
42.797117520458,29.826346546615,28.162318758295
60.000000000000,60.000000000000,0.000000000000
60.000000000000,60.000000000000,60.000000000000
60.000000000000,60.000000000000,60.000000000000
60.000000000000,60.000000000000,0.000000000000
60.000000000000,60.000000000000,0.000000000000
53.659984800538,29.236409920020,48.982487680490
60.000000000000,60.000000000000,0.000000000000
60.000000000000,60.000000000000,60.000000000000
6.249127413504,15.083837223890,26.422695073049
60.000000000000,60.000000000000,60.000000000000
60.000000000000,60.000000000000,60.000000000000
60.000000000000,60.000000000000,60.000000000000
21.135693520169,54.559860774632,18.197138653588
37.824053306675,0.057065206606,19.440986843246
14.698060715315,15.085201792507,30.618443442224
2.197477378181,29.922274778556,42.816801000409
60.000000000000,20.072771194349,33.726037107562
56.744352462695,9.878734893903,6.560112798926
57.839717619309,11.847992136054,12.651233166391
60.000000000000,60.000000000000,60.000000000000
60.000000000000,60.000000000000,60.000000000000
60.000000000000,60.000000000000,60.000000000000
60.000000000000,60.000000000000,0.000000000000
60.000000000000,60.000000000000,60.000000000000
60.000000000000,60.000000000000,60.000000000000
60.000000000000,60.000000000000,60.000000000000
22.661811743529,53.343102690955,27.176370915454
60.000000000000,60.000000000000,60.000000000000
60.000000000000,60.000000000000,60.000000000000
56.261557774793,37.499806149899,10.689848785578
60.000000000000,60.000000000000,60.000000000000
60.000000000000,60.000000000000,60.000000000000
60.000000000000,60.000000000000,60.000000000000
60.000000000000,60.000000000000,60.000000000000
0.000000000000,60.000000000000,2.444589438802
60.000000000000,60.000000000000,60.000000000000
43.603676437030,39.373939428733,30.972591831707
22.423514180353,9.385106699705,39.666085247405
60.000000000000,60.000000000000,60.000000000000
54.013842297331,57.728252149879,13.001256252656
60.000000000000,60.000000000000,60.000000000000
31.734727589853,58.457756270785,46.678974021333
60.000000000000,60.000000000000,60.000000000000
60.000000000000,60.000000000000,0.000000000000
60.000000000000,60.000000000000,60.000000000000
60.000000000000,60.000000000000,60.000000000000
60.000000000000,60.000000000000,60.000000000000
60.000000000000,60.000000000000,60.000000000000
48.916937970018,38.849906720727,30.358454853900
60.000000000000,60.000000000000,60.000000000000
11.137563128042,55.882516624468,9.765248685246
60.000000000000,60.000000000000,60.000000000000
60.000000000000,60.000000000000,60.000000000000
12.504812863457,23.628504566689,1.840056062642
42.753800012091,21.044517116394,22.783792423166
37.094600310743,60.000000000000,28.243483288788
60.000000000000,60.000000000000,60.000000000000
60.000000000000,50.368292607452,34.297921225119
60.000000000000,60.000000000000,60.000000000000
60.000000000000,60.000000000000,60.000000000000
25.492928779280,40.387037089950,51.694841256337
60.000000000000,60.000000000000,60.000000000000
45.615182102712,60.000000000000,37.782761419840
32.066181792157,40.069218551372,37.631465644487
51.671781178455,32.983643131700,31.583342608093
55.641233815713,46.814300077000,46.643903934990
41.938189648232,31.547728963762,56.453631921985
56.195997833192,17.243882690954,2.782233599540
60.000000000000,60.000000000000,0.000000000000
32.155786309046,53.250368395942,27.055726056735
60.000000000000,60.000000000000,60.000000000000
60.000000000000,60.000000000000,60.000000000000
60.000000000000,60.000000000000,60.000000000000
48.686286279294,33.522582424839,41.186981220282
60.000000000000,60.000000000000,0.000000000000
43.718587397430,56.138051133744,11.433951778096
60.000000000000,60.000000000000,60.000000000000
60.000000000000,60.000000000000,0.000000000000
60.000000000000,60.000000000000,60.000000000000
57.681496981644,58.299005772887,21.456238703362
60.000000000000,60.000000000000,60.000000000000
60.000000000000,60.000000000000,60.000000000000
60.000000000000,60.000000000000,60.000000000000
38.821824656823,32.946155923630,16.107034995423
60.000000000000,60.000000000000,60.000000000000
30.377713421020,35.532846679450,8.997919390162
12.196461562213,17.256799087164,22.158606815721
55.934106507440,25.271463728938,0.641877238304
60.000000000000,60.000000000000,60.000000000000
52.510109279992,23.479789597624,26.216131141467
60.000000000000,60.000000000000,60.000000000000
60.000000000000,60.000000000000,60.000000000000
59.365857355129,33.742938439764,13.886671217610
24.934160024132,57.007496718676,31.366559763903
3.788996676528,46.641049075592,60.000000000000
60.000000000000,60.000000000000,0.000000000000
60.000000000000,60.000000000000,0.000000000000
55.601836688747,50.521384152546,22.233999961828
49.532843152597,3.580793438748,11.858524121153
60.000000000000,60.000000000000,60.000000000000
60.000000000000,60.000000000000,60.000000000000
2.855163417675,60.000000000000,28.498176419674
60.000000000000,60.000000000000,0.000000000000
60.000000000000,60.000000000000,0.000000000000
60.000000000000,60.000000000000,60.000000000000
58.209972190471,30.869283174135,13.447915441741
60.000000000000,60.000000000000,60.000000000000
