x,y,z
57.038091775499,44.638523892059,37.345752138070
60.000000000000,60.000000000000,60.000000000000
60.000000000000,60.000000000000,60.000000000000
60.000000000000,60.000000000000,60.000000000000
2.297806168599,39.694995650050,5.429545817336
60.000000000000,60.000000000000,60.000000000000
0.000000000000,60.000000000000,60.000000000000
7.002212138226,56.793025326395,12.687567229867
60.000000000000,60.000000000000,60.000000000000
60.000000000000,60.000000000000,60.000000000000
1.464354052916,35.766755660669,25.432949838773
60.000000000000,60.000000000000,60.000000000000
59.001407108119,48.698542604609,7.558635565703
60.000000000000,12.233246622842,27.191299617583
47.757056278192,54.745083016032,19.936609649957
60.000000000000,60.000000000000,0.000000000000
60.000000000000,60.000000000000,60.000000000000
60.000000000000,60.000000000000,60.000000000000
60.000000000000,60.000000000000,0.000000000000
60.000000000000,60.000000000000,60.000000000000
60.000000000000,60.000000000000,60.000000000000
60.000000000000,60.000000000000,60.000000000000
13.578876272822,16.696624105693,18.763934093387
50.703774250449,59.679997708567,5.787067415519
15.682249786780,0.717815191056,17.799651441433
60.000000000000,60.000000000000,60.000000000000
60.000000000000,60.000000000000,60.000000000000
60.000000000000,60.000000000000,0.000000000000
2.697534580973,37.047365159864,44.153861687443
7.610161094514,49.286128425108,5.983391039443
2.142461801380,55.458394344229,33.815240754556
60.000000000000,60.000000000000,60.000000000000
37.653903155701,34.802210431486,22.789934237640
60.000000000000,60.000000000000,60.000000000000
60.000000000000,60.000000000000,60.000000000000
60.000000000000,60.000000000000,0.000000000000
60.000000000000,60.000000000000,60.000000000000
50.954267085841,27.533765479492,33.234604096309
60.000000000000,60.000000000000,60.000000000000
60.000000000000,60.000000000000,60.000000000000
60.000000000000,60.000000000000,54.890465598484
60.000000000000,60.000000000000,0.000000000000
60.000000000000,60.000000000000,60.000000000000
60.000000000000,60.000000000000,8.037925985225
60.000000000000,60.000000000000,60.000000000000
57.832257242249,50.762745202119,47.494385504540
44.855132584982,1.371896235622,53.927268929026
46.627342074795,7.155912188699,34.515215997478
42.659868273341,47.354771033152,54.074412381311
60.000000000000,60.000000000000,60.000000000000
10.391350833942,11.954866014453,51.260577639399
60.000000000000,60.000000000000,60.000000000000
60.000000000000,60.000000000000,60.000000000000
52.500182358537,34.545797964027,15.177244863989
60.000000000000,60.000000000000,60.000000000000
60.000000000000,60.000000000000,60.000000000000
60.000000000000,60.000000000000,60.000000000000
0.000000000000,60.000000000000,60.000000000000
60.000000000000,60.000000000000,0.000000000000
16.923619262917,59.541763484100,42.142743947981
60.000000000000,60.000000000000,60.000000000000
60.000000000000,60.000000000000,60.000000000000
60.000000000000,60.000000000000,60.000000000000
60.000000000000,60.000000000000,60.000000000000
1.120588397953,10.538166387003,12.324616027640
0.000000000000,60.000000000000,60.000000000000
60.000000000000,60.000000000000,60.000000000000
60.000000000000,60.000000000000,60.000000000000
36.453756609165,60.000000000000,15.816809799620
60.000000000000,60.000000000000,60.000000000000
60.000000000000,60.000000000000,60.000000000000
60.000000000000,60.000000000000,60.000000000000
60.000000000000,60.000000000000,60.000000000000
60.000000000000,60.000000000000,0.000000000000
38.232547822339,12.725744648163,47.538576004819
60.000000000000,60.000000000000,60.000000000000
60.000000000000,60.000000000000,60.000000000000
60.000000000000,60.000000000000,60.000000000000
60.000000000000,60.000000000000,60.000000000000
60.000000000000,60.000000000000,0.000000000000
60.000000000000,60.000000000000,60.000000000000
45.155978959990,50.502750602420,56.083447669347
12.947406646135,3.152533689481,22.834636667407
60.000000000000,3.302624844502,60.000000000000
54.087100833488,37.700391934922,49.117827868923
60.000000000000,60.000000000000,60.000000000000
60.000000000000,60.000000000000,60.000000000000
60.000000000000,60.000000000000,60.000000000000
2.252051163453,19.192117879450,2.683804840281
60.000000000000,60.000000000000,60.000000000000
60.000000000000,60.000000000000,60.000000000000
60.000000000000,60.000000000000,60.000000000000
60.000000000000,60.000000000000,0.000000000000
53.788483907878,32.889789254024,10.215715941980
19.080107223976,41.362600250165,54.940380564886
60.000000000000,60.000000000000,0.000000000000
60.000000000000,60.000000000000,60.000000000000
60.000000000000,60.000000000000,60.000000000000
60.000000000000,60.000000000000,60.000000000000
60.000000000000,60.000000000000,60.000000000000
60.000000000000,60.000000000000,60.000000000000
60.000000000000,60.000000000000,60.000000000000
60.000000000000,60.000000000000,60.000000000000
60.000000000000,60.000000000000,60.000000000000
60.000000000000,60.000000000000,60.000000000000
60.000000000000,60.000000000000,60.000000000000
60.000000000000,60.000000000000,60.000000000000
60.000000000000,60.000000000000,60.000000000000
58.312193181205,41.753082310302,11.098201859255
60.000000000000,60.000000000000,60.000000000000
60.000000000000,60.000000000000,60.000000000000
60.000000000000,60.000000000000,60.000000000000
60.000000000000,60.000000000000,60.000000000000
60.000000000000,60.000000000000,60.000000000000
60.000000000000,60.000000000000,60.000000000000
60.000000000000,60.000000000000,0.000000000000
60.000000000000,60.000000000000,0.000000000000
60.000000000000,60.000000000000,60.000000000000
19.589462581368,15.544702029211,10.701644002393
58.152269451100,57.695217595413,16.686570176660
60.000000000000,60.000000000000,0.000000000000
60.000000000000,60.000000000000,60.000000000000
60.000000000000,60.000000000000,60.000000000000
16.356807809290,31.156357613709,35.159108100055
60.000000000000,60.000000000000,60.000000000000
60.000000000000,60.000000000000,60.000000000000
49.433050225591,44.051927792322,42.099401638632
60.000000000000,60.000000000000,60.000000000000
40.181735485136,20.936123660448,9.940321387151
60.000000000000,60.000000000000,60.000000000000
60.000000000000,60.000000000000,60.000000000000
60.000000000000,60.000000000000,60.000000000000
60.000000000000,60.000000000000,60.000000000000
44.897352690560,36.754963581335,43.329500930097
60.000000000000,60.000000000000,60.000000000000
60.000000000000,60.000000000000,60.000000000000
60.000000000000,60.000000000000,60.000000000000
0.000000000000,60.000000000000,60.000000000000
60.000000000000,60.000000000000,60.000000000000
60.000000000000,60.000000000000,0.000000000000
60.000000000000,60.000000000000,60.000000000000
60.000000000000,60.000000000000,60.000000000000
60.000000000000,60.000000000000,60.000000000000
28.038301423017,60.000000000000,5.418341201274
60.000000000000,60.000000000000,60.000000000000
46.048907941012,54.892974419122,7.113779077487
12.052250625970,29.269841551102,41.323636143799
60.000000000000,60.000000000000,60.000000000000
60.000000000000,60.000000000000,60.000000000000
60.000000000000,60.000000000000,60.000000000000
56.601983890212,23.403515257091,30.105582272738
60.000000000000,60.000000000000,60.000000000000
60.000000000000,60.000000000000,60.000000000000
60.000000000000,60.000000000000,60.000000000000
60.000000000000,60.000000000000,60.000000000000
60.000000000000,60.000000000000,60.000000000000
60.000000000000,60.000000000000,60.000000000000
60.000000000000,60.000000000000,0.000000000000
55.790781690216,15.061532181802,33.829977659344
60.000000000000,60.000000000000,0.000000000000
60.000000000000,60.000000000000,60.000000000000
60.000000000000,60.000000000000,0.000000000000
0.000000000000,60.000000000000,60.000000000000
60.000000000000,60.000000000000,60.000000000000
60.000000000000,60.000000000000,60.000000000000
60.000000000000,60.000000000000,0.000000000000
60.000000000000,60.000000000000,60.000000000000
60.000000000000,60.000000000000,60.000000000000
7.042546868245,7.425578579665,27.477640989302
60.000000000000,60.000000000000,60.000000000000
60.000000000000,60.000000000000,0.000000000000
40.528195600088,6.247879179625,15.446820910530
60.000000000000,60.000000000000,60.000000000000
60.000000000000,60.000000000000,60.000000000000
7.498541874178,33.460492837817,52.978667075718
60.000000000000,60.000000000000,0.000000000000
60.000000000000,60.000000000000,60.000000000000
60.000000000000,60.000000000000,60.000000000000
60.000000000000,60.000000000000,60.000000000000
60.000000000000,60.000000000000,60.000000000000
60.000000000000,60.000000000000,60.000000000000
60.000000000000,60.000000000000,60.000000000000
60.000000000000,60.000000000000,60.000000000000
60.000000000000,60.000000000000,60.000000000000
60.000000000000,60.000000000000,60.000000000000
18.251934644126,0.000000000000,60.000000000000
60.000000000000,60.000000000000,60.000000000000
60.000000000000,60.000000000000,0.000000000000
60.000000000000,60.000000000000,60.000000000000
60.000000000000,60.000000000000,60.000000000000
60.000000000000,60.000000000000,60.000000000000
60.000000000000,60.000000000000,60.000000000000
5.842568131424,4.907416008601,5.483338665883
60.000000000000,60.000000000000,60.000000000000
60.000000000000,60.000000000000,60.000000000000
35.641859776161,26.312241559735,15.045416738769
46.068098214416,21.653271648960,33.909147299965
60.000000000000,60.000000000000,60.000000000000
60.000000000000,60.000000000000,60.000000000000
60.000000000000,60.000000000000,60.000000000000
60.000000000000,60.000000000000,60.000000000000
0.000000000000,60.000000000000,60.000000000000
60.000000000000,60.000000000000,60.000000000000
60.000000000000,60.000000000000,0.000000000000
60.000000000000,60.000000000000,60.000000000000
60.000000000000,60.000000000000,60.000000000000
60.000000000000,60.000000000000,60.000000000000
60.000000000000,60.000000000000,60.000000000000
60.000000000000,60.000000000000,60.000000000000
57.721451380902,27.168555263950,15.928027552401
60.000000000000,60.000000000000,60.000000000000
60.000000000000,60.000000000000,60.000000000000
26.866934712772,34.629503082329,51.750440233064
60.000000000000,60.000000000000,60.000000000000
60.000000000000,0.000000000000,18.994342774736
60.000000000000,60.000000000000,60.000000000000
32.311246529981,13.853907913223,45.845352527540
60.000000000000,60.000000000000,60.000000000000
23.855631270726,51.186575761370,58.096113503943
60.000000000000,60.000000000000,60.000000000000
60.000000000000,60.000000000000,0.000000000000
36.096742158215,42.080719390608,38.367323158416
37.106825425911,38.606853012053,44.819101941927
60.000000000000,60.000000000000,60.000000000000
60.000000000000,60.000000000000,60.000000000000
17.315778651333,57.143877925506,57.583662785612
60.000000000000,60.000000000000,60.000000000000
60.000000000000,60.000000000000,60.000000000000
60.000000000000,60.000000000000,60.000000000000
60.000000000000,60.000000000000,60.000000000000
60.000000000000,60.000000000000,60.000000000000
60.000000000000,60.000000000000,60.000000000000
60.000000000000,0.000000000000,0.000000000000
60.000000000000,60.000000000000,60.000000000000
60.000000000000,60.000000000000,60.000000000000
60.000000000000,60.000000000000,60.000000000000
60.000000000000,60.000000000000,60.000000000000
60.000000000000,60.000000000000,60.000000000000
60.000000000000,0.000000000000,60.000000000000
60.000000000000,60.000000000000,60.000000000000
60.000000000000,60.000000000000,60.000000000000
33.206156056147,1.540117774340,43.951253408078
60.000000000000,60.000000000000,60.000000000000
60.000000000000,60.000000000000,60.000000000000
57.435524417004,20.802101058599,18.093294411990
60.000000000000,60.000000000000,60.000000000000
60.000000000000,60.000000000000,60.000000000000
60.000000000000,60.000000000000,0.000000000000
0.000000000000,60.000000000000,60.000000000000
60.000000000000,60.000000000000,60.000000000000
60.000000000000,60.000000000000,60.000000000000
1.428805363051,38.771415393754,24.003899142626
42.676380168124,33.471276474629,5.768270478013
60.000000000000,60.000000000000,60.000000000000
32.942173132754,25.785657098508,48.480229135584
60.000000000000,60.000000000000,60.000000000000
9.390783410524,30.426063561064,30.925554093639
41.607797420543,32.200984632147,36.560246095945
44.076893121575,10.520215667702,3.016444740232
60.000000000000,60.000000000000,60.000000000000
60.000000000000,60.000000000000,60.000000000000
60.000000000000,60.000000000000,0.000000000000
60.000000000000,60.000000000000,60.000000000000
60.000000000000,60.000000000000,60.000000000000
60.000000000000,60.000000000000,60.000000000000
60.000000000000,60.000000000000,60.000000000000
60.000000000000,60.000000000000,60.000000000000
60.000000000000,60.000000000000,60.000000000000
60.000000000000,60.000000000000,60.000000000000
60.000000000000,60.000000000000,60.000000000000
60.000000000000,60.000000000000,0.000000000000
32.170660598799,36.307740150499,59.279489658052
60.000000000000,60.000000000000,0.000000000000
2.524143696910,48.871984386039,22.266512104284
44.351710516447,3.403359537718,24.321871471525
60.000000000000,60.000000000000,60.000000000000
60.000000000000,16.757224823992,20.702185389275
60.000000000000,60.000000000000,60.000000000000
20.185092827636,13.940833615392,29.449592959060
60.000000000000,60.000000000000,60.000000000000
60.000000000000,60.000000000000,60.000000000000
14.880550570456,49.973989196532,33.360011678355
60.000000000000,60.000000000000,60.000000000000
4.904201388444,7.310048232377,37.695467143778
0.000000000000,60.000000000000,60.000000000000
60.000000000000,60.000000000000,60.000000000000
40.648532180714,31.770727796171,22.616702292322
34.661431262134,49.285547114676,58.257909551842
60.000000000000,60.000000000000,0.000000000000
60.000000000000,60.000000000000,60.000000000000
60.000000000000,60.000000000000,60.000000000000
60.000000000000,60.000000000000,0.000000000000
60.000000000000,60.000000000000,60.000000000000
60.000000000000,60.000000000000,0.000000000000
60.000000000000,60.000000000000,60.000000000000
60.000000000000,60.000000000000,60.000000000000
60.000000000000,60.000000000000,60.000000000000
60.000000000000,60.000000000000,0.000000000000
60.000000000000,39.922797808060,60.000000000000
60.000000000000,60.000000000000,60.000000000000
60.000000000000,60.000000000000,60.000000000000
25.849357301613,56.428770077842,27.497133387305
60.000000000000,60.000000000000,60.000000000000
60.000000000000,60.000000000000,60.000000000000
60.000000000000,60.000000000000,60.000000000000
60.000000000000,60.000000000000,60.000000000000
60.000000000000,60.000000000000,60.000000000000
60.000000000000,60.000000000000,60.000000000000
60.000000000000,60.000000000000,60.000000000000
60.000000000000,60.000000000000,60.000000000000
60.000000000000,60.000000000000,60.000000000000
60.000000000000,60.000000000000,60.000000000000
60.000000000000,60.000000000000,60.000000000000
60.000000000000,60.000000000000,0.000000000000
60.000000000000,60.000000000000,60.000000000000
60.000000000000,60.000000000000,60.000000000000
60.000000000000,60.000000000000,60.000000000000
60.000000000000,60.000000000000,60.000000000000
60.000000000000,60.000000000000,0.000000000000
60.000000000000,60.000000000000,0.000000000000
2.313834819910,45.884776309482,17.860397667165
60.000000000000,60.000000000000,60.000000000000
60.000000000000,60.000000000000,0.000000000000
60.000000000000,60.000000000000,0.000000000000
0.000000000000,60.000000000000,60.000000000000
60.000000000000,60.000000000000,60.000000000000
60.000000000000,60.000000000000,60.000000000000
60.000000000000,60.000000000000,0.000000000000
60.000000000000,60.000000000000,60.000000000000
60.000000000000,60.000000000000,0.000000000000
24.914317541390,26.247450968166,45.144816262685
15.967362442384,48.951010688830,60.000000000000
60.000000000000,60.000000000000,60.000000000000
60.000000000000,60.000000000000,0.000000000000
38.909893909192,11.590307756917,1.341803489712
60.000000000000,60.000000000000,60.000000000000
56.427974223667,6.576789687344,44.611828119747
60.000000000000,60.000000000000,60.000000000000
60.000000000000,60.000000000000,60.000000000000
60.000000000000,60.000000000000,60.000000000000
60.000000000000,60.000000000000,60.000000000000
60.000000000000,60.000000000000,60.000000000000
60.000000000000,60.000000000000,60.000000000000
60.000000000000,60.000000000000,60.000000000000
60.000000000000,60.000000000000,60.000000000000
60.000000000000,60.000000000000,0.000000000000
60.000000000000,60.000000000000,60.000000000000
60.000000000000,60.000000000000,0.000000000000
2.325334657958,54.232890468345,13.182651825851
60.000000000000,60.000000000000,0.000000000000
60.000000000000,60.000000000000,60.000000000000
60.000000000000,60.000000000000,0.000000000000
60.000000000000,60.000000000000,60.000000000000
3.663543968639,31.232029736192,0.845038283507
60.000000000000,60.000000000000,60.000000000000
60.000000000000,60.000000000000,60.000000000000
60.000000000000,60.000000000000,60.000000000000
60.000000000000,60.000000000000,60.000000000000
60.000000000000,60.000000000000,60.000000000000
60.000000000000,0.000000000000,60.000000000000
60.000000000000,60.000000000000,60.000000000000
60.000000000000,60.000000000000,60.000000000000
60.000000000000,60.000000000000,60.000000000000
60.000000000000,60.000000000000,60.000000000000
60.000000000000,60.000000000000,60.000000000000
60.000000000000,60.000000000000,60.000000000000
60.000000000000,60.000000000000,60.000000000000
60.000000000000,60.000000000000,60.000000000000
60.000000000000,60.000000000000,60.000000000000
57.745238031947,7.817680714382,56.007075701918
60.000000000000,60.000000000000,60.000000000000
60.000000000000,60.000000000000,60.000000000000
60.000000000000,60.000000000000,60.000000000000
60.000000000000,60.000000000000,60.000000000000
60.000000000000,60.000000000000,60.000000000000
60.000000000000,60.000000000000,60.000000000000
60.000000000000,60.000000000000,60.000000000000
60.000000000000,60.000000000000,60.000000000000
12.769983962483,52.537937292823,43.152930599934
60.000000000000,60.000000000000,60.000000000000
60.000000000000,60.000000000000,60.000000000000
22.288160851051,60.000000000000,60.000000000000
39.994008525492,7.169576961706,22.864770268229
60.000000000000,60.000000000000,60.000000000000
60.000000000000,60.000000000000,60.000000000000
60.000000000000,60.000000000000,60.000000000000
60.000000000000,60.000000000000,60.000000000000
60.000000000000,60.000000000000,60.000000000000
59.425332847944,31.614269234403,52.827678567200
0.000000000000,56.233746848423,60.000000000000
60.000000000000,60.000000000000,60.000000000000
60.000000000000,60.000000000000,0.000000000000
14.122521576726,14.260759154267,56.952349063196
6.752143329983,13.147334357272,17.585964021671
60.000000000000,60.000000000000,60.000000000000
24.552249712578,23.784745789084,22.553815239494
60.000000000000,60.000000000000,60.000000000000
17.914464960220,50.130190514593,51.532650095221
60.000000000000,60.000000000000,60.000000000000
60.000000000000,0.000000000000,60.000000000000
60.000000000000,60.000000000000,60.000000000000
29.910125597899,60.000000000000,1.308069231159
60.000000000000,60.000000000000,60.000000000000
60.000000000000,60.000000000000,60.000000000000
22.962918148833,32.019553261105,5.392901643330
42.828483325623,25.498914177244,12.446504699006
54.348394226261,35.473779842919,23.786471927685
60.000000000000,60.000000000000,60.000000000000
60.000000000000,60.000000000000,60.000000000000
60.000000000000,60.000000000000,60.000000000000
60.000000000000,60.000000000000,60.000000000000
3.530688338833,55.860276409485,45.562125661754
60.000000000000,60.000000000000,0.000000000000
0.000000000000,0.000000000000,0.000000000000
60.000000000000,60.000000000000,60.000000000000
60.000000000000,60.000000000000,60.000000000000
26.368151058142,15.016552706602,60.000000000000
60.000000000000,60.000000000000,60.000000000000
57.687693402766,11.979728191168,25.816488381266
60.000000000000,60.000000000000,0.000000000000
60.000000000000,10.741567319989,33.458235780281
60.000000000000,60.000000000000,60.000000000000
60.000000000000,60.000000000000,60.000000000000
21.845792298300,26.183044416041,33.169234652113
25.503016769411,37.155338502885,32.281515254329
60.000000000000,60.000000000000,0.000000000000
60.000000000000,60.000000000000,60.000000000000
3.350944323016,34.312089996128,5.391941934363
60.000000000000,60.000000000000,60.000000000000
60.000000000000,60.000000000000,60.000000000000
60.000000000000,60.000000000000,60.000000000000
0.912019683491,47.996407475134,44.833155016874
60.000000000000,60.000000000000,60.000000000000
43.852476220017,20.029398636679,30.002715567395
60.000000000000,60.000000000000,60.000000000000
60.000000000000,60.000000000000,0.000000000000
60.000000000000,60.000000000000,60.000000000000
60.000000000000,60.000000000000,0.000000000000
60.000000000000,60.000000000000,60.000000000000
52.498358896728,45.231771390730,52.178539602307
0.000000000000,60.000000000000,60.000000000000
60.000000000000,60.000000000000,60.000000000000
60.000000000000,60.000000000000,60.000000000000
60.000000000000,60.000000000000,60.000000000000
60.000000000000,60.000000000000,60.000000000000
60.000000000000,60.000000000000,60.000000000000
35.250992957473,24.352572391454,35.944355581969
0.000000000000,0.000000000000,0.000000000000
60.000000000000,60.000000000000,60.000000000000
60.000000000000,60.000000000000,60.000000000000
60.000000000000,60.000000000000,60.000000000000
57.377112357671,43.113658897147,21.984783019779
60.000000000000,60.000000000000,60.000000000000
37.500223468937,38.234854370285,5.538529991067
60.000000000000,60.000000000000,60.000000000000
60.000000000000,60.000000000000,60.000000000000
60.000000000000,60.000000000000,60.000000000000
60.000000000000,60.000000000000,60.000000000000
60.000000000000,60.000000000000,60.000000000000
60.000000000000,60.000000000000,60.000000000000
60.000000000000,60.000000000000,60.000000000000
60.000000000000,60.000000000000,60.000000000000
60.000000000000,60.000000000000,60.000000000000
60.000000000000,60.000000000000,60.000000000000
60.000000000000,60.000000000000,0.000000000000
60.000000000000,60.000000000000,60.000000000000
60.000000000000,60.000000000000,60.000000000000
11.146014462638,37.324656900409,45.160658259846
0.000000000000,60.000000000000,60.000000000000
60.000000000000,60.000000000000,0.000000000000
60.000000000000,60.000000000000,60.000000000000
60.000000000000,60.000000000000,60.000000000000
60.000000000000,60.000000000000,60.000000000000
60.000000000000,60.000000000000,60.000000000000
60.000000000000,60.000000000000,60.000000000000
60.000000000000,60.000000000000,60.000000000000
60.000000000000,60.000000000000,60.000000000000
60.000000000000,60.000000000000,60.000000000000
60.000000000000,60.000000000000,60.000000000000
60.000000000000,60.000000000000,60.000000000000
60.000000000000,60.000000000000,60.000000000000
60.000000000000,60.000000000000,60.000000000000
60.000000000000,60.000000000000,60.000000000000
60.000000000000,60.000000000000,60.000000000000
60.000000000000,60.000000000000,60.000000000000
60.000000000000,60.000000000000,60.000000000000
48.092754111909,41.894834390853,37.989275355378
60.000000000000,60.000000000000,0.000000000000
60.000000000000,60.000000000000,60.000000000000
0.000000000000,56.396207527624,60.000000000000
13.211161702771,23.642208681013,40.603298039609
60.000000000000,60.000000000000,60.000000000000
60.000000000000,60.000000000000,0.000000000000
60.000000000000,60.000000000000,60.000000000000
19.166707061701,17.362811223417,45.291699890609
11.093725695385,53.425546711451,27.490056044731
60.000000000000,60.000000000000,0.000000000000
60.000000000000,60.000000000000,60.000000000000
60.000000000000,60.000000000000,60.000000000000
60.000000000000,60.000000000000,60.000000000000
13.371701524556,17.221483739029,29.517879899181
60.000000000000,60.000000000000,60.000000000000
60.000000000000,60.000000000000,0.000000000000
60.000000000000,60.000000000000,60.000000000000
60.000000000000,60.000000000000,60.000000000000
60.000000000000,60.000000000000,60.000000000000
60.000000000000,60.000000000000,60.000000000000
60.000000000000,60.000000000000,0.000000000000
60.000000000000,60.000000000000,60.000000000000
60.000000000000,60.000000000000,0.000000000000
60.000000000000,60.000000000000,60.000000000000
60.000000000000,60.000000000000,60.000000000000
7.003369507888,1.732474747646,0.000000000000
60.000000000000,60.000000000000,60.000000000000
60.000000000000,5.395309555580,14.121562944099
60.000000000000,60.000000000000,60.000000000000
60.000000000000,60.000000000000,60.000000000000
60.000000000000,60.000000000000,60.000000000000
40.571464727767,60.000000000000,60.000000000000
60.000000000000,60.000000000000,60.000000000000
0.000000000000,60.000000000000,60.000000000000
60.000000000000,60.000000000000,60.000000000000
50.155439322233,47.021005930425,26.565916908633
60.000000000000,60.000000000000,60.000000000000
46.382403198687,60.000000000000,60.000000000000
6.175397397692,15.456610768173,1.978216024428
60.000000000000,60.000000000000,60.000000000000
46.071737416716,21.477882550119,43.865721350305
60.000000000000,60.000000000000,60.000000000000
60.000000000000,60.000000000000,60.000000000000
60.000000000000,60.000000000000,60.000000000000
60.000000000000,60.000000000000,60.000000000000
19.304283889615,51.089871978841,33.768253748363
60.000000000000,60.000000000000,60.000000000000
60.000000000000,60.000000000000,60.000000000000
60.000000000000,60.000000000000,60.000000000000
60.000000000000,60.000000000000,60.000000000000
60.000000000000,60.000000000000,60.000000000000
24.042212433407,46.534883275077,60.000000000000
60.000000000000,60.000000000000,60.000000000000
60.000000000000,60.000000000000,60.000000000000
60.000000000000,60.000000000000,0.000000000000
60.000000000000,60.000000000000,0.000000000000
60.000000000000,60.000000000000,60.000000000000
60.000000000000,60.000000000000,60.000000000000
60.000000000000,60.000000000000,60.000000000000
60.000000000000,60.000000000000,60.000000000000
60.000000000000,60.000000000000,60.000000000000
60.000000000000,60.000000000000,60.000000000000
60.000000000000,60.000000000000,60.000000000000
60.000000000000,60.000000000000,60.000000000000
60.000000000000,60.000000000000,60.000000000000
60.000000000000,60.000000000000,60.000000000000
60.000000000000,60.000000000000,60.000000000000
60.000000000000,60.000000000000,60.000000000000
60.000000000000,60.000000000000,60.000000000000
60.000000000000,60.000000000000,60.000000000000
60.000000000000,60.000000000000,60.000000000000
60.000000000000,60.000000000000,60.000000000000
60.000000000000,60.000000000000,60.000000000000
60.000000000000,60.000000000000,60.000000000000
48.072073927348,17.853252568167,50.600550838933
2.784707699189,20.721891076612,22.149875258831
60.000000000000,60.000000000000,0.000000000000
60.000000000000,60.000000000000,60.000000000000
60.000000000000,60.000000000000,0.000000000000
21.250599871857,15.640578986583,34.960009942081
60.000000000000,60.000000000000,60.000000000000
51.067052073482,9.418286079265,53.914011818794
60.000000000000,60.000000000000,0.000000000000
60.000000000000,60.000000000000,60.000000000000
60.000000000000,60.000000000000,60.000000000000
60.000000000000,60.000000000000,60.000000000000
60.000000000000,60.000000000000,60.000000000000
5.490849898620,60.000000000000,26.662497624284
1.442862556869,45.913329002072,37.620595883480
32.530404674991,44.679807063262,14.404231377594
60.000000000000,60.000000000000,60.000000000000
60.000000000000,60.000000000000,0.000000000000
41.260795709941,55.445073152110,4.266148637363
60.000000000000,60.000000000000,60.000000000000
60.000000000000,60.000000000000,60.000000000000
60.000000000000,60.000000000000,60.000000000000
60.000000000000,60.000000000000,60.000000000000
60.000000000000,60.000000000000,60.000000000000
60.000000000000,60.000000000000,60.000000000000
60.000000000000,60.000000000000,60.000000000000
47.152316543001,13.616763169861,4.544815283154
60.000000000000,60.000000000000,60.000000000000
60.000000000000,60.000000000000,0.000000000000
60.000000000000,28.912095613807,35.151659494331
60.000000000000,60.000000000000,0.000000000000
60.000000000000,60.000000000000,60.000000000000
60.000000000000,60.000000000000,60.000000000000
60.000000000000,60.000000000000,60.000000000000
60.000000000000,60.000000000000,60.000000000000
60.000000000000,60.000000000000,60.000000000000
60.000000000000,60.000000000000,60.000000000000
60.000000000000,60.000000000000,60.000000000000
60.000000000000,60.000000000000,60.000000000000
60.000000000000,60.000000000000,0.000000000000
60.000000000000,60.000000000000,60.000000000000
60.000000000000,60.000000000000,60.000000000000
60.000000000000,60.000000000000,0.000000000000
60.000000000000,0.000000000000,60.000000000000
60.000000000000,60.000000000000,60.000000000000
8.578762653582,17.415336995410,57.880508263355
60.000000000000,60.000000000000,0.000000000000
60.000000000000,60.000000000000,60.000000000000
3.830324179661,15.714563042961,36.354224689879
60.000000000000,60.000000000000,60.000000000000
60.000000000000,60.000000000000,60.000000000000
60.000000000000,60.000000000000,60.000000000000
60.000000000000,60.000000000000,60.000000000000
60.000000000000,60.000000000000,60.000000000000
60.000000000000,60.000000000000,60.000000000000
60.000000000000,60.000000000000,60.000000000000
60.000000000000,60.000000000000,60.000000000000
60.000000000000,60.000000000000,60.000000000000
0.000000000000,60.000000000000,30.670171293363
60.000000000000,60.000000000000,60.000000000000
60.000000000000,0.000000000000,0.000000000000
60.000000000000,60.000000000000,60.000000000000
60.000000000000,60.000000000000,60.000000000000
60.000000000000,60.000000000000,60.000000000000
60.000000000000,60.000000000000,60.000000000000
60.000000000000,60.000000000000,60.000000000000
60.000000000000,60.000000000000,60.000000000000
60.000000000000,60.000000000000,60.000000000000
60.000000000000,60.000000000000,60.000000000000
60.000000000000,60.000000000000,60.000000000000
19.201828050586,35.526969152087,3.209671029256
14.456606966973,20.816589975132,23.128527313127
60.000000000000,60.000000000000,60.000000000000
60.000000000000,60.000000000000,60.000000000000
60.000000000000,60.000000000000,60.000000000000
60.000000000000,60.000000000000,60.000000000000
60.000000000000,60.000000000000,0.000000000000
60.000000000000,60.000000000000,60.000000000000
60.000000000000,60.000000000000,60.000000000000
43.395470314407,42.940033971174,50.093299101932
60.000000000000,60.000000000000,60.000000000000
60.000000000000,60.000000000000,60.000000000000
60.000000000000,60.000000000000,60.000000000000
60.000000000000,60.000000000000,60.000000000000
60.000000000000,60.000000000000,60.000000000000
60.000000000000,60.000000000000,60.000000000000
26.530042325361,11.253380355268,60.000000000000
60.000000000000,60.000000000000,60.000000000000
60.000000000000,60.000000000000,60.000000000000
60.000000000000,60.000000000000,60.000000000000
60.000000000000,60.000000000000,60.000000000000
60.000000000000,60.000000000000,60.000000000000
59.862434336906,40.619707305137,8.139008884002
60.000000000000,60.000000000000,60.000000000000
60.000000000000,60.000000000000,60.000000000000
60.000000000000,60.000000000000,60.000000000000
60.000000000000,60.000000000000,60.000000000000
60.000000000000,60.000000000000,60.000000000000
60.000000000000,60.000000000000,60.000000000000
60.000000000000,60.000000000000,60.000000000000
20.459662863912,53.060354512502,15.807477186976
48.874886678537,38.104805835778,23.836803382221
60.000000000000,52.088172230618,28.806561410864
31.360221677421,52.992425873154,30.051433526034
60.000000000000,60.000000000000,60.000000000000
60.000000000000,60.000000000000,60.000000000000
60.000000000000,60.000000000000,0.000000000000
21.285439821424,3.154322301280,44.032584635916
60.000000000000,60.000000000000,60.000000000000
60.000000000000,60.000000000000,60.000000000000
7.743200620102,9.551071276361,39.800314574702
60.000000000000,60.000000000000,60.000000000000
60.000000000000,60.000000000000,60.000000000000
60.000000000000,60.000000000000,60.000000000000
60.000000000000,60.000000000000,60.000000000000
60.000000000000,60.000000000000,60.000000000000
60.000000000000,60.000000000000,60.000000000000
60.000000000000,60.000000000000,60.000000000000
60.000000000000,60.000000000000,60.000000000000
60.000000000000,60.000000000000,60.000000000000
60.000000000000,60.000000000000,60.000000000000
60.000000000000,60.000000000000,60.000000000000
60.000000000000,60.000000000000,60.000000000000
54.844176163535,2.368818707957,9.633943967088
24.632428289393,28.566867685059,55.314684722103
60.000000000000,60.000000000000,60.000000000000
60.000000000000,60.000000000000,60.000000000000
60.000000000000,60.000000000000,60.000000000000
60.000000000000,60.000000000000,60.000000000000
60.000000000000,60.000000000000,60.000000000000
60.000000000000,60.000000000000,60.000000000000
33.384401131688,33.248574726821,36.239931102217
60.000000000000,60.000000000000,60.000000000000
60.000000000000,52.175490134623,1.672656066831
60.000000000000,60.000000000000,60.000000000000
60.000000000000,60.000000000000,60.000000000000
60.000000000000,60.000000000000,60.000000000000
60.000000000000,60.000000000000,60.000000000000
60.000000000000,60.000000000000,60.000000000000
12.108878709892,34.892452909607,29.022665624991
60.000000000000,60.000000000000,0.000000000000
60.000000000000,60.000000000000,60.000000000000
8.697017164455,33.473774011663,28.592382409476
60.000000000000,60.000000000000,60.000000000000
60.000000000000,60.000000000000,60.000000000000
60.000000000000,60.000000000000,60.000000000000
60.000000000000,60.000000000000,60.000000000000
39.333064855008,12.924460299546,30.755462908814
60.000000000000,60.000000000000,60.000000000000
8.552972987660,51.809821447095,10.347822179859
60.000000000000,60.000000000000,60.000000000000
60.000000000000,60.000000000000,60.000000000000
60.000000000000,60.000000000000,60.000000000000
53.839798343967,3.261550258032,19.106460959344
60.000000000000,60.000000000000,60.000000000000
47.351645292703,19.268604667279,15.521670086776
60.000000000000,60.000000000000,60.000000000000
60.000000000000,60.000000000000,60.000000000000
60.000000000000,60.000000000000,60.000000000000
60.000000000000,60.000000000000,60.000000000000
60.000000000000,60.000000000000,60.000000000000
60.000000000000,60.000000000000,60.000000000000
60.000000000000,60.000000000000,60.000000000000
60.000000000000,60.000000000000,60.000000000000
60.000000000000,60.000000000000,60.000000000000
60.000000000000,60.000000000000,60.000000000000
60.000000000000,60.000000000000,60.000000000000
60.000000000000,60.000000000000,60.000000000000
60.000000000000,60.000000000000,60.000000000000
60.000000000000,60.000000000000,60.000000000000
60.000000000000,60.000000000000,60.000000000000
60.000000000000,60.000000000000,60.000000000000
1.982323848853,8.494337827922,49.034316929610
60.000000000000,60.000000000000,60.000000000000
60.000000000000,60.000000000000,60.000000000000
12.464632358546,60.000000000000,29.809671223258
33.955778325074,56.582685216823,59.550577203918
60.000000000000,60.000000000000,60.000000000000
60.000000000000,60.000000000000,60.000000000000
60.000000000000,60.000000000000,60.000000000000
60.000000000000,60.000000000000,60.000000000000
60.000000000000,60.000000000000,60.000000000000
25.712073309755,57.517044214297,2.028772928653
57.204523129161,11.384293429197,46.358393621185
60.000000000000,60.000000000000,60.000000000000
60.000000000000,60.000000000000,60.000000000000
60.000000000000,60.000000000000,60.000000000000
60.000000000000,60.000000000000,60.000000000000
60.000000000000,60.000000000000,60.000000000000
60.000000000000,60.000000000000,60.000000000000
60.000000000000,60.000000000000,60.000000000000
60.000000000000,60.000000000000,60.000000000000
60.000000000000,47.201911795772,15.883728693946
6.566835558184,1.431935198775,23.439221060839
60.000000000000,60.000000000000,60.000000000000
56.000000000000,57.536501138494,60.000000000000
60.000000000000,60.000000000000,60.000000000000
45.824286490771,25.193422161197,60.000000000000
60.000000000000,60.000000000000,60.000000000000
60.000000000000,60.000000000000,60.000000000000
60.000000000000,60.000000000000,60.000000000000
60.000000000000,60.000000000000,60.000000000000
60.000000000000,60.000000000000,60.000000000000
60.000000000000,60.000000000000,60.000000000000
25.915183215176,32.742749602533,42.344897382274
60.000000000000,60.000000000000,60.000000000000
60.000000000000,60.000000000000,60.000000000000
60.000000000000,60.000000000000,60.000000000000
15.301454467593,32.671181793129,9.742417530601
60.000000000000,60.000000000000,60.000000000000
60.000000000000,60.000000000000,60.000000000000
53.672125229025,24.231682019000,42.650692008073
60.000000000000,60.000000000000,60.000000000000
40.291845551741,53.156693248241,5.921840806680
60.000000000000,60.000000000000,60.000000000000
60.000000000000,60.000000000000,60.000000000000
60.000000000000,60.000000000000,60.000000000000
60.000000000000,60.000000000000,60.000000000000
60.000000000000,60.000000000000,60.000000000000
60.000000000000,60.000000000000,60.000000000000
60.000000000000,60.000000000000,60.000000000000
60.000000000000,60.000000000000,60.000000000000
60.000000000000,60.000000000000,15.649628570064
60.000000000000,60.000000000000,60.000000000000
40.205847381600,13.323019305777,52.621669212930
60.000000000000,60.000000000000,60.000000000000
0.000000000000,60.000000000000,60.000000000000
0.000000000000,60.000000000000,60.000000000000
60.000000000000,60.000000000000,60.000000000000
60.000000000000,60.000000000000,60.000000000000
60.000000000000,60.000000000000,60.000000000000
60.000000000000,60.000000000000,60.000000000000
60.000000000000,60.000000000000,60.000000000000
23.620416333921,58.380146625820,18.011695655553
60.000000000000,60.000000000000,60.000000000000
60.000000000000,60.000000000000,60.000000000000
60.000000000000,60.000000000000,60.000000000000
60.000000000000,60.000000000000,60.000000000000
60.000000000000,60.000000000000,60.000000000000
60.000000000000,60.000000000000,60.000000000000
60.000000000000,60.000000000000,0.000000000000
16.831666654569,60.000000000000,3.959928159943
60.000000000000,60.000000000000,60.000000000000
60.000000000000,60.000000000000,60.000000000000
60.000000000000,60.000000000000,60.000000000000
60.000000000000,60.000000000000,60.000000000000
60.000000000000,60.000000000000,60.000000000000
60.000000000000,60.000000000000,60.000000000000
60.000000000000,60.000000000000,60.000000000000
46.482794293416,9.684627539671,24.931351659243
60.000000000000,60.000000000000,0.000000000000
60.000000000000,60.000000000000,60.000000000000
60.000000000000,60.000000000000,60.000000000000
29.680934235082,9.740020384043,44.409725261464
60.000000000000,60.000000000000,60.000000000000
60.000000000000,60.000000000000,60.000000000000
14.325193831958,5.069412994397,28.243219002380
60.000000000000,21.040876474400,46.518178215828
21.364934924927,6.391577596038,43.993211361955
60.000000000000,60.000000000000,60.000000000000
19.486913730807,10.749936891340,10.342402297910
60.000000000000,60.000000000000,60.000000000000
60.000000000000,60.000000000000,60.000000000000
60.000000000000,60.000000000000,60.000000000000
0.000000000000,0.000000000000,0.000000000000
53.029624891746,52.357912930855,20.942390218156
60.000000000000,60.000000000000,60.000000000000
53.589229586347,54.726803584105,33.940932389452
49.921250136236,4.785518973161,46.605191253178
60.000000000000,60.000000000000,60.000000000000
60.000000000000,60.000000000000,60.000000000000
60.000000000000,60.000000000000,60.000000000000
60.000000000000,60.000000000000,60.000000000000
60.000000000000,60.000000000000,60.000000000000
60.000000000000,60.000000000000,60.000000000000
60.000000000000,60.000000000000,60.000000000000
60.000000000000,60.000000000000,60.000000000000
60.000000000000,60.000000000000,60.000000000000
60.000000000000,60.000000000000,60.000000000000
60.000000000000,60.000000000000,60.000000000000
2.093905054655,0.296435039942,54.000960983919
60.000000000000,60.000000000000,60.000000000000
25.932113377879,40.029755953960,48.894162690941
60.000000000000,60.000000000000,60.000000000000
60.000000000000,60.000000000000,60.000000000000
60.000000000000,60.000000000000,60.000000000000
60.000000000000,60.000000000000,60.000000000000
60.000000000000,60.000000000000,60.000000000000
60.000000000000,60.000000000000,60.000000000000
6.170014701211,22.265159881047,14.800361803409
60.000000000000,60.000000000000,60.000000000000
43.679738985101,43.481990731734,54.598417191230
60.000000000000,60.000000000000,60.000000000000
60.000000000000,60.000000000000,60.000000000000
60.000000000000,60.000000000000,60.000000000000
60.000000000000,60.000000000000,60.000000000000
60.000000000000,60.000000000000,60.000000000000
38.977078684482,51.813428201344,5.458514141136
60.000000000000,60.000000000000,60.000000000000
60.000000000000,60.000000000000,60.000000000000
60.000000000000,60.000000000000,60.000000000000
60.000000000000,60.000000000000,60.000000000000
0.000000000000,0.000000000000,0.000000000000
60.000000000000,60.000000000000,60.000000000000
60.000000000000,60.000000000000,60.000000000000
60.000000000000,60.000000000000,60.000000000000
60.000000000000,60.000000000000,60.000000000000
60.000000000000,60.000000000000,60.000000000000
44.483915739274,22.540600870905,48.456123021403
60.000000000000,60.000000000000,60.000000000000
60.000000000000,60.000000000000,60.000000000000
60.000000000000,60.000000000000,60.000000000000
60.000000000000,60.000000000000,60.000000000000
60.000000000000,60.000000000000,60.000000000000
60.000000000000,60.000000000000,60.000000000000
60.000000000000,60.000000000000,60.000000000000
60.000000000000,60.000000000000,60.000000000000
60.000000000000,60.000000000000,60.000000000000
60.000000000000,60.000000000000,60.000000000000
60.000000000000,60.000000000000,60.000000000000
60.000000000000,60.000000000000,60.000000000000
60.000000000000,60.000000000000,60.000000000000
46.788361130321,43.127193383239,29.969462038066
60.000000000000,60.000000000000,60.000000000000
51.680060204084,34.775138322234,33.606011327753
48.865369897608,38.187155933984,52.262131401393
60.000000000000,60.000000000000,60.000000000000
6.861971723622,39.757526284641,34.415778847445
60.000000000000,60.000000000000,60.000000000000
9.491588043487,53.495605266271,46.038217211187
60.000000000000,60.000000000000,60.000000000000
60.000000000000,60.000000000000,60.000000000000
52.627197829812,59.285034508002,52.247301100816
60.000000000000,60.000000000000,60.000000000000
35.586761447915,53.780047942027,34.918808822922
60.000000000000,60.000000000000,60.000000000000
60.000000000000,60.000000000000,60.000000000000
60.000000000000,60.000000000000,60.000000000000
60.000000000000,60.000000000000,60.000000000000
60.000000000000,60.000000000000,60.000000000000
25.552707945299,58.395245751424,28.064618711051
60.000000000000,0.000000000000,60.000000000000
60.000000000000,60.000000000000,0.000000000000
60.000000000000,60.000000000000,60.000000000000
60.000000000000,60.000000000000,60.000000000000
60.000000000000,60.000000000000,0.000000000000
60.000000000000,60.000000000000,60.000000000000
27.609213389529,21.682890267862,53.717378998722
27.103382395482,19.786539102276,6.232450247689
60.000000000000,60.000000000000,60.000000000000
5.129835407918,60.000000000000,60.000000000000
60.000000000000,60.000000000000,60.000000000000
60.000000000000,60.000000000000,60.000000000000
60.000000000000,60.000000000000,60.000000000000
60.000000000000,60.000000000000,60.000000000000
22.257850589585,56.632114057570,6.323083367764
9.684486692990,42.969717190169,28.944366290464
0.000000000000,60.000000000000,60.000000000000
4.978090060532,57.427644022486,37.045723042132
60.000000000000,60.000000000000,60.000000000000
60.000000000000,60.000000000000,60.000000000000
60.000000000000,60.000000000000,60.000000000000
60.000000000000,60.000000000000,60.000000000000
4.295747439944,46.517656137220,15.643409346782
60.000000000000,60.000000000000,60.000000000000
60.000000000000,60.000000000000,60.000000000000
60.000000000000,60.000000000000,60.000000000000
60.000000000000,60.000000000000,60.000000000000
60.000000000000,60.000000000000,60.000000000000
60.000000000000,60.000000000000,60.000000000000
60.000000000000,60.000000000000,60.000000000000
60.000000000000,60.000000000000,60.000000000000
0.000000000000,60.000000000000,60.000000000000
60.000000000000,60.000000000000,60.000000000000
60.000000000000,60.000000000000,60.000000000000
60.000000000000,60.000000000000,60.000000000000
60.000000000000,60.000000000000,60.000000000000
60.000000000000,60.000000000000,60.000000000000
60.000000000000,60.000000000000,60.000000000000
60.000000000000,60.000000000000,60.000000000000
60.000000000000,60.000000000000,60.000000000000
60.000000000000,60.000000000000,60.000000000000
60.000000000000,60.000000000000,60.000000000000
60.000000000000,8.162818095354,60.000000000000
7.736827632971,3.803059940708,10.881696314102
60.000000000000,60.000000000000,60.000000000000
49.654847676207,14.881467174992,32.868140643852
60.000000000000,60.000000000000,60.000000000000
0.000000000000,60.000000000000,37.316440594819
60.000000000000,60.000000000000,60.000000000000
60.000000000000,60.000000000000,60.000000000000
60.000000000000,60.000000000000,60.000000000000
60.000000000000,60.000000000000,60.000000000000
18.299147737814,0.135349317012,35.835389078550
60.000000000000,60.000000000000,60.000000000000
60.000000000000,60.000000000000,60.000000000000
60.000000000000,60.000000000000,60.000000000000
60.000000000000,60.000000000000,60.000000000000
60.000000000000,60.000000000000,60.000000000000
60.000000000000,60.000000000000,60.000000000000
60.000000000000,60.000000000000,60.000000000000
60.000000000000,60.000000000000,60.000000000000
60.000000000000,60.000000000000,60.000000000000
60.000000000000,60.000000000000,60.000000000000
60.000000000000,60.000000000000,60.000000000000
60.000000000000,60.000000000000,60.000000000000
60.000000000000,60.000000000000,60.000000000000
51.552873324908,42.584389366357,37.721690287628
60.000000000000,60.000000000000,60.000000000000
60.000000000000,60.000000000000,60.000000000000
60.000000000000,60.000000000000,60.000000000000
22.624761011080,48.154140870856,33.750628670018
60.000000000000,60.000000000000,60.000000000000
60.000000000000,60.000000000000,60.000000000000
60.000000000000,60.000000000000,60.000000000000
12.946184485288,37.304941454457,42.847913467148
60.000000000000,60.000000000000,60.000000000000
60.000000000000,60.000000000000,60.000000000000
60.000000000000,60.000000000000,60.000000000000
60.000000000000,60.000000000000,60.000000000000
24.598880690521,44.056637619143,29.628787737522
60.000000000000,60.000000000000,60.000000000000
0.000000000000,60.000000000000,60.000000000000
60.000000000000,60.000000000000,60.000000000000
60.000000000000,5.562563934956,60.000000000000
60.000000000000,60.000000000000,60.000000000000
23.297440183424,15.635022999914,51.287843828646
60.000000000000,60.000000000000,60.000000000000
60.000000000000,60.000000000000,60.000000000000
60.000000000000,60.000000000000,60.000000000000
60.000000000000,60.000000000000,60.000000000000
60.000000000000,60.000000000000,60.000000000000
60.000000000000,60.000000000000,60.000000000000
60.000000000000,60.000000000000,60.000000000000
7.969867108685,25.894834709390,24.898149185701
60.000000000000,0.000000000000,60.000000000000
60.000000000000,60.000000000000,60.000000000000
60.000000000000,60.000000000000,60.000000000000
60.000000000000,60.000000000000,60.000000000000
60.000000000000,60.000000000000,60.000000000000
60.000000000000,60.000000000000,60.000000000000
60.000000000000,60.000000000000,60.000000000000
60.000000000000,60.000000000000,60.000000000000
60.000000000000,60.000000000000,60.000000000000
60.000000000000,0.000000000000,20.539104827737
60.000000000000,60.000000000000,60.000000000000
60.000000000000,60.000000000000,60.000000000000
44.219142032367,31.255522858062,15.135180562786
60.000000000000,60.000000000000,0.000000000000
46.583266848725,60.000000000000,0.000000000000
60.000000000000,60.000000000000,60.000000000000
60.000000000000,60.000000000000,60.000000000000
60.000000000000,60.000000000000,60.000000000000
60.000000000000,60.000000000000,60.000000000000
14.656082105682,0.000000000000,60.000000000000
60.000000000000,60.000000000000,60.000000000000
60.000000000000,60.000000000000,60.000000000000
60.000000000000,60.000000000000,60.000000000000
60.000000000000,60.000000000000,60.000000000000
15.609172970191,56.987456282476,49.994895662910
60.000000000000,60.000000000000,60.000000000000
60.000000000000,60.000000000000,60.000000000000
60.000000000000,60.000000000000,60.000000000000
60.000000000000,60.000000000000,60.000000000000
60.000000000000,60.000000000000,60.000000000000
13.149023251348,39.101137196937,27.325194193933
60.000000000000,60.000000000000,60.000000000000
31.597348286239,55.920802885476,15.431301015673
60.000000000000,60.000000000000,60.000000000000
60.000000000000,60.000000000000,60.000000000000
60.000000000000,60.000000000000,60.000000000000
60.000000000000,60.000000000000,60.000000000000
60.000000000000,60.000000000000,60.000000000000
60.000000000000,60.000000000000,60.000000000000
60.000000000000,60.000000000000,60.000000000000
43.477926984706,12.320750141074,18.440859204524
60.000000000000,60.000000000000,60.000000000000
43.047694441864,9.109320272781,23.510625088456
60.000000000000,60.000000000000,60.000000000000
60.000000000000,60.000000000000,60.000000000000
60.000000000000,60.000000000000,60.000000000000
13.754777781511,47.599307104277,2.280372945297
60.000000000000,60.000000000000,60.000000000000
43.324066377379,44.886981154067,16.499659101538
60.000000000000,60.000000000000,60.000000000000
60.000000000000,60.000000000000,60.000000000000
60.000000000000,60.000000000000,60.000000000000
60.000000000000,60.000000000000,60.000000000000
6.728713047886,0.273291459935,25.292715562439
48.612630071285,14.135906420844,3.904022380889
60.000000000000,60.000000000000,60.000000000000
60.000000000000,60.000000000000,60.000000000000
12.264505032047,48.521049053243,15.269690539942
53.579229404057,9.084416102943,31.014564328547
60.000000000000,48.633781824778,0.000000000000
60.000000000000,60.000000000000,60.000000000000
60.000000000000,0.000000000000,0.000000000000
26.378677991366,48.402613131594,12.700824085506
60.000000000000,60.000000000000,0.000000000000
60.000000000000,60.000000000000,60.000000000000
60.000000000000,60.000000000000,60.000000000000
60.000000000000,60.000000000000,60.000000000000
41.101440222846,50.718912855251,3.194453240647
6.492134096878,28.821631466827,49.879053540454
0.000000000000,60.000000000000,24.687698964003
1.661425729277,12.013563960884,45.918427535987
60.000000000000,60.000000000000,60.000000000000
60.000000000000,9.316224413005,58.773841820418
60.000000000000,60.000000000000,60.000000000000
60.000000000000,60.000000000000,60.000000000000
60.000000000000,60.000000000000,60.000000000000
60.000000000000,60.000000000000,60.000000000000
5.860121679482,26.797424600897,48.994931812494
60.000000000000,60.000000000000,60.000000000000
60.000000000000,60.000000000000,60.000000000000
60.000000000000,60.000000000000,60.000000000000
60.000000000000,60.000000000000,60.000000000000
60.000000000000,60.000000000000,60.000000000000
36.513014398986,38.979145074984,8.596067412004
60.000000000000,60.000000000000,60.000000000000
60.000000000000,60.000000000000,60.000000000000
60.000000000000,0.000000000000,0.000000000000
60.000000000000,60.000000000000,60.000000000000
60.000000000000,60.000000000000,60.000000000000
60.000000000000,60.000000000000,60.000000000000
60.000000000000,60.000000000000,23.690769831105
60.000000000000,60.000000000000,60.000000000000
60.000000000000,60.000000000000,60.000000000000
60.000000000000,60.000000000000,60.000000000000
60.000000000000,60.000000000000,60.000000000000
60.000000000000,60.000000000000,60.000000000000
60.000000000000,60.000000000000,60.000000000000
60.000000000000,60.000000000000,60.000000000000
60.000000000000,60.000000000000,60.000000000000
60.000000000000,60.000000000000,37.909776835731
60.000000000000,60.000000000000,60.000000000000
60.000000000000,60.000000000000,60.000000000000
60.000000000000,60.000000000000,60.000000000000
60.000000000000,60.000000000000,60.000000000000
60.000000000000,60.000000000000,60.000000000000
60.000000000000,59.419922383194,37.278078636782
60.000000000000,60.000000000000,60.000000000000
60.000000000000,60.000000000000,0.000000000000
60.000000000000,60.000000000000,0.000000000000
35.487429441847,30.689766897190,14.819543424071
60.000000000000,60.000000000000,60.000000000000
60.000000000000,60.000000000000,60.000000000000
60.000000000000,60.000000000000,60.000000000000
55.551271177976,39.719240568340,32.520655188075
60.000000000000,60.000000000000,0.000000000000
60.000000000000,60.000000000000,60.000000000000
60.000000000000,60.000000000000,60.000000000000
60.000000000000,60.000000000000,60.000000000000
60.000000000000,60.000000000000,60.000000000000
60.000000000000,60.000000000000,60.000000000000
59.725707684216,0.023238209900,35.807805574055
60.000000000000,60.000000000000,60.000000000000
45.509416811071,28.497261781420,26.050575424957
60.000000000000,60.000000000000,60.000000000000
60.000000000000,60.000000000000,60.000000000000
60.000000000000,60.000000000000,60.000000000000
60.000000000000,60.000000000000,60.000000000000
60.000000000000,60.000000000000,60.000000000000
60.000000000000,60.000000000000,60.000000000000
33.543512358070,48.211746698261,4.151971218636
16.627672357677,7.983061465530,28.573404801350
60.000000000000,60.000000000000,60.000000000000
60.000000000000,60.000000000000,60.000000000000
60.000000000000,60.000000000000,60.000000000000
60.000000000000,60.000000000000,60.000000000000
37.770609814281,30.134687076876,12.135713460562
60.000000000000,60.000000000000,60.000000000000
60.000000000000,60.000000000000,60.000000000000
60.000000000000,60.000000000000,60.000000000000
60.000000000000,60.000000000000,60.000000000000
60.000000000000,60.000000000000,60.000000000000
60.000000000000,60.000000000000,60.000000000000
60.000000000000,60.000000000000,60.000000000000
57.002472328693,11.723164960537,26.285099101158
60.000000000000,60.000000000000,60.000000000000
60.000000000000,60.000000000000,60.000000000000
60.000000000000,60.000000000000,60.000000000000
60.000000000000,60.000000000000,60.000000000000
60.000000000000,60.000000000000,60.000000000000
60.000000000000,60.000000000000,60.000000000000
60.000000000000,60.000000000000,60.000000000000
60.000000000000,60.000000000000,60.000000000000
60.000000000000,60.000000000000,60.000000000000
24.064948707159,53.438699083433,36.363683712643
45.996649211954,30.142220815252,12.152542713867
60.000000000000,60.000000000000,60.000000000000
8.953984039872,7.178623366878,39.384240547576
60.000000000000,60.000000000000,60.000000000000
60.000000000000,60.000000000000,60.000000000000
1.173128061035,15.124626034975,13.373879146332
60.000000000000,60.000000000000,60.000000000000
60.000000000000,60.000000000000,60.000000000000
60.000000000000,60.000000000000,60.000000000000
19.731663258899,29.195263203361,10.849796697428
43.665878483264,1.853738758983,40.444339245287
21.841496249214,0.000000000000,0.000000000000
60.000000000000,60.000000000000,60.000000000000
47.373681361569,4.821003225650,20.685794571039
21.278482474987,2.397192699098,18.286693084032
60.000000000000,60.000000000000,60.000000000000
60.000000000000,60.000000000000,60.000000000000
60.000000000000,60.000000000000,60.000000000000
12.857510485898,30.388405683028,1.753556610370
1.260281413906,50.268262734521,58.960969461727
60.000000000000,60.000000000000,60.000000000000
60.000000000000,60.000000000000,60.000000000000
60.000000000000,60.000000000000,60.000000000000
19.541570296531,37.764539984356,54.977631844631
60.000000000000,60.000000000000,60.000000000000
47.237604664089,3.793470622483,10.832107578884
60.000000000000,60.000000000000,60.000000000000
60.000000000000,60.000000000000,60.000000000000
60.000000000000,60.000000000000,60.000000000000
60.000000000000,60.000000000000,60.000000000000
60.000000000000,60.000000000000,60.000000000000
0.000000000000,60.000000000000,60.000000000000
60.000000000000,60.000000000000,60.000000000000
60.000000000000,60.000000000000,60.000000000000
0.000000000000,60.000000000000,60.000000000000
12.015201344818,7.050185753024,60.000000000000
60.000000000000,60.000000000000,60.000000000000
60.000000000000,60.000000000000,60.000000000000
60.000000000000,60.000000000000,60.000000000000
60.000000000000,60.000000000000,60.000000000000
60.000000000000,60.000000000000,60.000000000000
6.395274046072,51.096757235140,7.850299642769
60.000000000000,60.000000000000,60.000000000000
60.000000000000,60.000000000000,60.000000000000
60.000000000000,60.000000000000,60.000000000000
60.000000000000,60.000000000000,60.000000000000
60.000000000000,60.000000000000,60.000000000000
60.000000000000,60.000000000000,60.000000000000
39.671898619175,32.621932409562,0.215156638502
60.000000000000,60.000000000000,60.000000000000
60.000000000000,60.000000000000,60.000000000000
60.000000000000,60.000000000000,0.000000000000
60.000000000000,60.000000000000,60.000000000000
60.000000000000,60.000000000000,0.000000000000
53.447546566231,3.977921162976,33.115804414783
60.000000000000,60.000000000000,60.000000000000
60.000000000000,60.000000000000,60.000000000000
54.946401650106,26.607111347579,60.000000000000
60.000000000000,60.000000000000,60.000000000000
60.000000000000,60.000000000000,60.000000000000
60.000000000000,60.000000000000,60.000000000000
20.217013402379,14.647248330908,34.507773474160
60.000000000000,60.000000000000,60.000000000000
60.000000000000,60.000000000000,60.000000000000
60.000000000000,60.000000000000,60.000000000000
60.000000000000,60.000000000000,60.000000000000
60.000000000000,60.000000000000,60.000000000000
60.000000000000,60.000000000000,60.000000000000
60.000000000000,60.000000000000,60.000000000000
60.000000000000,60.000000000000,60.000000000000
60.000000000000,60.000000000000,60.000000000000
60.000000000000,60.000000000000,60.000000000000
60.000000000000,60.000000000000,60.000000000000
60.000000000000,60.000000000000,60.000000000000
60.000000000000,60.000000000000,60.000000000000
60.000000000000,60.000000000000,60.000000000000
60.000000000000,60.000000000000,60.000000000000
48.994948791290,14.070882859202,39.074163499228
60.000000000000,60.000000000000,60.000000000000
60.000000000000,60.000000000000,60.000000000000
60.000000000000,60.000000000000,60.000000000000
60.000000000000,60.000000000000,60.000000000000
60.000000000000,60.000000000000,60.000000000000
60.000000000000,60.000000000000,60.000000000000
42.102952026985,11.891094082584,17.840090125153
60.000000000000,60.000000000000,60.000000000000
60.000000000000,60.000000000000,60.000000000000
60.000000000000,60.000000000000,60.000000000000
60.000000000000,60.000000000000,60.000000000000
60.000000000000,60.000000000000,60.000000000000
60.000000000000,60.000000000000,60.000000000000
60.000000000000,60.000000000000,60.000000000000
50.843261160157,41.006362628404,32.506831708221
60.000000000000,60.000000000000,60.000000000000
60.000000000000,60.000000000000,60.000000000000
60.000000000000,60.000000000000,60.000000000000
2.365679565818,27.538021988230,4.739520349106
60.000000000000,60.000000000000,60.000000000000
60.000000000000,60.000000000000,60.000000000000
60.000000000000,60.000000000000,60.000000000000
60.000000000000,60.000000000000,60.000000000000
60.000000000000,60.000000000000,60.000000000000
23.283973331015,11.465841371067,39.254322346438
60.000000000000,60.000000000000,60.000000000000
60.000000000000,60.000000000000,60.000000000000
0.000000000000,60.000000000000,60.000000000000
60.000000000000,60.000000000000,60.000000000000
60.000000000000,60.000000000000,60.000000000000
60.000000000000,60.000000000000,60.000000000000
60.000000000000,60.000000000000,60.000000000000
60.000000000000,60.000000000000,60.000000000000
60.000000000000,60.000000000000,60.000000000000
60.000000000000,60.000000000000,60.000000000000
0.000000000000,60.000000000000,60.000000000000
60.000000000000,60.000000000000,60.000000000000
60.000000000000,27.056523709254,0.000000000000
60.000000000000,60.000000000000,60.000000000000
60.000000000000,60.000000000000,60.000000000000
60.000000000000,60.000000000000,60.000000000000
60.000000000000,60.000000000000,60.000000000000
60.000000000000,60.000000000000,60.000000000000
60.000000000000,60.000000000000,60.000000000000
60.000000000000,60.000000000000,60.000000000000
60.000000000000,60.000000000000,60.000000000000
59.791140572627,33.330774611628,35.901753163580
60.000000000000,60.000000000000,60.000000000000
43.626378616931,57.160783844056,14.914256584624
60.000000000000,60.000000000000,60.000000000000
60.000000000000,60.000000000000,60.000000000000
60.000000000000,60.000000000000,60.000000000000
60.000000000000,60.000000000000,60.000000000000
60.000000000000,60.000000000000,60.000000000000
60.000000000000,60.000000000000,60.000000000000
60.000000000000,0.000000000000,60.000000000000
60.000000000000,60.000000000000,60.000000000000
16.418371796580,50.579555198896,49.671983002160
60.000000000000,60.000000000000,60.000000000000
60.000000000000,60.000000000000,60.000000000000
60.000000000000,60.000000000000,51.329021857941
60.000000000000,60.000000000000,60.000000000000
59.119465487445,1.178235342244,20.179950868355
60.000000000000,60.000000000000,60.000000000000
60.000000000000,60.000000000000,60.000000000000
60.000000000000,60.000000000000,60.000000000000
60.000000000000,60.000000000000,60.000000000000
59.826171745363,51.895038441406,11.232784967665
60.000000000000,60.000000000000,60.000000000000
60.000000000000,60.000000000000,60.000000000000
47.873469836171,8.600338210891,46.207071335350
60.000000000000,60.000000000000,60.000000000000
60.000000000000,60.000000000000,60.000000000000
60.000000000000,60.000000000000,60.000000000000
60.000000000000,60.000000000000,60.000000000000
60.000000000000,60.000000000000,60.000000000000
60.000000000000,60.000000000000,60.000000000000
60.000000000000,60.000000000000,60.000000000000
60.000000000000,60.000000000000,60.000000000000
24.222185252234,52.097637608609,16.140830879205
44.791927169094,17.723834449276,23.644966597051
60.000000000000,60.000000000000,60.000000000000
60.000000000000,60.000000000000,60.000000000000
60.000000000000,60.000000000000,60.000000000000
60.000000000000,60.000000000000,60.000000000000
45.511796912290,4.526927488805,28.574357045404
60.000000000000,60.000000000000,60.000000000000
60.000000000000,60.000000000000,0.000000000000
60.000000000000,60.000000000000,60.000000000000
60.000000000000,60.000000000000,60.000000000000
60.000000000000,60.000000000000,60.000000000000
60.000000000000,60.000000000000,0.000000000000
60.000000000000,60.000000000000,60.000000000000
60.000000000000,60.000000000000,60.000000000000
29.759887869195,22.326628714544,8.106273060581
0.000000000000,60.000000000000,60.000000000000
0.000000000000,60.000000000000,60.000000000000
60.000000000000,60.000000000000,60.000000000000
60.000000000000,60.000000000000,60.000000000000
60.000000000000,60.000000000000,60.000000000000
60.000000000000,60.000000000000,60.000000000000
60.000000000000,60.000000000000,60.000000000000
60.000000000000,60.000000000000,60.000000000000
60.000000000000,60.000000000000,0.000000000000
60.000000000000,60.000000000000,60.000000000000
60.000000000000,60.000000000000,0.000000000000
60.000000000000,60.000000000000,60.000000000000
60.000000000000,60.000000000000,60.000000000000
60.000000000000,60.000000000000,0.000000000000
60.000000000000,60.000000000000,60.000000000000
60.000000000000,60.000000000000,60.000000000000
60.000000000000,60.000000000000,0.000000000000
60.000000000000,60.000000000000,60.000000000000
60.000000000000,60.000000000000,60.000000000000
55.872596333278,55.634326098137,29.820344402063
60.000000000000,60.000000000000,60.000000000000
60.000000000000,60.000000000000,60.000000000000
60.000000000000,60.000000000000,0.000000000000
60.000000000000,60.000000000000,60.000000000000
14.711120708669,17.057212901166,34.276905335713
60.000000000000,60.000000000000,0.000000000000
0.000000000000,60.000000000000,60.000000000000
20.080369390915,7.370567897122,40.309671265741
60.000000000000,0.000000000000,60.000000000000
60.000000000000,60.000000000000,0.000000000000
60.000000000000,60.000000000000,60.000000000000
60.000000000000,60.000000000000,60.000000000000
60.000000000000,60.000000000000,60.000000000000
60.000000000000,60.000000000000,60.000000000000
60.000000000000,60.000000000000,60.000000000000
60.000000000000,60.000000000000,60.000000000000
60.000000000000,60.000000000000,60.000000000000
60.000000000000,60.000000000000,60.000000000000
60.000000000000,60.000000000000,60.000000000000
60.000000000000,60.000000000000,60.000000000000
60.000000000000,36.519012785760,60.000000000000
60.000000000000,60.000000000000,60.000000000000
60.000000000000,60.000000000000,60.000000000000
37.923420406559,17.069341612234,59.014268121574
12.866362096057,60.000000000000,14.979945330614
60.000000000000,60.000000000000,60.000000000000
50.596528164452,45.479386715122,40.980674441335
60.000000000000,60.000000000000,60.000000000000
60.000000000000,60.000000000000,60.000000000000
60.000000000000,60.000000000000,60.000000000000
60.000000000000,60.000000000000,60.000000000000
60.000000000000,60.000000000000,60.000000000000
60.000000000000,60.000000000000,60.000000000000
60.000000000000,60.000000000000,0.000000000000
60.000000000000,60.000000000000,0.000000000000
60.000000000000,60.000000000000,60.000000000000
60.000000000000,60.000000000000,60.000000000000
60.000000000000,60.000000000000,60.000000000000
60.000000000000,60.000000000000,60.000000000000
60.000000000000,60.000000000000,60.000000000000
57.862169040405,40.895545882469,57.432470651998
37.434117103884,20.063653745576,3.087396324238
60.000000000000,60.000000000000,60.000000000000
60.000000000000,60.000000000000,0.000000000000
9.332567161356,20.352209680942,9.704664076273
60.000000000000,60.000000000000,60.000000000000
2.177300573414,3.202610994195,11.040826412235
60.000000000000,60.000000000000,60.000000000000
60.000000000000,60.000000000000,60.000000000000
60.000000000000,60.000000000000,60.000000000000
60.000000000000,60.000000000000,0.000000000000
60.000000000000,60.000000000000,60.000000000000
60.000000000000,60.000000000000,60.000000000000
60.000000000000,60.000000000000,0.000000000000
60.000000000000,60.000000000000,0.000000000000
41.745337224687,31.114890256530,43.866867806570
60.000000000000,60.000000000000,0.000000000000
60.000000000000,60.000000000000,60.000000000000
60.000000000000,60.000000000000,60.000000000000
60.000000000000,60.000000000000,60.000000000000
60.000000000000,60.000000000000,60.000000000000
60.000000000000,60.000000000000,60.000000000000
26.939692203904,25.631242076659,10.734899753420
60.000000000000,60.000000000000,60.000000000000
60.000000000000,60.000000000000,60.000000000000
60.000000000000,60.000000000000,60.000000000000
60.000000000000,60.000000000000,60.000000000000
24.042461289750,16.838449081404,2.797399883743
36.791474906679,13.521305140505,20.815447930353
60.000000000000,60.000000000000,60.000000000000
60.000000000000,60.000000000000,60.000000000000
60.000000000000,60.000000000000,60.000000000000
60.000000000000,60.000000000000,0.000000000000
60.000000000000,60.000000000000,60.000000000000
60.000000000000,60.000000000000,60.000000000000
60.000000000000,60.000000000000,60.000000000000
11.737930018783,25.814709338433,42.192348483224
60.000000000000,60.000000000000,60.000000000000
60.000000000000,60.000000000000,60.000000000000
60.000000000000,60.000000000000,60.000000000000
60.000000000000,60.000000000000,60.000000000000
60.000000000000,60.000000000000,60.000000000000
60.000000000000,60.000000000000,60.000000000000
60.000000000000,60.000000000000,60.000000000000
0.000000000000,60.000000000000,60.000000000000
60.000000000000,60.000000000000,60.000000000000
60.000000000000,60.000000000000,60.000000000000
60.000000000000,60.000000000000,60.000000000000
60.000000000000,60.000000000000,60.000000000000
47.816840706645,47.379860178464,3.549280161452
60.000000000000,60.000000000000,60.000000000000
4.380404941265,21.558039822382,13.614890372165
60.000000000000,60.000000000000,60.000000000000
60.000000000000,60.000000000000,0.000000000000
60.000000000000,60.000000000000,60.000000000000
60.000000000000,60.000000000000,60.000000000000
60.000000000000,60.000000000000,60.000000000000
60.000000000000,60.000000000000,60.000000000000
30.910530577470,54.785828214995,55.109755941141
60.000000000000,60.000000000000,60.000000000000
41.832111997302,47.130988879227,36.195235421362
60.000000000000,60.000000000000,60.000000000000
60.000000000000,60.000000000000,60.000000000000
60.000000000000,60.000000000000,60.000000000000
60.000000000000,60.000000000000,60.000000000000
0.000000000000,60.000000000000,60.000000000000
60.000000000000,60.000000000000,60.000000000000
60.000000000000,60.000000000000,0.000000000000
60.000000000000,60.000000000000,60.000000000000
60.000000000000,60.000000000000,60.000000000000
60.000000000000,60.000000000000,60.000000000000
60.000000000000,60.000000000000,60.000000000000
60.000000000000,60.000000000000,60.000000000000
39.135682035914,20.150592465172,9.718385502427
60.000000000000,60.000000000000,60.000000000000
60.000000000000,60.000000000000,60.000000000000
60.000000000000,60.000000000000,60.000000000000
60.000000000000,60.000000000000,60.000000000000
60.000000000000,60.000000000000,0.000000000000
41.049322694837,40.389752503950,8.509015455249
60.000000000000,60.000000000000,60.000000000000
60.000000000000,60.000000000000,60.000000000000
60.000000000000,60.000000000000,60.000000000000
21.416836628824,60.000000000000,60.000000000000
60.000000000000,60.000000000000,0.000000000000
60.000000000000,60.000000000000,60.000000000000
60.000000000000,60.000000000000,60.000000000000
60.000000000000,60.000000000000,0.000000000000
60.000000000000,60.000000000000,60.000000000000
60.000000000000,60.000000000000,60.000000000000
60.000000000000,60.000000000000,60.000000000000
60.000000000000,60.000000000000,60.000000000000
60.000000000000,60.000000000000,60.000000000000
60.000000000000,60.000000000000,60.000000000000
60.000000000000,60.000000000000,60.000000000000
60.000000000000,60.000000000000,60.000000000000
9.865064196497,26.877472387609,57.796373070665
60.000000000000,60.000000000000,60.000000000000
60.000000000000,60.000000000000,60.000000000000
26.542295523736,33.646310157894,10.820599723943
60.000000000000,60.000000000000,60.000000000000
60.000000000000,60.000000000000,60.000000000000
60.000000000000,60.000000000000,45.656850247205
60.000000000000,60.000000000000,60.000000000000
60.000000000000,60.000000000000,60.000000000000
60.000000000000,60.000000000000,0.000000000000
60.000000000000,60.000000000000,0.000000000000
3.402605256790,44.908717637177,30.614187408086
27.459428365490,27.147260169844,35.047915003213
60.000000000000,60.000000000000,60.000000000000
60.000000000000,60.000000000000,60.000000000000
2.909890934998,4.474774104018,34.544509424272
60.000000000000,60.000000000000,0.000000000000
60.000000000000,60.000000000000,0.000000000000
60.000000000000,60.000000000000,60.000000000000
60.000000000000,60.000000000000,60.000000000000
60.000000000000,60.000000000000,60.000000000000
