x,y,z
30.547859705107,27.473643805837,0.320548586710
6.452667349722,34.090949095226,33.786558706054
2.068294891642,20.769641610537,54.415916204858
54.440604396133,53.526804539863,45.077506898094
10.096384391867,16.117874339094,7.511135954189
60.000000000000,60.000000000000,60.000000000000
13.974641044736,8.780784115030,28.058055948251
2.486871531321,33.489929249391,33.056875393571
60.000000000000,60.000000000000,60.000000000000
54.310727635986,18.278381476471,44.437325292351
6.847847991265,32.584301754702,43.463357603072
60.000000000000,60.000000000000,60.000000000000
51.492178879522,44.755734875498,46.351936723816
54.229906720855,19.666041733192,32.132182927340
5.963455519160,33.825717114918,18.412890723572
60.000000000000,60.000000000000,0.000000000000
6.358288468381,9.982267898856,50.847289127977
51.025735573919,21.000811100489,35.234299871876
60.000000000000,60.000000000000,0.000000000000
4.652420010625,7.293190252280,44.750074054834
60.000000000000,60.000000000000,60.000000000000
28.829404365603,15.086600130115,4.291443360071
6.136632131545,59.044056205266,22.969060417270
43.450235120755,57.151520126532,11.477959033356
3.856256697740,34.569468242756,51.889250908093
1.887126317235,0.214233422789,24.599677509647
56.100954142748,26.498765866098,24.769278187091
60.000000000000,60.000000000000,0.000000000000
0.108595892353,58.677379078362,36.632450094425
6.113174498512,12.682070265725,37.694220110209
0.217948011387,45.963715755551,43.439647405448
60.000000000000,60.000000000000,60.000000000000
2.992000649720,4.205596640103,3.059058969305
1.963189355832,37.517414866862,19.974580248487
60.000000000000,60.000000000000,60.000000000000
60.000000000000,60.000000000000,0.000000000000
60.000000000000,60.000000000000,60.000000000000
6.303631539170,22.348839156282,33.216159175884
0.744399687082,10.622437657704,41.510553195340
60.000000000000,60.000000000000,60.000000000000
16.463961200036,54.751240239906,5.386644334868
60.000000000000,60.000000000000,0.000000000000
2.388940948284,24.961850794577,47.703135257228
12.778470159604,27.591375608057,15.356227252688
45.455957608450,57.785880818743,7.943610590482
7.448726853237,45.929771221997,45.113577633199
34.482313858402,23.725093019772,21.785771142421
20.614565911064,22.686240720604,38.339667081575
53.662841274256,55.164715121730,40.679544654574
34.424982092708,29.660462698754,12.084417943626
1.964047064799,37.713936224469,49.875710531507
60.000000000000,60.000000000000,60.000000000000
3.808687601710,9.492077431707,52.164255554125
19.746603521086,4.955318377104,39.211202967994
16.233117528194,8.134444000609,10.485147103258
60.000000000000,60.000000000000,60.000000000000
60.000000000000,60.000000000000,60.000000000000
0.000000000000,60.000000000000,60.000000000000
60.000000000000,60.000000000000,0.000000000000
12.889447164756,11.623427705984,28.522503327955
60.000000000000,60.000000000000,60.000000000000
26.191711319999,57.882471944077,35.432831990243
60.000000000000,60.000000000000,60.000000000000
34.689227931498,39.377944837602,38.866660632589
3.199536421711,37.523335903738,55.870868101070
0.000000000000,60.000000000000,60.000000000000
26.805146921242,3.030270402022,49.741924262825
0.626406289898,23.797061541347,1.624118906136
4.142779246555,15.196211780870,31.715080646794
60.000000000000,60.000000000000,60.000000000000
60.000000000000,60.000000000000,60.000000000000
60.000000000000,60.000000000000,60.000000000000
60.000000000000,60.000000000000,60.000000000000
60.000000000000,60.000000000000,0.000000000000
1.623484251461,49.482318249534,32.973359345484
0.310407566321,17.742605810812,37.884556308355
1.325886551273,26.165921479241,40.457848036987
60.000000000000,60.000000000000,60.000000000000
60.000000000000,17.579456537349,22.401363574418
60.000000000000,60.000000000000,0.000000000000
60.000000000000,60.000000000000,60.000000000000
43.798844154026,54.269787070602,38.819847239835
7.131838925746,37.668540480699,6.012573275993
4.068556366985,34.274010885302,16.521441485137
27.394356582014,24.055505982336,11.354383280085
4.920474830450,37.115876532788,30.674553343461
43.703960381518,16.834622952378,45.907491853611
60.000000000000,60.000000000000,60.000000000000
38.965240897081,17.982139060425,53.452914636044
3.096223438518,39.363425611693,33.329327065787
42.570380252090,60.000000000000,60.000000000000
60.000000000000,60.000000000000,60.000000000000
60.000000000000,60.000000000000,0.000000000000
0.812675330770,22.297924786450,29.017183040530
1.316507889365,18.340193162422,14.034540940754
60.000000000000,60.000000000000,0.000000000000
1.794666125999,23.961492561249,42.839532343292
0.161710687368,19.295737640824,32.199217559101
2.224349678522,55.174257834805,39.120609368690
27.465876551796,18.361433296920,27.525648481386
6.666683834424,55.307683821732,36.302931417926
60.000000000000,7.126667528777,45.886753654364
31.024379319919,45.559984006743,0.246317231099
60.000000000000,60.000000000000,60.000000000000
34.038085833749,58.238988758849,30.555644317795
60.000000000000,60.000000000000,60.000000000000
60.000000000000,60.000000000000,60.000000000000
5.086239018551,34.495573747464,23.789875863573
18.758681125468,31.199689413438,4.372800007807
60.000000000000,60.000000000000,60.000000000000
60.000000000000,60.000000000000,60.000000000000
60.000000000000,60.000000000000,60.000000000000
60.000000000000,60.000000000000,60.000000000000
16.756614236915,32.023260877936,31.134141934617
60.000000000000,60.000000000000,60.000000000000
60.000000000000,60.000000000000,0.000000000000
60.000000000000,60.000000000000,0.000000000000
13.065746573129,34.178555761920,47.159095936761
11.848170912199,28.754556813382,33.244107470938
4.320339403599,38.956653866094,14.817566476350
60.000000000000,60.000000000000,0.000000000000
60.000000000000,60.000000000000,60.000000000000
32.428679739897,18.898441583113,45.723288700255
9.173255306489,32.619851579970,25.834008647296
60.000000000000,60.000000000000,60.000000000000
60.000000000000,60.000000000000,60.000000000000
15.952477068249,19.810545404615,3.889422506364
8.127874291225,33.919405884531,39.097204902988
6.156247897831,10.864064654319,9.128759909819
5.883305440629,16.757614078224,18.043341304553
60.000000000000,60.000000000000,60.000000000000
0.413755474381,29.143130312399,34.349660970313
34.506000911093,25.058422827123,26.802182193688
11.062769891422,42.297386676428,25.247326997941
4.444008188585,53.847062889615,19.768815797441
60.000000000000,60.000000000000,60.000000000000
60.000000000000,60.000000000000,60.000000000000
11.677021399131,60.000000000000,36.523212409352
9.514768346887,15.556527369292,4.156441311272
60.000000000000,60.000000000000,0.000000000000
21.106756052645,60.000000000000,14.535504979798
35.053702362540,56.893763462938,12.157957101888
60.000000000000,60.000000000000,60.000000000000
4.512490006162,25.804275387148,23.552749875467
60.000000000000,15.124218024929,60.000000000000
24.873627532573,13.091193368948,56.268696161808
10.337587195527,13.058757695493,27.731443343592
11.022521647654,15.110820693446,34.283336272170
29.347058913245,40.275817612002,27.499081971661
60.000000000000,60.000000000000,60.000000000000
12.501590042081,50.898088735766,14.583158046704
21.804186461694,53.734099598585,4.699675056374
52.007687235705,43.438506807944,45.297838124613
13.484827747521,18.205153016901,17.974207308159
60.000000000000,60.000000000000,60.000000000000
11.501515767316,34.863163370701,21.738532058428
6.380738314627,40.228459747382,4.272153464214
60.000000000000,60.000000000000,0.000000000000
5.241854254258,11.939268451112,3.447789877171
60.000000000000,60.000000000000,0.000000000000
1.944344633621,43.837632587585,38.696796238330
60.000000000000,60.000000000000,0.000000000000
6.705284939778,40.730763274664,31.843477276069
60.000000000000,60.000000000000,60.000000000000
60.000000000000,60.000000000000,60.000000000000
12.164843531597,26.317359402212,47.159632747390
4.969115293939,18.028733609592,53.483371933113
60.000000000000,60.000000000000,60.000000000000
32.004097981326,8.650658582344,36.056845039345
60.000000000000,60.000000000000,60.000000000000
60.000000000000,60.000000000000,0.000000000000
9.061812957468,31.099746982762,38.638681701903
60.000000000000,60.000000000000,60.000000000000
10.837572426787,30.246759844708,20.769723592359
4.023986239375,29.769288466465,16.838046932863
60.000000000000,60.000000000000,0.000000000000
60.000000000000,60.000000000000,60.000000000000
8.189780769430,23.722338576616,30.788940151439
46.920158574631,3.940516296519,17.948957279255
7.064767171548,38.577356487425,33.469050269307
60.000000000000,60.000000000000,60.000000000000
60.000000000000,60.000000000000,60.000000000000
37.753579403676,31.988285327323,31.891541685301
60.000000000000,60.000000000000,60.000000000000
60.000000000000,60.000000000000,60.000000000000
20.496049131924,18.570528534036,15.756832578709
7.162383115771,24.071699340410,7.132292605346
60.000000000000,60.000000000000,0.000000000000
43.001209365032,49.499965288005,60.000000000000
9.323098574569,44.749263211869,26.885643427021
60.000000000000,60.000000000000,60.000000000000
20.341249301595,59.138294807926,44.456525309958
6.041555032419,47.267754547298,58.352330731516
10.726536993235,33.235452076913,36.359496661620
11.736384965990,20.020783113466,45.208841370960
5.107073659339,22.975883111105,49.248892275866
12.233933038764,55.690070917453,46.228431228317
11.806925866748,10.423480467792,17.117303431630
60.000000000000,60.000000000000,60.000000000000
60.000000000000,60.000000000000,60.000000000000
60.000000000000,60.000000000000,60.000000000000
0.000000000000,60.000000000000,60.000000000000
2.692247366650,21.606225943700,46.600210878784
60.000000000000,40.819121330408,18.473542108813
24.826176478309,40.050533533534,1.546480001471
10.205046279085,34.661619203787,33.771282911629
38.615153920972,31.804700164557,1.233761994435
54.845236180820,39.433160564436,44.638167393647
10.243999544277,9.673755541846,12.711744314269
13.111653582725,54.256328213588,20.606233457956
53.473177132990,42.187533539134,52.673237287431
60.000000000000,60.000000000000,60.000000000000
47.682274171635,0.043763287102,59.923229964416
60.000000000000,60.000000000000,60.000000000000
16.513217349328,39.360875820096,50.589197859660
60.000000000000,60.000000000000,60.000000000000
7.135420179517,31.916303669814,55.180018897066
38.126720464526,37.498597259437,7.206025853275
11.606031652043,54.802158414645,57.954050441889
60.000000000000,60.000000000000,60.000000000000
60.000000000000,60.000000000000,0.000000000000
9.497183304519,42.549289107614,18.487506808939
13.862332895549,46.867755449789,55.243518486508
11.727213997371,1.073390977346,13.619810703200
60.000000000000,60.000000000000,60.000000000000
4.538113566046,11.686656772394,54.889071434833
60.000000000000,60.000000000000,60.000000000000
60.000000000000,60.000000000000,60.000000000000
60.000000000000,60.000000000000,60.000000000000
55.331018749673,3.595219762236,1.455011206897
36.787475186523,12.777206583954,53.121191095097
38.133399934133,57.229641004349,25.664026264451
37.267825117774,16.315647533251,56.751498578481
60.000000000000,60.000000000000,60.000000000000
60.000000000000,60.000000000000,60.000000000000
40.129878119159,42.983351675827,41.080404680879
57.776776628618,54.818687808247,54.246961127485
42.668291816681,20.612580269509,60.000000000000
29.963825269602,21.012669855805,46.205916878378
60.000000000000,60.000000000000,60.000000000000
48.673241759005,42.496471583960,23.948482803178
2.535921336837,20.767978007648,22.533726080222
12.452054001323,55.584545641197,20.284232120416
60.000000000000,60.000000000000,60.000000000000
8.677098839645,55.892075557670,17.239914506677
12.832625893288,15.833892697569,27.070025153969
9.775094218147,51.593264405767,24.238814462359
60.000000000000,60.000000000000,0.000000000000
7.721843471913,55.226348726569,59.317854333146
33.090683717042,47.904207333455,28.291929739459
60.000000000000,60.000000000000,60.000000000000
45.251735177802,3.708109950745,36.832041085233
16.293171380742,2.316014119707,22.929665056040
1.921632333377,30.720483868865,28.753385762177
12.078300670391,5.533843752856,13.943998771715
60.000000000000,60.000000000000,60.000000000000
7.613812171512,51.166853736514,18.316126874472
15.822442302151,23.153354713784,32.905925555378
10.290248852974,1.556390470034,41.527759604847
48.435799780354,39.906117300191,57.716412602950
60.000000000000,60.000000000000,60.000000000000
60.000000000000,60.000000000000,0.000000000000
13.313890400531,6.528205212841,0.239786608200
60.000000000000,53.260352432438,47.075415554743
60.000000000000,60.000000000000,60.000000000000
60.000000000000,60.000000000000,60.000000000000
2.696985117351,1.982087707295,6.967041113679
60.000000000000,60.000000000000,60.000000000000
60.000000000000,60.000000000000,60.000000000000
57.452207793304,52.011280403189,60.000000000000
60.000000000000,60.000000000000,0.000000000000
1.829398131335,31.387762090258,13.813599653173
60.000000000000,9.756957812547,0.000000000000
10.543478014715,32.597812285564,27.906862661490
34.471193765454,5.256345404488,58.048719564614
9.358489193264,19.664349091045,18.970265599536
4.549908801496,42.138823661402,7.401172405544
6.945442828069,51.179274019594,57.967547420826
35.480326705422,12.316635962636,51.854841163160
60.000000000000,60.000000000000,60.000000000000
60.000000000000,60.000000000000,60.000000000000
8.836836999784,41.695175294030,25.976535917060
60.000000000000,60.000000000000,60.000000000000
17.182375011230,47.200116269424,38.667607339602
10.791619823234,48.945247595045,49.525997242187
0.033179045680,53.143531695201,14.449538806894
10.179782923713,48.337292478564,16.995869327305
10.728657801545,50.904735198516,34.347621313479
60.000000000000,60.000000000000,0.000000000000
8.520944469988,23.604766232918,29.698073014097
11.232507459110,25.034392241659,31.396554892152
60.000000000000,60.000000000000,0.000000000000
32.892398084250,30.589799341779,2.767979091234
60.000000000000,60.000000000000,0.000000000000
60.000000000000,60.000000000000,60.000000000000
60.000000000000,60.000000000000,60.000000000000
11.379311758423,48.260658030370,44.755841143879
60.000000000000,60.000000000000,0.000000000000
27.001086677054,44.359682680900,45.105747372778
60.000000000000,60.000000000000,60.000000000000
22.990452585233,37.194147505227,25.990633594120
32.625567272172,30.165767816789,32.263201246558
60.000000000000,60.000000000000,60.000000000000
19.764072868846,20.504199160930,44.723221814539
60.000000000000,60.000000000000,60.000000000000
12.692319597272,21.887760662181,22.229317336266
18.067681293635,48.759766248734,36.952526061357
60.000000000000,60.000000000000,60.000000000000
12.927560568152,38.116806966454,31.609457597398
60.000000000000,60.000000000000,60.000000000000
60.000000000000,60.000000000000,60.000000000000
12.137786022547,27.876943260017,44.295312975803
15.133461698845,52.281757616782,24.685593338333
60.000000000000,60.000000000000,0.000000000000
47.227203028555,41.773722720337,17.191022880148
15.124912862063,43.210565778486,29.173114341601
60.000000000000,60.000000000000,60.000000000000
38.176575802619,47.027464901612,44.304927793115
60.000000000000,60.000000000000,23.844143663349
60.000000000000,60.000000000000,0.000000000000
16.482159903574,25.958770309982,50.225119986175
14.717163176958,35.212203082763,32.115107242805
60.000000000000,60.000000000000,0.000000000000
60.000000000000,60.000000000000,0.000000000000
45.443634509088,49.777874866639,31.799781625856
60.000000000000,60.000000000000,60.000000000000
35.606264001408,42.564987273735,10.325049731411
60.000000000000,60.000000000000,0.000000000000
49.645465491997,58.814939238615,42.703589891458
60.000000000000,60.000000000000,0.000000000000
21.883413166543,42.568806875485,11.720186795527
39.051887318408,29.769933845254,18.528787598704
60.000000000000,60.000000000000,60.000000000000
60.000000000000,60.000000000000,0.000000000000
16.079372725847,10.187569822874,38.895949622655
53.773513693322,5.368727897816,60.000000000000
14.981609786884,0.926281118214,38.499341627831
60.000000000000,60.000000000000,60.000000000000
15.106957854487,46.937507049140,50.189117152143
0.878671549542,13.867814576625,37.918024488524
45.490872410140,24.375322882896,15.901293152362
60.000000000000,60.000000000000,60.000000000000
60.000000000000,60.000000000000,60.000000000000
60.000000000000,47.018781772980,60.000000000000
13.783453190718,23.515832380081,44.994046282187
60.000000000000,60.000000000000,0.000000000000
52.643046867680,16.636775669395,41.061629798409
60.000000000000,60.000000000000,0.000000000000
14.381584855166,30.465688978221,29.633316764030
60.000000000000,60.000000000000,0.000000000000
12.690980611572,43.903488448779,7.207888851955
60.000000000000,60.000000000000,0.000000000000
60.000000000000,41.391861233006,60.000000000000
10.713370810847,28.744608021019,32.041561096433
16.245823310788,12.121172110232,25.627843771958
60.000000000000,60.000000000000,60.000000000000
60.000000000000,60.000000000000,60.000000000000
60.000000000000,60.000000000000,60.000000000000
14.851796565942,53.721097268697,18.643715383440
8.523522855295,20.474162747170,45.882283485867
60.000000000000,60.000000000000,60.000000000000
60.000000000000,60.000000000000,60.000000000000
56.459358466517,52.627765822456,11.197345359567
39.750741036542,57.992698669249,24.015246963826
60.000000000000,60.000000000000,60.000000000000
60.000000000000,60.000000000000,60.000000000000
6.089370728338,5.946693523537,51.920052520089
60.000000000000,60.000000000000,60.000000000000
19.272699737134,54.043164624967,47.472318076180
14.288200968702,35.649204383513,35.697214511033
12.643229506625,14.527197550597,26.021603982999
41.647350743960,20.545000511257,1.993358011463
60.000000000000,60.000000000000,60.000000000000
21.752736544051,1.941393994268,54.605525012249
15.444807184137,5.723434987935,8.109269225363
12.045521673661,26.421476799337,15.491097907498
60.000000000000,60.000000000000,60.000000000000
48.161891370793,14.867125075703,37.148838743646
17.136887729198,1.392490642347,56.990705220350
60.000000000000,60.000000000000,60.000000000000
12.908736329830,37.853642014889,2.219315575291
14.387010728137,29.808108885495,25.363036562491
12.468796540149,28.914360211341,8.165223727957
60.000000000000,60.000000000000,60.000000000000
60.000000000000,60.000000000000,60.000000000000
16.031461037946,27.651456351048,39.917437855440
23.453947875755,56.552364101412,2.883136732109
60.000000000000,60.000000000000,60.000000000000
12.227929628463,4.108049036271,31.533232300271
0.000000000000,56.238861302828,60.000000000000
60.000000000000,60.000000000000,60.000000000000
60.000000000000,60.000000000000,0.000000000000
39.409176667567,22.514333843483,44.193597807025
13.312928639415,26.785255949134,27.526213546014
60.000000000000,60.000000000000,60.000000000000
13.790709173696,29.348629510656,21.169985834295
7.020127361072,34.435375690173,35.659688328086
15.613290585902,24.781526789583,29.464701994542
60.000000000000,60.000000000000,60.000000000000
60.000000000000,0.000000000000,60.000000000000
60.000000000000,60.000000000000,60.000000000000
30.981126690568,49.513271328218,4.552982532677
60.000000000000,60.000000000000,60.000000000000
20.234941193287,24.590071055111,39.791663911828
20.399735533277,3.736432162515,59.538206100986
14.282507853426,27.941965043976,33.843594446656
19.135914608410,55.299375714991,43.615611479886
60.000000000000,60.000000000000,60.000000000000
60.000000000000,60.000000000000,60.000000000000
60.000000000000,60.000000000000,60.000000000000
60.000000000000,60.000000000000,60.000000000000
14.236724940123,35.467642005446,39.784417714902
15.070421686472,53.496546993513,40.278316147805
0.000000000000,0.000000000000,0.000000000000
17.837046556307,16.347441025652,26.979653262987
60.000000000000,60.000000000000,60.000000000000
24.998748784608,13.828286660974,40.199022239932
16.735387430386,37.580295316837,23.704891776758
17.127436060210,9.493147602992,29.893785263330
54.564256802549,56.866098764560,51.034801043452
46.796489608744,46.614323025902,36.076542114139
26.316217564970,30.372919112091,16.773621056190
17.575911043015,24.079278324748,43.230394012923
13.737100177099,13.366734488460,34.353728372897
33.604570100134,50.932993749831,31.681493347657
60.000000000000,60.000000000000,0.000000000000
16.262423717820,58.538300667163,6.142350463981
13.482943887985,38.379115655401,42.521543945609
60.000000000000,60.000000000000,60.000000000000
15.669206587967,41.385353534629,36.147009244995
25.192200620319,23.048177561359,37.886194457117
13.663639195095,24.941121176691,23.937792419621
60.000000000000,60.000000000000,60.000000000000
42.199308441535,24.378034152090,48.699404372264
60.000000000000,60.000000000000,60.000000000000
60.000000000000,60.000000000000,0.000000000000
59.418591668942,35.651839883719,6.422870321437
60.000000000000,60.000000000000,0.000000000000
60.000000000000,60.000000000000,60.000000000000
24.580257309453,38.053603190277,27.484901943511
48.679360275938,35.518298693568,55.442146430298
60.000000000000,60.000000000000,60.000000000000
34.008476463607,58.777077799016,47.852982605714
60.000000000000,60.000000000000,60.000000000000
4.338122871091,59.063778045900,6.926041423551
11.386929457298,22.151508341481,52.887420237291
2.598629756907,48.510142934330,60.000000000000
0.000000000000,0.000000000000,0.000000000000
38.643950214869,16.920134214358,36.005815529521
20.513860743994,28.326598050832,30.958619573370
60.000000000000,60.000000000000,60.000000000000
35.759596420734,40.211737244566,0.583804670161
19.257922944485,30.109378546165,2.718399445363
21.606869084666,4.388805194894,37.850073170088
60.000000000000,60.000000000000,60.000000000000
35.619574724570,11.251786031772,18.427501963103
60.000000000000,60.000000000000,60.000000000000
2.601828357763,52.589320478444,46.381211315945
20.821435034048,19.153833108895,49.856412317210
21.866144225598,25.965467302256,29.800461282010
28.533768592969,52.934803874129,18.454898740268
60.000000000000,60.000000000000,11.866932614885
15.990867834186,37.687222023820,7.339982010450
60.000000000000,60.000000000000,60.000000000000
16.071241877915,37.404548472528,52.343512625972
14.710919552346,33.264543735088,46.831305664729
60.000000000000,60.000000000000,60.000000000000
11.709993102515,29.944262893055,33.879066937343
10.528942538620,4.849850957564,1.387013882017
60.000000000000,60.000000000000,0.000000000000
27.075501162587,36.568782136776,59.340181124179
60.000000000000,60.000000000000,60.000000000000
18.301327311522,41.218624268138,42.010361049511
16.726909130820,34.350959142726,36.576942458970
12.253080862635,23.881583354274,29.077260783424
15.383991517222,23.424220118455,24.436517505639
60.000000000000,60.000000000000,60.000000000000
60.000000000000,60.000000000000,60.000000000000
1.483636085925,56.607656272501,35.987716525466
15.231808733902,19.420588743290,21.336719587216
8.610172086313,30.729513182935,56.206763602111
15.267563609029,46.443566314163,26.857392590914
53.810388340053,16.982516552426,44.623213219930
15.994724437262,52.052784116919,45.310555254455
60.000000000000,60.000000000000,60.000000000000
60.000000000000,60.000000000000,60.000000000000
37.588589994181,50.638402007032,6.895803531725
60.000000000000,60.000000000000,0.000000000000
17.540774617714,47.979600526256,43.512990616039
0.000000000000,0.313116228731,60.000000000000
18.632855787634,10.236157137880,47.206418875706
24.144437904795,23.062164035262,18.853752624924
60.000000000000,60.000000000000,0.000000000000
60.000000000000,60.000000000000,60.000000000000
18.594900860818,41.337638381249,3.045762543908
24.393448850579,8.433490792122,27.493522977124
60.000000000000,60.000000000000,0.000000000000
21.265543750781,23.336481843653,28.013890643325
60.000000000000,60.000000000000,60.000000000000
60.000000000000,60.000000000000,60.000000000000
22.968185392441,33.900426755131,46.550146272791
60.000000000000,60.000000000000,60.000000000000
60.000000000000,60.000000000000,0.000000000000
60.000000000000,60.000000000000,60.000000000000
60.000000000000,60.000000000000,60.000000000000
43.202472275738,60.000000000000,7.698633713139
22.203787248903,50.191064432236,41.348804263905
60.000000000000,60.000000000000,0.000000000000
60.000000000000,60.000000000000,60.000000000000
60.000000000000,60.000000000000,0.000000000000
60.000000000000,60.000000000000,60.000000000000
24.403614655716,47.354259405964,33.000697290038
6.958250349359,43.125798901351,0.000000000000
24.161195962776,37.040661628210,31.065639010465
23.396448466254,13.664717733423,57.581130868625
13.286582118465,33.767352320002,40.753540108774
22.511139501323,57.130748175947,10.331678650873
60.000000000000,60.000000000000,60.000000000000
22.848581622662,25.237517420114,11.714922693071
60.000000000000,60.000000000000,60.000000000000
7.943897913857,60.000000000000,2.005115100021
60.000000000000,60.000000000000,60.000000000000
24.219944133700,34.131617379929,13.762637463164
60.000000000000,60.000000000000,60.000000000000
34.753038538088,17.348662394662,28.079476866996
3.179307682141,0.202894626197,19.773261454971
60.000000000000,60.000000000000,60.000000000000
19.878903523584,51.438985738300,20.360920062409
60.000000000000,60.000000000000,60.000000000000
23.628082776306,47.444069569793,59.055348868931
60.000000000000,60.000000000000,60.000000000000
60.000000000000,60.000000000000,60.000000000000
8.071395877792,24.328547581995,18.922818942021
60.000000000000,60.000000000000,60.000000000000
60.000000000000,60.000000000000,60.000000000000
50.088250542488,57.476527408805,44.863836324951
25.849640559241,56.023327182041,53.738057337714
31.627386764229,13.339183697144,16.251654153299
36.043158911729,40.848263741508,51.082402298165
23.982785257176,36.460903742269,37.481114071692
22.892048529716,59.120035994797,28.267511139462
60.000000000000,34.296998404407,0.000000000000
60.000000000000,60.000000000000,0.000000000000
43.797396214127,22.101790969068,34.712878900180
60.000000000000,60.000000000000,60.000000000000
54.774312253609,18.550969842460,56.591977681284
44.780245022754,1.281660725358,39.589088801393
8.204817915124,34.384174110860,34.204586921730
0.990583907022,12.686870757064,31.625626430672
60.000000000000,60.000000000000,60.000000000000
37.972009365721,6.974229151416,32.101146683931
60.000000000000,60.000000000000,60.000000000000
19.407149404178,17.215825865975,51.181330552562
18.667124229477,58.595288458461,32.898560593297
60.000000000000,60.000000000000,60.000000000000
3.195724336780,14.315018351980,15.880483236652
60.000000000000,60.000000000000,60.000000000000
21.714965484409,40.477285767222,30.727244287740
60.000000000000,60.000000000000,60.000000000000
20.434931738401,19.554292878674,34.530274676711
60.000000000000,60.000000000000,60.000000000000
38.093729819085,36.810577665409,29.433241380688
17.633191801454,37.379861664398,23.008475155292
60.000000000000,60.000000000000,0.000000000000
60.000000000000,60.000000000000,60.000000000000
60.000000000000,60.000000000000,0.000000000000
21.786636763593,17.161132538965,37.687987153874
26.484799512119,44.617356446230,26.236918774747
22.358032095855,0.158945773611,31.577175794165
60.000000000000,60.000000000000,0.000000000000
20.714184618021,9.076439187636,26.809587068884
1.414544166310,53.310820864389,60.000000000000
60.000000000000,60.000000000000,60.000000000000
21.579467232222,12.879075468964,29.183490382074
21.520225919363,11.039086056689,17.351505411804
16.036698587579,30.506139585162,60.000000000000
19.515133817158,59.490643214002,59.330910280668
60.000000000000,60.000000000000,60.000000000000
21.599923140293,9.753468094430,47.448176158001
27.738954739943,23.431502231180,27.552907730317
60.000000000000,60.000000000000,60.000000000000
60.000000000000,60.000000000000,60.000000000000
60.000000000000,60.000000000000,60.000000000000
25.610805140797,44.737347153572,10.722760691515
20.053874144993,37.976795897166,7.335750892650
16.578484933053,22.345391233433,35.675780952475
30.227632420507,54.716248204052,26.627382010082
41.460188816731,48.300057497257,9.793343225008
22.398298547493,34.743759185739,57.153647406593
60.000000000000,60.000000000000,0.000000000000
7.578478434015,35.334997216475,12.573184445512
60.000000000000,60.000000000000,0.000000000000
14.363029634142,9.278459798933,34.556094712178
24.814767001739,27.351742299394,20.496372987130
23.765657109801,44.796122880900,30.928952494017
27.742501193698,43.940371464594,43.928093532427
60.000000000000,60.000000000000,60.000000000000
21.398009291915,21.493825938403,20.820083632373
13.270406083382,58.953801981781,26.507335135992
60.000000000000,60.000000000000,32.891440089050
60.000000000000,60.000000000000,0.000000000000
60.000000000000,60.000000000000,60.000000000000
24.823449555759,32.163090496021,47.200926086713
60.000000000000,60.000000000000,0.000000000000
45.077663500050,60.000000000000,1.281973095526
57.269729560805,41.821045939010,44.226485629029
23.583846119847,17.263364671591,25.089852997205
60.000000000000,60.000000000000,0.000000000000
25.707616340937,28.283763020712,45.456939681491
3.446693853843,39.375395195715,54.812516826954
60.000000000000,60.000000000000,60.000000000000
29.473043613414,29.638189883518,45.594695489534
60.000000000000,60.000000000000,60.000000000000
60.000000000000,60.000000000000,60.000000000000
60.000000000000,60.000000000000,60.000000000000
60.000000000000,60.000000000000,60.000000000000
60.000000000000,60.000000000000,60.000000000000
60.000000000000,60.000000000000,60.000000000000
32.053169302817,8.181182819708,2.815698179309
22.443815584078,41.324679696412,37.439165339494
51.791233867175,54.931349380668,56.918179144239
7.591228346168,31.935969860400,33.142761677881
60.000000000000,60.000000000000,60.000000000000
60.000000000000,60.000000000000,60.000000000000
60.000000000000,60.000000000000,60.000000000000
60.000000000000,35.665506435291,41.453853388487
60.000000000000,60.000000000000,60.000000000000
22.391676560411,44.803880472486,60.000000000000
60.000000000000,60.000000000000,48.271663060417
60.000000000000,60.000000000000,60.000000000000
10.361821563054,54.678561700644,55.053147193631
28.271865336521,41.636467880027,36.194506510576
28.887384951011,36.577331963614,17.360551174084
60.000000000000,60.000000000000,60.000000000000
53.757255941550,14.717239084011,10.616012153720
60.000000000000,60.000000000000,60.000000000000
26.102943360742,51.525331347914,25.224220872145
60.000000000000,60.000000000000,0.000000000000
28.590109111127,16.001000988822,57.250423431102
60.000000000000,60.000000000000,60.000000000000
25.201769339793,36.339568853666,8.541655176689
34.407086342095,16.512881727523,29.217897658303
60.000000000000,60.000000000000,60.000000000000
60.000000000000,60.000000000000,60.000000000000
60.000000000000,60.000000000000,60.000000000000
22.169846566515,29.059922803446,33.729736721534
60.000000000000,60.000000000000,60.000000000000
25.771979412580,16.576690229034,27.200989715854
24.013335540531,5.043033280571,51.541948366720
60.000000000000,60.000000000000,60.000000000000
60.000000000000,60.000000000000,60.000000000000
10.068518974593,38.875013265689,9.720567821049
60.000000000000,60.000000000000,60.000000000000
49.406587575662,14.440826516834,59.890869276720
60.000000000000,60.000000000000,60.000000000000
60.000000000000,60.000000000000,60.000000000000
60.000000000000,60.000000000000,60.000000000000
25.856383187903,35.541049264919,25.475686259756
60.000000000000,60.000000000000,60.000000000000
60.000000000000,60.000000000000,60.000000000000
26.247117893386,16.116414190446,11.055567605743
8.150066441851,8.206309086600,9.038717005952
24.873687289434,14.368962728333,11.436313269176
60.000000000000,56.250448713981,29.358472493934
15.686324521514,31.907891890039,51.903190848920
1.871483501199,34.932050769201,4.078374390653
25.846965247625,16.303064448276,18.154990906563
19.782395353653,43.691674267065,18.706482836682
34.693715292949,18.317056381856,36.735754008877
27.548459290927,27.247126663237,46.332129125120
25.271510472358,31.020538149569,53.647768164113
25.853082892074,20.953181370762,36.927992271517
42.249338808397,4.787554322567,34.487601163986
60.000000000000,60.000000000000,60.000000000000
60.000000000000,60.000000000000,60.000000000000
45.463620107387,47.113803366458,13.382782188622
24.494492758795,9.518191372721,34.768198685539
60.000000000000,60.000000000000,60.000000000000
4.530539202644,14.926561285261,51.682402713139
13.700800079468,20.331046234846,42.550454817108
60.000000000000,60.000000000000,60.000000000000
60.000000000000,60.000000000000,60.000000000000
60.000000000000,60.000000000000,60.000000000000
22.119868163892,33.122054944529,24.847498835343
18.108947419488,49.598375876066,20.306868568803
24.831873902251,20.195883152104,28.847567279895
28.331776752044,13.321634226550,24.898901740956
60.000000000000,60.000000000000,60.000000000000
26.080833071351,42.353023971534,51.879835016656
5.773911234891,2.062541105920,43.031964350413
13.664589004833,24.119621783583,3.214785477406
60.000000000000,60.000000000000,60.000000000000
56.818029801203,10.748952477582,56.430260963272
24.188939143753,28.419254273760,28.457812327974
50.716365007978,47.102759896596,46.685070789178
60.000000000000,60.000000000000,60.000000000000
60.000000000000,60.000000000000,60.000000000000
60.000000000000,60.000000000000,60.000000000000
6.721705475154,44.677828082892,7.829501403534
60.000000000000,60.000000000000,60.000000000000
30.233316527558,56.920409946191,40.313704352564
60.000000000000,60.000000000000,0.000000000000
1.841548970527,16.897250607396,51.581257577040
30.643925534140,40.049116364486,26.649339376738
60.000000000000,60.000000000000,60.000000000000
14.409404191305,41.381309827562,6.228558154672
38.270859807247,52.487142376212,49.026592591918
32.442952302014,22.760612074959,39.116147545291
52.062205165266,52.477006408145,59.413111578141
2.418850635103,45.083416107137,21.585836054149
28.781717700418,21.998954096217,56.174166652513
33.666528815930,38.221701482269,42.902348259066
34.003798385399,39.177885181913,60.000000000000
60.000000000000,60.000000000000,60.000000000000
37.685581423918,47.933763670753,31.934082020930
60.000000000000,60.000000000000,60.000000000000
31.996082378208,15.592149340852,19.012609473938
50.504127919446,51.562183538775,44.166709291768
52.158141557742,24.730135101122,24.381457004350
60.000000000000,60.000000000000,60.000000000000
30.488351585931,13.146390082193,58.382198566733
60.000000000000,60.000000000000,60.000000000000
4.294353729727,45.114682356395,22.832346074845
33.195868170038,42.356611699115,1.362849465905
21.535383099388,3.979659002493,34.200256582264
60.000000000000,60.000000000000,60.000000000000
58.310053221535,10.064082259955,45.035405025020
40.376392866887,60.000000000000,37.760934458248
32.784389911585,29.758170162319,33.263837799547
60.000000000000,60.000000000000,60.000000000000
60.000000000000,60.000000000000,60.000000000000
24.016869545273,43.259591470906,47.649913516930
42.892334748006,11.357830241346,39.201778558170
11.524151162686,35.309155851720,19.212142940850
60.000000000000,60.000000000000,60.000000000000
60.000000000000,60.000000000000,60.000000000000
39.930097521516,50.904713248049,1.836188584111
34.766339102629,29.803267869059,22.819980435262
45.426840140135,25.863130231963,50.263344577703
60.000000000000,60.000000000000,60.000000000000
60.000000000000,60.000000000000,60.000000000000
60.000000000000,60.000000000000,60.000000000000
60.000000000000,60.000000000000,60.000000000000
1.193303622500,3.935902060742,29.629240491211
15.470403919012,23.458148423718,27.689850500675
43.651739973361,4.766190368583,24.140301944454
23.289867665018,6.959310510964,16.138441710621
54.709864470325,48.809730818536,12.418332482629
31.085154071472,55.608456390261,58.049030924007
23.892993695655,52.133381683658,60.000000000000
8.147496020089,53.686820505885,0.880178783771
60.000000000000,60.000000000000,60.000000000000
22.783932629395,48.789744256659,24.911192666764
29.967350103116,23.985306355412,28.750295748241
28.994858024940,39.163426213140,13.894588025272
60.000000000000,60.000000000000,60.000000000000
32.833770393682,17.204624767365,7.281438632264
25.688370239527,31.633850833625,36.316552872084
45.595318276168,39.607720450276,60.000000000000
60.000000000000,60.000000000000,60.000000000000
60.000000000000,60.000000000000,60.000000000000
60.000000000000,60.000000000000,60.000000000000
60.000000000000,60.000000000000,60.000000000000
34.745297139181,33.629747819655,26.707013569672
28.911132809335,53.086049029009,48.659631299180
45.261593848531,29.762056975462,25.328669924639
28.305861280857,15.500123123404,58.377871746845
27.553249136642,20.838838190258,20.866487658488
7.819207071435,41.029662377772,23.150720446593
26.967683854199,16.607971682461,29.239715120851
60.000000000000,60.000000000000,60.000000000000
60.000000000000,60.000000000000,60.000000000000
40.546952962813,60.000000000000,40.877066344207
28.506837963072,29.675426971942,30.411025645951
29.769518068322,30.604195671054,44.845144334299
4.923373981682,1.688449744793,32.285173090570
32.698759680965,45.036672901278,25.995669147111
41.674478692747,18.416579841604,48.836223652206
35.950809779800,60.000000000000,2.087203933286
60.000000000000,60.000000000000,60.000000000000
26.906531389991,21.675341630672,23.273302805922
60.000000000000,60.000000000000,60.000000000000
60.000000000000,60.000000000000,60.000000000000
39.171197925883,22.851817413006,34.859394811246
27.115080471012,12.892823114334,22.074147728016
25.258805732968,14.828577637100,40.973290153187
60.000000000000,60.000000000000,60.000000000000
27.245163966693,31.089451173234,33.458666737573
0.000000000000,60.000000000000,60.000000000000
39.767787830797,60.000000000000,45.393330103499
15.234270837498,45.213640274125,6.428547311076
35.206603949846,26.563031878136,38.673850006158
29.844139540238,17.102890935528,1.267326919272
60.000000000000,60.000000000000,60.000000000000
30.606759245886,53.589327517785,22.128993591744
60.000000000000,60.000000000000,60.000000000000
7.916173801238,4.215265550791,44.185179442205
24.513939628564,41.748133530979,34.261340546928
0.035199792191,2.801306997460,28.849061124268
60.000000000000,60.000000000000,60.000000000000
60.000000000000,60.000000000000,60.000000000000
60.000000000000,60.000000000000,0.000000000000
30.949848867909,36.917216588317,47.704456580560
45.776860372421,0.837275919001,1.348260103182
58.729396636407,17.315281252604,43.923608498140
22.876891452558,8.187474043488,4.559326897582
60.000000000000,60.000000000000,60.000000000000
28.108535284824,14.546594463069,12.285368475663
60.000000000000,60.000000000000,60.000000000000
60.000000000000,60.000000000000,60.000000000000
32.171553452472,4.481734702406,31.423772867518
60.000000000000,60.000000000000,0.000000000000
20.729126663124,23.037145313589,55.187025011290
60.000000000000,60.000000000000,60.000000000000
19.026128368791,29.246313074027,39.206920064938
34.876567039901,21.740564364432,35.755262416672
60.000000000000,60.000000000000,60.000000000000
32.763669879218,28.647388353393,42.181057573488
34.657698516114,29.641772843562,30.758534996758
36.295867439005,49.810807269164,38.962610397159
60.000000000000,16.315240513199,24.761061189302
36.150623425741,42.448331027054,36.643667367387
60.000000000000,60.000000000000,60.000000000000
60.000000000000,60.000000000000,60.000000000000
24.535300294110,21.446803166440,43.133180308250
0.000000000000,0.000000000000,0.000000000000
35.782327123383,0.331045383417,14.742855263699
12.648756401490,40.238131058570,47.183709691420
32.211326772284,43.153618375147,9.160761523358
58.544297060376,32.865200441043,22.393075412128
22.328867510951,46.266959644228,45.042044914318
60.000000000000,60.000000000000,60.000000000000
60.000000000000,29.318035801946,39.398813766030
49.912459962100,47.269890130234,57.533870042222
25.289031605361,24.221879238966,6.969550194460
3.613783125885,0.740602902804,1.226918706287
35.658839463312,26.039994368426,57.017351663375
14.700367633986,11.688444632982,1.868801167760
60.000000000000,60.000000000000,60.000000000000
60.000000000000,60.000000000000,60.000000000000
32.750882287490,46.344898871775,34.168709547213
32.345673229522,38.157911493004,36.863292373769
41.319791936584,60.000000000000,21.637192833973
30.342737498987,36.311504168383,40.419097755299
39.176072926754,5.272756570648,44.650608457424
60.000000000000,60.000000000000,60.000000000000
29.274828842142,0.731514141168,23.068051077746
60.000000000000,60.000000000000,60.000000000000
28.764647420479,40.613646143518,4.141843695380
20.319029777976,2.156265610965,17.946142587392
0.297306744134,2.433835622806,13.852713863796
26.108412770286,2.552110104032,48.790655699977
30.949607568372,49.601332742716,14.323259489408
60.000000000000,60.000000000000,60.000000000000
28.723148291447,54.304634389865,4.298655571698
60.000000000000,60.000000000000,60.000000000000
16.409740206077,48.354971345669,4.015779415295
34.088104262754,24.021602325307,28.739468418239
37.674490148088,7.580524791633,28.260110855367
17.256707881505,35.607392501595,35.189297290740
34.811669334902,0.106085700930,20.461750613374
58.220386692358,47.416879025851,60.000000000000
60.000000000000,60.000000000000,60.000000000000
0.000000000000,0.000000000000,0.000000000000
12.483236998975,49.433487715160,37.746999379291
60.000000000000,60.000000000000,60.000000000000
60.000000000000,60.000000000000,60.000000000000
60.000000000000,60.000000000000,60.000000000000
60.000000000000,60.000000000000,60.000000000000
28.238581886932,5.741627008341,51.004893163897
35.769732089731,13.082152895825,53.089764078649
55.916289014427,51.183603118912,25.029995648453
18.156310107445,34.345880857097,32.855248096767
40.124933142403,26.823899226790,41.578338509979
46.767833992529,41.523396687750,48.591387834690
60.000000000000,60.000000000000,60.000000000000
17.735348251660,32.825134996055,12.594454562819
35.706112803323,31.947002897895,29.699933162447
28.768011463908,34.501614026980,25.989919008345
22.594001845591,27.032434270425,47.818838776455
60.000000000000,17.692010563954,3.847615627511
60.000000000000,60.000000000000,60.000000000000
33.513957952074,34.888899829459,15.304527677641
18.671286443903,37.650953656841,45.853145472418
31.042658599916,34.643198561628,24.862425128063
39.291706288457,5.675289417430,34.986341828129
28.558918364695,16.967876343574,0.717022503415
43.021948734198,9.865019834704,59.697481850961
6.517616530664,4.961166947458,60.000000000000
60.000000000000,60.000000000000,60.000000000000
26.293433242526,14.170539110607,29.809119463115
60.000000000000,60.000000000000,60.000000000000
60.000000000000,60.000000000000,60.000000000000
55.523638308662,13.056209721129,39.750545981782
41.884148652616,56.380515000021,55.514226257718
38.704708118553,23.638484807482,35.035092697641
22.388906883390,46.290766515547,3.823520841129
60.000000000000,60.000000000000,60.000000000000
42.994598930149,14.618883199595,2.075265276922
60.000000000000,60.000000000000,60.000000000000
47.872206750107,22.459634317735,34.886725442891
41.514065099802,41.267249472303,41.406732781933
33.085310897376,1.542495376489,53.647039288051
60.000000000000,60.000000000000,0.000000000000
60.000000000000,60.000000000000,60.000000000000
48.325946681745,29.931981051096,31.872143708016
60.000000000000,60.000000000000,0.000000000000
60.000000000000,60.000000000000,60.000000000000
27.300178180536,12.896406713267,32.706254467018
31.170820499402,55.548742937317,16.951419011259
55.877916262534,60.000000000000,39.423152290496
27.230224555632,30.537447448275,9.842520779016
60.000000000000,60.000000000000,60.000000000000
34.652091632888,42.644317606265,42.241351181388
40.234016140368,44.119467096193,4.557077484710
40.036016800132,27.425053181024,28.014288699533
35.005695241575,23.922032571072,31.557891406176
41.391055040188,23.093220943497,25.170573371026
27.764474862690,16.886597822215,60.000000000000
40.270361551096,34.526170745793,30.211622750200
40.209827735417,22.975839544598,21.593267953574
16.347702306334,15.104309315947,6.974101969130
39.353054339827,1.758748175678,23.244951972224
42.694329804366,31.547351226617,24.888541509919
21.276774614641,4.020855141923,57.315928229878
49.410197641007,53.187437881682,25.651970544329
40.829401175525,11.226528527256,32.357635164253
60.000000000000,60.000000000000,60.000000000000
60.000000000000,60.000000000000,60.000000000000
60.000000000000,60.000000000000,60.000000000000
60.000000000000,60.000000000000,60.000000000000
45.322330282461,31.666398574808,29.930602562582
60.000000000000,60.000000000000,60.000000000000
0.000000000000,60.000000000000,60.000000000000
60.000000000000,60.000000000000,60.000000000000
60.000000000000,60.000000000000,60.000000000000
60.000000000000,40.242388581273,60.000000000000
60.000000000000,13.732380515982,60.000000000000
38.094284440577,59.925945636060,2.908279243400
60.000000000000,60.000000000000,60.000000000000
60.000000000000,60.000000000000,60.000000000000
60.000000000000,60.000000000000,60.000000000000
41.446358257393,40.232182480218,11.058024942955
60.000000000000,60.000000000000,60.000000000000
38.327508291985,17.625674790720,33.732896112266
35.687885905462,21.871433303789,24.320046207453
42.921557689655,35.286124100587,25.731531308533
45.406606570678,40.837595933336,35.639023776875
37.941656712316,37.144766292831,12.163680667403
0.000000000000,60.000000000000,8.849888966273
3.753795750980,8.248334647949,29.775101976686
37.688152046876,39.993103317837,19.564982046214
39.075846051894,36.934699821342,0.049048869974
60.000000000000,60.000000000000,60.000000000000
40.602575185026,18.034046522651,11.881786767056
60.000000000000,60.000000000000,60.000000000000
25.782611427215,33.959214696079,0.816812037130
60.000000000000,60.000000000000,60.000000000000
25.854813350868,1.847042820538,5.773850606200
60.000000000000,60.000000000000,60.000000000000
35.795379663076,54.070608914330,59.998933955889
60.000000000000,60.000000000000,60.000000000000
37.232800666565,10.448026968383,45.856893772548
48.797700039846,8.337711248898,15.726817139254
38.796016118209,14.046598625529,53.682076880861
14.627685024254,11.084048401339,20.984720099366
30.416517740850,19.116404019559,24.825616033617
60.000000000000,60.000000000000,60.000000000000
38.759129371867,19.646290951098,8.007929865495
60.000000000000,60.000000000000,60.000000000000
28.258464159871,38.554189835825,15.904248038538
34.145728965663,40.776623255558,28.247084360810
39.593790721861,16.014403519087,28.243594585444
46.326652476220,50.825985108984,54.508939332927
46.427354311726,28.667937670807,41.213660893608
41.688069690803,37.172169020265,37.184324658345
38.207595278088,59.070424801735,7.454320716178
60.000000000000,60.000000000000,60.000000000000
29.573855651140,0.544783732914,59.166222433337
60.000000000000,60.000000000000,60.000000000000
60.000000000000,60.000000000000,60.000000000000
36.075842618163,38.222876466750,14.835687851899
60.000000000000,60.000000000000,60.000000000000
0.000000000000,60.000000000000,60.000000000000
60.000000000000,60.000000000000,60.000000000000
37.612651410304,36.116107444075,35.653885808001
60.000000000000,60.000000000000,60.000000000000
43.183906100174,15.134049274333,0.626045220547
27.320692440360,19.205116730652,15.360430218309
60.000000000000,60.000000000000,60.000000000000
60.000000000000,60.000000000000,60.000000000000
60.000000000000,60.000000000000,60.000000000000
60.000000000000,60.000000000000,60.000000000000
37.549941431365,30.114595860847,25.638193430062
36.962629837313,0.895656088496,19.268818571940
36.204410807621,39.570198449087,34.322203121219
38.019525831328,9.120504188342,11.997622253905
60.000000000000,60.000000000000,60.000000000000
60.000000000000,60.000000000000,60.000000000000
26.264503341568,44.707131492417,28.929835867354
60.000000000000,60.000000000000,60.000000000000
44.566995637346,32.971138578587,19.059756463232
60.000000000000,60.000000000000,60.000000000000
42.911413264131,38.701175198866,39.294067927938
41.152806360550,2.951219278150,0.073715118409
60.000000000000,0.000000000000,20.539278010869
34.574499009195,2.414700163096,54.507244098312
45.538914178996,34.614814803525,11.458151362372
41.726886161386,9.863210764520,39.366374162200
60.000000000000,60.000000000000,0.000000000000
1.485918482947,60.000000000000,0.000000000000
28.555813024583,0.241235403022,34.862747836578
60.000000000000,60.000000000000,60.000000000000
22.675041522539,4.944158663235,6.974082939474
60.000000000000,60.000000000000,60.000000000000
42.762938048369,14.554654606249,57.478780543473
31.661565744128,22.877786659692,25.874775797242
1.486917380998,56.876996665541,20.685318034908
60.000000000000,60.000000000000,60.000000000000
60.000000000000,60.000000000000,60.000000000000
44.206966158337,26.981778162180,3.087135697584
60.000000000000,60.000000000000,60.000000000000
60.000000000000,60.000000000000,60.000000000000
60.000000000000,60.000000000000,60.000000000000
60.000000000000,60.000000000000,60.000000000000
44.450001084691,27.175978830085,25.201898478668
42.031510643490,29.601030726012,48.471544044353
19.852554336629,22.676071477950,41.719929378970
42.138825441890,9.364727481440,18.115138265800
55.357238508735,9.652907887018,36.501477308576
60.000000000000,60.000000000000,60.000000000000
60.000000000000,60.000000000000,60.000000000000
27.265324845185,14.274547730457,51.277004589996
41.924259834735,30.140403883802,53.729155902529
60.000000000000,60.000000000000,60.000000000000
52.021920255626,31.984473035357,53.924507442574
41.984317770204,0.047741745795,28.999085427519
60.000000000000,60.000000000000,4.433278540024
43.082196985541,10.126118850579,22.481233526733
41.447947472844,25.055150734184,24.389100827966
60.000000000000,60.000000000000,60.000000000000
41.356026771649,27.717699709215,22.454942628898
35.934402870199,12.547516042876,11.695323555582
37.806111786743,22.478055513292,29.215316102076
43.200828072358,36.508041172098,49.265668592461
60.000000000000,60.000000000000,60.000000000000
46.469687445096,60.000000000000,6.642064092512
60.000000000000,60.000000000000,60.000000000000
18.505398698568,13.962260646609,46.104912782524
59.378485848731,36.300721102489,43.485283235061
37.196422221304,14.816048913599,11.476958973975
41.149150889100,31.939378402127,25.283592224605
60.000000000000,60.000000000000,60.000000000000
35.044743322889,24.613950395156,55.592012232583
35.359126831811,37.959780291730,3.848196961606
29.947423428458,4.060441616092,43.731687703206
60.000000000000,60.000000000000,60.000000000000
44.677962776173,31.380231858352,31.231168842732
47.224891482060,54.410141663149,38.852249979079
45.888113098241,19.489248265891,17.432936510741
60.000000000000,60.000000000000,60.000000000000
60.000000000000,60.000000000000,60.000000000000
60.000000000000,60.000000000000,60.000000000000
10.228750803414,35.073948410415,58.203382437207
42.078846284119,8.141145864978,44.423427062153
49.109286217798,58.955437846773,34.321496498243
42.242026998033,16.537123847077,2.804325254877
60.000000000000,60.000000000000,60.000000000000
35.215611651288,39.020526581150,57.045518792699
60.000000000000,60.000000000000,60.000000000000
60.000000000000,60.000000000000,60.000000000000
44.774778764190,36.364254852155,35.448437765102
36.923996208861,48.965540476041,39.042306781673
50.282617157245,32.704086360029,22.985656891437
60.000000000000,60.000000000000,60.000000000000
40.496313880842,32.985275145873,34.700519826868
45.834347375843,34.687022260063,57.812489842809
46.209951944703,35.586702009706,28.423379632397
48.258606176799,21.619051264162,0.245401448941
46.501692976325,37.691549047299,12.089538439171
60.000000000000,6.243465056027,40.195235783379
35.923129720893,22.104423766689,21.645591377125
33.600759580830,55.282066833775,14.471886050967
60.000000000000,60.000000000000,60.000000000000
60.000000000000,60.000000000000,60.000000000000
60.000000000000,60.000000000000,60.000000000000
38.843988780142,34.466550862510,27.876277485007
60.000000000000,60.000000000000,60.000000000000
43.905222500540,25.760256917122,5.410022642792
60.000000000000,60.000000000000,60.000000000000
41.159983232711,21.125299343836,3.813853512937
38.346324495317,18.133411148073,23.549734419326
4.087701754370,3.888735394631,24.023610835603
60.000000000000,60.000000000000,60.000000000000
41.644779395696,3.800561023100,40.567361647764
27.582451739170,31.954897351558,48.950973642554
43.008288767765,21.009443864982,42.870980142484
60.000000000000,60.000000000000,60.000000000000
39.413331689322,8.550138020591,28.179971836913
60.000000000000,60.000000000000,60.000000000000
60.000000000000,60.000000000000,60.000000000000
44.281530643695,31.701594403052,22.817046918756
60.000000000000,60.000000000000,60.000000000000
60.000000000000,60.000000000000,0.000000000000
60.000000000000,60.000000000000,0.000000000000
20.661029924266,48.846633690359,9.840160408763
60.000000000000,60.000000000000,60.000000000000
30.694323225978,36.042269936723,35.546727956198
60.000000000000,60.000000000000,60.000000000000
44.942589876497,41.956954123981,31.741287126380
60.000000000000,60.000000000000,0.000000000000
60.000000000000,60.000000000000,60.000000000000
43.994809713885,49.097949907989,49.912705656712
9.882526403399,34.684781083266,53.634558934786
43.896175955981,43.767232834286,6.302875597637
60.000000000000,60.000000000000,60.000000000000
58.304739035828,38.219521554063,32.904070305827
60.000000000000,60.000000000000,60.000000000000
44.753159187543,20.980194462584,25.618691503133
41.897526011759,46.430299927031,29.210461465678
60.000000000000,60.000000000000,60.000000000000
49.400976694050,19.359106112710,31.218077155690
2.202330262698,5.830244921535,24.490806983471
60.000000000000,60.000000000000,60.000000000000
40.526288164295,0.122305650146,54.355645220413
48.086260578801,21.165973353058,21.738021386617
47.666350481495,48.063353474867,5.594931011904
47.586752009845,40.774277042672,26.045850015791
60.000000000000,60.000000000000,60.000000000000
60.000000000000,60.000000000000,60.000000000000
60.000000000000,60.000000000000,60.000000000000
35.581403827520,16.446359745473,39.114841816050
43.114413196743,19.273226787756,21.836656554213
34.513775516525,49.207643384667,33.139837877248
60.000000000000,60.000000000000,60.000000000000
60.000000000000,60.000000000000,60.000000000000
60.000000000000,60.000000000000,60.000000000000
54.089923058536,22.014679367859,29.493392814835
60.000000000000,53.164311493495,60.000000000000
42.009681573718,31.471388708445,32.370322474440
2.892357153689,38.547354366097,39.921231015770
60.000000000000,60.000000000000,60.000000000000
60.000000000000,60.000000000000,60.000000000000
39.900752187616,21.056422045721,31.207558487641
44.876012358086,42.374062548250,0.388016781640
60.000000000000,60.000000000000,60.000000000000
60.000000000000,60.000000000000,60.000000000000
33.867605992864,18.737859979990,52.132974834612
56.362748991989,20.788406399240,27.832080935704
42.996206710296,26.340499326704,21.886213130941
47.005812392026,27.585198574959,8.588479220640
16.121129431597,8.790873913609,18.711458677653
28.308939069335,8.470185154863,42.139189483360
22.224687892481,47.417208170753,10.251731820249
43.744084273109,58.047445692309,24.606313691204
54.940987881661,10.540926344658,8.959000404015
60.000000000000,60.000000000000,60.000000000000
23.974546929197,60.000000000000,15.695655132977
46.409242774932,47.357215257932,13.224187121778
43.762191496913,37.682847409513,37.656194651331
47.833272424131,46.248233380542,34.063916550006
42.104439896767,37.583322757230,23.462919392531
60.000000000000,60.000000000000,60.000000000000
38.261093608045,17.045245604340,52.877002817987
47.274511957030,53.364444352468,44.268831129276
60.000000000000,60.000000000000,60.000000000000
60.000000000000,60.000000000000,60.000000000000
60.000000000000,60.000000000000,60.000000000000
38.334539723857,19.927928300625,14.680771101772
28.977382152788,21.533267320287,45.701418867404
32.369040114398,13.142761328130,15.941966109012
46.167924897216,26.788395461969,34.810493316023
26.070793528018,16.487935852127,36.779216994916
44.166888124671,25.642597287850,36.197362096743
60.000000000000,2.400851345638,60.000000000000
46.600880528635,33.782549227846,43.398460737677
60.000000000000,60.000000000000,60.000000000000
52.581992609488,50.532169539581,25.866262831390
60.000000000000,60.000000000000,60.000000000000
60.000000000000,60.000000000000,60.000000000000
29.417448582190,23.551465808600,54.700475335620
21.707636185703,23.024990436261,34.981419909906
60.000000000000,60.000000000000,60.000000000000
46.105742574871,38.550648646786,25.148821356668
0.000000000000,60.000000000000,60.000000000000
46.055842697597,31.881980559434,34.816949358208
44.006252535254,55.291628519416,32.346611411669
24.716831873479,5.664064415292,60.000000000000
60.000000000000,60.000000000000,60.000000000000
60.000000000000,60.000000000000,60.000000000000
60.000000000000,60.000000000000,60.000000000000
37.638266086825,41.799303797169,44.816256659033
24.866629194001,24.001092035059,44.391498030509
45.356699907666,28.954904464610,38.475432909340
24.404040594726,20.055761893389,34.267776121448
60.000000000000,60.000000000000,60.000000000000
60.000000000000,60.000000000000,60.000000000000
60.000000000000,60.000000000000,60.000000000000
40.186422830714,28.318657166449,51.368474184386
41.477888399629,50.925400361803,24.920476885258
7.412834274581,12.378156865960,40.073043626957
60.000000000000,60.000000000000,0.000000000000
44.644353236760,23.017244279926,49.333232610878
60.000000000000,60.000000000000,0.000000000000
38.687816679382,21.865735990073,33.600853028584
50.939776161243,60.000000000000,9.460795870663
38.490131857720,60.000000000000,16.575915408628
46.612596649891,19.144546624150,11.531819385284
60.000000000000,60.000000000000,60.000000000000
49.495545866165,4.932550331016,15.955411167558
60.000000000000,60.000000000000,60.000000000000
44.269780049244,20.965808415240,17.391365918636
48.822917283467,2.798983225376,30.365336986972
60.000000000000,60.000000000000,60.000000000000
48.482974388819,14.961436445175,41.832780833817
11.610411402134,48.563378457116,21.173633474278
51.265352776169,0.150567131490,42.354762860447
60.000000000000,60.000000000000,60.000000000000
60.000000000000,60.000000000000,60.000000000000
15.366177484741,22.769079229804,2.894207996133
0.775397737487,21.262197817247,21.066688344163
53.617695799099,26.337979706500,21.713051657872
6.600263003939,26.319381997198,38.785433944482
21.873020822902,18.812494080031,8.887169716217
60.000000000000,60.000000000000,60.000000000000
60.000000000000,60.000000000000,60.000000000000
51.857022805530,34.511391580624,9.029903650804
34.270260744872,17.100250407079,46.946442822240
60.000000000000,60.000000000000,60.000000000000
60.000000000000,60.000000000000,60.000000000000
6.594889489005,44.163023137446,30.090370290011
20.554387717322,44.800029347656,1.061668593522
18.088800770394,3.899641732389,51.882296367667
53.988454257500,42.011848038509,19.931502441228
22.593123992077,5.286867999617,27.578808245655
60.000000000000,60.000000000000,60.000000000000
49.819929331803,34.563711284044,0.453812055072
60.000000000000,60.000000000000,60.000000000000
49.454301427455,32.911364475557,5.106067152055
60.000000000000,60.000000000000,60.000000000000
60.000000000000,60.000000000000,60.000000000000
60.000000000000,60.000000000000,60.000000000000
49.050951461528,3.642177220768,42.448011853667
60.000000000000,60.000000000000,60.000000000000
46.887875794881,33.782791082261,17.609905351705
59.245226904825,50.021472599368,26.965585063057
46.135781465002,51.842948239892,33.333789807047
60.000000000000,60.000000000000,60.000000000000
58.770847316836,46.828112603449,31.114958401757
60.000000000000,60.000000000000,60.000000000000
60.000000000000,60.000000000000,60.000000000000
60.000000000000,60.000000000000,60.000000000000
52.318021948751,4.152722342622,21.167151108333
24.744002901573,44.250416955012,23.359306181354
5.054723236961,3.588982632336,3.413210956661
49.792038070485,34.364272915217,21.424009642246
52.033931259577,42.557051224237,1.999113324936
46.826672742168,38.353637972704,40.355940797941
52.029428327273,35.333205978065,54.319173162688
49.173201004955,28.822025715571,35.683896451871
60.000000000000,60.000000000000,60.000000000000
47.488928852514,45.309307018246,24.946921856518
60.000000000000,60.000000000000,60.000000000000
0.000000000000,29.881337584412,60.000000000000
60.000000000000,60.000000000000,60.000000000000
60.000000000000,1.116613053919,0.000000000000
60.000000000000,60.000000000000,60.000000000000
41.307169809331,13.148847818714,12.872742688330
60.000000000000,60.000000000000,60.000000000000
60.000000000000,60.000000000000,60.000000000000
60.000000000000,60.000000000000,60.000000000000
55.873944264541,32.879465385519,37.299670842986
43.082392870970,4.405945721887,21.086204063742
60.000000000000,60.000000000000,60.000000000000
47.873549937641,51.551574337220,40.114477429380
60.000000000000,60.000000000000,60.000000000000
52.139539806290,53.734978433433,40.670934118804
60.000000000000,60.000000000000,60.000000000000
15.713611427241,60.000000000000,25.609405443757
48.698874967166,15.032516664052,60.000000000000
16.492946956619,50.898447390844,42.711501247285
45.564127074404,25.031427113886,5.248620465681
30.780454595078,53.009581387268,25.038946529674
35.091486770857,14.686340746505,59.850496324838
60.000000000000,60.000000000000,60.000000000000
33.396640172367,54.478388914356,48.460501070614
49.320081040796,14.462235620692,33.566059129709
60.000000000000,60.000000000000,60.000000000000
29.181976104006,21.718316683097,28.382191547606
60.000000000000,60.000000000000,60.000000000000
50.325163585867,6.938802583432,10.064404305694
42.099810935732,38.893814902923,24.396439909614
60.000000000000,60.000000000000,60.000000000000
60.000000000000,60.000000000000,60.000000000000
20.230478985582,26.622523174365,25.456006560613
28.803613548081,49.634199705948,7.111308880427
60.000000000000,60.000000000000,60.000000000000
40.309788149235,39.397870243725,7.277593835686
50.374865208189,41.243034005105,45.098585543884
17.502592016888,60.000000000000,29.880333977655
60.000000000000,60.000000000000,60.000000000000
60.000000000000,60.000000000000,20.021289778771
19.090356566891,20.497652059442,60.000000000000
60.000000000000,60.000000000000,60.000000000000
26.595406493643,36.769256190290,13.857109446403
13.347351155393,20.500393958042,52.856324335107
60.000000000000,60.000000000000,60.000000000000
54.720673797523,36.217225694297,27.437333539919
55.424738676373,1.491257799293,8.663732762541
60.000000000000,60.000000000000,60.000000000000
60.000000000000,60.000000000000,60.000000000000
60.000000000000,60.000000000000,60.000000000000
52.949739230823,17.953644028642,10.383906748605
1.028179975455,37.036089450521,10.504319113772
60.000000000000,60.000000000000,60.000000000000
60.000000000000,60.000000000000,0.000000000000
50.655794913208,32.787042767455,57.132832761625
60.000000000000,60.000000000000,60.000000000000
55.900533614189,35.174969753074,26.924662598147
60.000000000000,60.000000000000,0.000000000000
10.725329164464,0.415773625682,39.654892795607
60.000000000000,9.246461677746,49.994960158963
52.233572828841,31.850584786113,38.670008404879
0.000000000000,60.000000000000,60.000000000000
54.378193667449,5.468486917942,11.896627195957
60.000000000000,60.000000000000,60.000000000000
57.891354423726,25.269060854197,42.663205139898
60.000000000000,60.000000000000,60.000000000000
60.000000000000,60.000000000000,60.000000000000
7.608896744533,38.748347544883,52.879011008706
53.599333106874,16.444447065448,54.531510590321
60.000000000000,60.000000000000,0.000000000000
60.000000000000,60.000000000000,60.000000000000
60.000000000000,60.000000000000,0.000000000000
60.000000000000,60.000000000000,60.000000000000
48.017368436378,46.442427178969,4.079055093735
60.000000000000,60.000000000000,0.000000000000
60.000000000000,60.000000000000,60.000000000000
56.541252950770,48.802641579538,27.338520176644
60.000000000000,60.000000000000,0.000000000000
48.631387694073,56.327602961747,36.286518668969
60.000000000000,60.000000000000,60.000000000000
52.228149317426,25.254587508628,28.820881392271
12.450600812539,59.264296133524,8.885459025324
52.766459267795,51.560539286254,23.712944844786
60.000000000000,60.000000000000,0.000000000000
60.000000000000,60.000000000000,40.968724854401
57.371415998962,23.977431391987,27.244118662288
60.000000000000,60.000000000000,0.000000000000
0.000000000000,60.000000000000,60.000000000000
54.732174584617,49.206720317699,37.172582953959
43.663288646314,16.970802723000,30.713528495084
60.000000000000,60.000000000000,0.000000000000
53.530259421519,21.497623174850,22.876913311368
54.543917926073,31.351391043245,12.184211300972
56.921595461563,33.635969448113,36.383031676652
60.000000000000,60.000000000000,60.000000000000
40.858921077578,42.661960687811,21.498236338537
60.000000000000,60.000000000000,60.000000000000
58.438106894821,28.398385074401,25.298834091428
48.865592359317,22.181115948989,12.747323089241
60.000000000000,60.000000000000,60.000000000000
51.188613428086,20.460234664472,44.766408405978
50.129756378367,48.444228204685,42.369508400630
60.000000000000,60.000000000000,60.000000000000
60.000000000000,60.000000000000,60.000000000000
53.821441545090,2.756328113644,47.598599083507
54.151718165713,38.886357024513,28.262756247873
45.850174166177,43.659454342441,58.386418947310
24.453951168045,17.333067376694,46.772025434648
55.557734556343,10.801788103622,9.394523738313
54.047042770271,22.100071211180,18.951523152178
55.888707138896,27.276503219102,7.871540748424
60.000000000000,60.000000000000,60.000000000000
54.421008320893,31.776543337455,16.304164228940
10.723887081222,60.000000000000,45.895561874360
60.000000000000,60.000000000000,0.000000000000
60.000000000000,60.000000000000,0.000000000000
39.724590075816,42.111054037632,8.689930524743
60.000000000000,60.000000000000,60.000000000000
60.000000000000,60.000000000000,60.000000000000
60.000000000000,60.000000000000,60.000000000000
49.189186795289,15.265448042541,55.280852836461
39.873624066631,24.837229906267,18.303824416497
29.995919877439,28.704907792404,24.986679056532
60.000000000000,60.000000000000,60.000000000000
60.000000000000,60.000000000000,0.000000000000
28.807448708023,5.336296086737,57.847055054910
1.973807812587,2.210740394494,32.662983187318
36.758572832299,33.601031181646,0.815023714410
58.752586705821,58.987699917237,33.528492897105
60.000000000000,60.000000000000,13.237839090402
8.801268454575,29.826469605333,30.788351301976
60.000000000000,60.000000000000,0.000000000000
60.000000000000,60.000000000000,60.000000000000
50.921125897310,25.218176508283,24.353046030396
60.000000000000,60.000000000000,0.000000000000
60.000000000000,60.000000000000,0.000000000000
54.027607328298,29.074530660190,50.606278280966
60.000000000000,60.000000000000,0.000000000000
60.000000000000,60.000000000000,60.000000000000
5.850247083618,8.965827950657,26.492548962235
10.721391099008,1.341570969316,25.860799292890
60.000000000000,60.000000000000,60.000000000000
41.865360097869,33.726661205450,60.000000000000
11.541953712471,50.016457372893,58.677711205073
47.183506469210,0.545265478414,9.147145476265
25.452706552815,17.308757764638,6.272769629826
42.714229736650,49.880984751698,13.906871055935
16.039068028154,57.274243121288,6.602218684469
57.346001058857,12.333489741818,3.096588837711
57.912203151728,16.160487178093,15.226328839517
60.000000000000,60.000000000000,60.000000000000
8.179842767680,29.579118437948,38.350125530637
60.000000000000,60.000000000000,60.000000000000
60.000000000000,60.000000000000,0.000000000000
34.559848756992,55.377611109843,3.542454745191
60.000000000000,60.000000000000,60.000000000000
57.811462177789,11.470652192870,8.063414906405
15.718694807930,24.001945535221,38.051569020859
60.000000000000,60.000000000000,60.000000000000
60.000000000000,60.000000000000,60.000000000000
56.476340915802,36.813635043088,9.903477715641
60.000000000000,60.000000000000,60.000000000000
60.000000000000,60.000000000000,60.000000000000
60.000000000000,60.000000000000,60.000000000000
60.000000000000,60.000000000000,60.000000000000
0.000000000000,60.000000000000,22.653157078315
41.764952092094,41.117497244945,60.000000000000
57.151508711793,20.846263013238,21.655226300819
57.726952926590,55.733998261872,22.817242327397
60.000000000000,60.000000000000,60.000000000000
55.824700583315,58.828108128027,13.478533115331
60.000000000000,60.000000000000,60.000000000000
50.619570006031,2.964361175342,14.059214416849
60.000000000000,60.000000000000,60.000000000000
60.000000000000,60.000000000000,0.000000000000
38.108437949265,32.635257482294,59.856748869197
40.304629605334,40.205359838270,60.000000000000
7.202284568566,22.394519771860,12.028038517394
29.020803151834,58.655877360638,15.206520107350
51.870303793218,35.983745987209,26.735785142508
57.436154085210,3.724603352660,15.349832538692
40.900204964303,24.242967224788,39.476516828565
60.000000000000,60.000000000000,60.000000000000
52.315177929264,45.247758810775,27.745811348189
57.736319509926,10.224523586169,19.677906131651
49.452830806853,23.902576471802,21.377329785155
60.000000000000,10.810464876606,27.375909818834
60.000000000000,60.000000000000,60.000000000000
7.842750035293,13.164681130842,46.275533381127
60.000000000000,60.000000000000,60.000000000000
60.000000000000,44.022670232335,49.767065970357
32.299363175477,6.440121628833,41.909708884720
33.827533305092,28.935329468286,18.820694163253
14.652509269224,51.267871692066,10.861214088922
58.014277153759,40.086496811631,29.925557819662
53.956758858704,33.196177456385,29.272520004996
59.199682444473,20.410210823787,18.537909695657
46.436885988954,31.356567294857,47.476500554276
48.098345245146,0.045491731394,42.189792906863
60.000000000000,60.000000000000,0.000000000000
44.789127398939,49.675538369819,26.045219281634
60.000000000000,60.000000000000,60.000000000000
60.000000000000,60.000000000000,60.000000000000
13.735186824424,60.000000000000,12.600803302662
59.987880734553,15.382913902051,49.200201743761
60.000000000000,60.000000000000,0.000000000000
49.575134228064,47.937486863382,14.020115608781
60.000000000000,60.000000000000,60.000000000000
60.000000000000,60.000000000000,0.000000000000
60.000000000000,60.000000000000,60.000000000000
57.769619398740,58.761906391688,20.232119171196
41.029759218639,32.986900038935,30.559971959062
60.000000000000,60.000000000000,60.000000000000
60.000000000000,60.000000000000,60.000000000000
52.010971840596,14.301041775940,20.101991267347
57.919904997250,25.728451638980,40.989169856452
58.038804522047,43.139729078577,4.681798561375
37.758453840195,8.328190699144,31.820121335740
56.786413777074,25.674659254700,0.959039876654
60.000000000000,60.000000000000,60.000000000000
57.571564520529,19.285079840634,26.653003845767
60.000000000000,60.000000000000,60.000000000000
11.110511879734,52.573625929179,22.935453131280
54.361846016931,30.853367172457,20.078394421456
15.520211350604,24.311406938625,41.609848129940
21.945838970728,32.221451894790,51.956960383528
60.000000000000,26.706872979468,0.000000000000
60.000000000000,60.000000000000,0.000000000000
57.674785081326,54.135554061402,0.782613574949
26.132316144787,15.603953111936,13.413430259796
58.975278992710,54.117692200152,50.934558682759
60.000000000000,60.000000000000,60.000000000000
44.464391798259,45.523865835625,28.455747805568
60.000000000000,60.000000000000,0.000000000000
60.000000000000,60.000000000000,0.000000000000
60.000000000000,60.000000000000,60.000000000000
43.891891500848,46.124573385324,48.193006483146
60.000000000000,60.000000000000,44.828050106945
