x,y,z
0.483877691760,44.979785860910,5.576547544878
3.898814439321,33.015355142846,34.334115795075
2.548778050484,21.820878463316,52.775131591668
33.509049716326,52.457456625782,40.356684505788
47.208181544135,52.312146784104,36.134763717143
60.000000000000,60.000000000000,60.000000000000
2.848805190132,5.017631446887,27.359990748568
1.810168434096,32.541174126328,30.550681422480
53.527863974151,15.679819318644,52.184906658378
0.046704531823,23.662513835459,25.778951040000
4.574446874381,26.658048757841,49.267184485803
60.000000000000,60.000000000000,60.000000000000
0.043221853050,9.264670674808,23.032199319125
33.226917942649,27.472705449467,55.615342937066
0.977237098234,22.199098025568,24.075610669566
60.000000000000,60.000000000000,0.000000000000
5.011789441180,11.009590225682,49.120974214198
42.040051348213,0.285418187481,36.728094930456
60.000000000000,60.000000000000,0.000000000000
1.931844086893,32.539132841938,35.282130690282
19.343048850602,21.040802869360,15.038043439473
12.362622945453,40.540253472520,49.967365950606
4.027155134833,58.069889365385,22.407509312109
27.926262386270,49.248497761995,5.219052175311
3.919315311534,34.588251623554,51.917567835392
31.355834989323,3.500642061243,56.052557567847
0.411622487999,56.795023408990,57.672649768888
60.000000000000,60.000000000000,0.000000000000
0.485067674869,58.309127900801,35.801966067153
1.837167820899,19.352164734933,30.832302389800
0.048138195451,46.082190416523,43.268328986882
7.851918645454,31.766983867724,33.482656384495
2.958632383336,4.152885781806,3.177145217698
2.949121544608,36.466969071886,21.209864243037
60.000000000000,60.000000000000,60.000000000000
60.000000000000,60.000000000000,0.000000000000
60.000000000000,60.000000000000,60.000000000000
3.549304050458,26.471680164916,29.954323232860
0.056968231518,11.230410647461,42.108555695866
60.000000000000,60.000000000000,60.000000000000
9.944587089468,50.413244990865,2.763323127612
60.000000000000,60.000000000000,0.000000000000
5.212859061457,49.900974581295,30.023883978666
9.827302207719,28.877657296697,17.490246810520
35.445238607971,51.501725419456,27.408909913193
4.683496311389,38.073330102984,41.214864530206
3.804103050335,27.909540261591,28.419973340680
14.642934804364,26.078120789830,34.077520188406
38.805958666549,57.741150167385,14.573114935938
20.145460016661,20.815933147286,59.700274870297
2.289125363291,38.469434177087,50.249606259342
60.000000000000,60.000000000000,60.000000000000
3.672258517810,9.467762466756,52.010549327067
34.760510326582,52.171454574782,50.551292336449
3.879314653619,27.856659854250,15.116108537638
60.000000000000,60.000000000000,60.000000000000
7.572051446564,26.749994257870,46.604117989784
0.000000000000,60.000000000000,60.000000000000
60.000000000000,60.000000000000,0.000000000000
5.399620623204,18.300192074295,31.873763719697
26.639589219021,60.000000000000,11.432641885738
6.580368544615,47.133579368543,25.586418690660
60.000000000000,60.000000000000,60.000000000000
3.533969571391,20.856605524399,21.506158193509
3.168671600097,37.630588255224,55.797154049105
0.000000000000,60.000000000000,60.000000000000
0.895259081259,18.241444742890,12.605021085772
1.266953889995,24.917990138157,7.203243976677
11.657424096155,4.927608843332,7.606805983075
60.000000000000,60.000000000000,60.000000000000
10.433636932493,16.030752285317,13.445936585785
60.000000000000,60.000000000000,60.000000000000
60.000000000000,60.000000000000,60.000000000000
60.000000000000,60.000000000000,0.000000000000
1.633444614645,49.455750020788,33.076691791238
1.564025061928,31.417803048374,28.483437136770
0.002883247543,27.176753928485,36.918001877630
60.000000000000,60.000000000000,60.000000000000
6.317990943069,17.579805209399,60.000000000000
60.000000000000,60.000000000000,0.000000000000
60.000000000000,60.000000000000,60.000000000000
1.749221384033,38.698506230801,37.535690620335
4.819704570773,37.339556097353,4.640385805251
2.746619122280,33.804381205508,18.198682936833
28.121514006917,31.229678288407,21.812006780945
4.352209578864,34.882682741668,31.192583069417
1.002697771640,34.807130624329,20.088849944955
60.000000000000,60.000000000000,60.000000000000
21.675390705715,28.858076332586,59.180792573370
1.316222619364,36.163148182972,28.776943323707
13.677416878597,49.194697000890,41.345950105610
7.166770058653,29.104260755139,25.427600592766
60.000000000000,60.000000000000,0.000000000000
0.144246067943,23.081642159209,29.301389951604
0.280116693599,19.521159299699,13.170871468634
60.000000000000,60.000000000000,0.000000000000
2.075729025734,24.543020348756,43.760235993605
0.597314341833,21.833648426417,32.603060300970
2.248064180003,54.481935857606,39.177391616456
1.787721219074,19.819922734025,24.857242743992
6.642822272344,55.312929734892,36.383495263807
50.787485475068,42.176386136274,26.844905601919
22.945445310904,12.264996697764,7.708688356101
6.231577806370,36.431584217409,26.156514857975
7.637531307895,43.694026146359,23.710161757506
60.000000000000,60.000000000000,60.000000000000
5.923721913651,47.675438660571,47.130244644409
2.766135443102,30.765605878425,23.364389811635
14.715233509224,32.412763083017,3.772740004043
60.000000000000,60.000000000000,60.000000000000
55.070146600676,4.037336288854,32.363743964760
60.000000000000,60.000000000000,60.000000000000
49.625287569044,44.366756819146,14.272836688187
12.496945975732,32.981156615629,28.791018076131
60.000000000000,60.000000000000,60.000000000000
60.000000000000,60.000000000000,0.000000000000
60.000000000000,60.000000000000,0.000000000000
8.754846275793,24.713905611210,34.385410157973
57.905872504205,27.617660169968,59.029859665379
4.557799748702,38.203000480452,16.669506282376
60.000000000000,60.000000000000,0.000000000000
60.000000000000,60.000000000000,60.000000000000
21.962656103153,9.701540558695,49.181789120104
8.023535596552,32.731905950900,24.371354345770
60.000000000000,60.000000000000,60.000000000000
60.000000000000,60.000000000000,60.000000000000
10.375576170013,15.323466099921,9.499013163910
6.541640596501,35.126777753016,36.894730576810
6.099402642998,10.893029279445,9.094627852426
8.171938509173,20.676097789603,34.762567036303
60.000000000000,60.000000000000,60.000000000000
5.216912967573,32.121223884730,35.813485635794
2.920983769218,56.429355071470,19.539143271572
8.665670475966,42.149519371351,26.535938597169
4.052468879824,6.050534848312,59.034770138055
60.000000000000,60.000000000000,60.000000000000
45.655215471208,51.170719843913,37.799278205066
11.677274953482,9.968180022100,22.013135414454
6.469239714129,23.289530770424,5.843265110131
60.000000000000,60.000000000000,0.000000000000
55.945195799379,40.848157456510,40.653524453489
57.542771005238,9.016928597300,7.504606943170
60.000000000000,60.000000000000,60.000000000000
5.930040601793,23.994380232011,24.894123372737
33.091803166951,54.124645949735,14.280444958653
6.855470730898,12.786935632669,20.613324024914
9.077333868121,12.224760187914,26.721908593308
1.433934018755,22.177081773236,22.076290358002
22.830876303571,58.812259812994,7.172233348320
23.738487153763,28.353891090865,60.000000000000
6.897713686401,49.413907740826,35.902964467861
7.179254856844,34.841790804918,32.410045365001
8.752331761498,58.054960540448,38.097574959663
11.901665086573,19.624971277378,20.019461788365
60.000000000000,60.000000000000,60.000000000000
9.692839169874,34.511550773584,21.695857465328
6.758385085254,39.982385335344,3.386593872295
60.000000000000,60.000000000000,0.000000000000
5.214501509679,11.676193295280,3.282788927950
60.000000000000,60.000000000000,0.000000000000
4.980082648804,3.554087989977,18.298353718759
60.000000000000,60.000000000000,0.000000000000
6.618304190595,41.039742345319,31.964972665354
60.000000000000,60.000000000000,60.000000000000
60.000000000000,60.000000000000,60.000000000000
2.649059788104,25.879514137841,32.873960528079
4.945111946018,18.188203963982,53.540929810949
60.000000000000,60.000000000000,60.000000000000
13.549469243623,20.671622872475,37.265351824720
60.000000000000,60.000000000000,60.000000000000
60.000000000000,60.000000000000,0.000000000000
8.227530655965,28.300558076272,38.732688745151
60.000000000000,60.000000000000,60.000000000000
9.766680823498,31.157809317305,20.100944976409
4.407659972700,29.689468142351,17.368083650785
60.000000000000,60.000000000000,0.000000000000
55.539639965039,12.739799762887,60.000000000000
1.950345057645,27.354806884533,25.294597253188
26.492155503801,5.880828854861,26.395450004023
6.026659835708,36.614258217901,34.331426222305
60.000000000000,15.302853955447,60.000000000000
60.000000000000,60.000000000000,60.000000000000
37.469930468447,29.718103104276,41.253684766717
60.000000000000,60.000000000000,60.000000000000
44.224564553291,60.000000000000,60.000000000000
1.166868781202,26.387405773308,19.176330919311
48.681894594671,30.430275933117,31.606434804305
60.000000000000,14.032160230739,0.000000000000
40.168152764424,28.009814673479,21.060961114035
1.799246711917,29.887522047893,36.543836126484
45.118191321452,23.959425017443,60.000000000000
20.342923811670,35.715541344157,17.824289948979
6.867172621944,47.138039076971,55.816214867323
10.941649226531,30.139689810698,35.980105123012
3.987609147892,45.710682369904,26.466473585865
5.271307080015,23.477135390665,45.529251223930
10.264968303175,23.717476549963,36.418691294022
2.158696988764,23.064907480641,24.944007227800
60.000000000000,36.017725621412,1.224298680055
60.000000000000,60.000000000000,60.000000000000
60.000000000000,60.000000000000,60.000000000000
0.000000000000,60.000000000000,60.000000000000
10.722297822278,40.905827457349,50.576251636143
29.897896106776,16.115490030199,44.781298904792
0.171312006947,41.239174733049,10.882008755082
8.818763235209,33.573785585245,33.538647542827
9.033700860599,29.993510212258,7.093986741353
34.434534890207,20.469477046825,6.977784579447
9.080234878720,11.134808621550,12.782591502348
51.391485439940,31.729352685697,1.692007066567
9.764109100171,50.754622821478,58.507727445603
60.000000000000,60.000000000000,60.000000000000
11.921103917103,20.036593484163,54.621258557874
60.000000000000,60.000000000000,60.000000000000
11.403317006791,15.791588352413,22.450867859436
60.000000000000,60.000000000000,60.000000000000
7.794516556505,31.359389567622,55.176696449567
11.408733702198,24.616832000120,20.183278286031
11.660933750671,54.794831295236,57.989622965492
60.000000000000,60.000000000000,60.000000000000
60.000000000000,60.000000000000,0.000000000000
11.137817464427,38.947423760227,21.366324794289
3.295668091807,6.114528241213,30.789959070634
34.377046941835,50.961748206659,8.186894108294
60.000000000000,60.000000000000,60.000000000000
12.428500205063,26.081255147354,31.582356037730
60.000000000000,60.000000000000,60.000000000000
60.000000000000,60.000000000000,60.000000000000
19.789645551215,17.692005410701,45.530979655869
26.087439849732,32.557178058194,33.224312723715
27.448303472462,9.630764843620,48.413118074862
11.897944012997,44.697036395775,14.573816219523
45.344271754968,48.591558312676,50.886732974028
60.000000000000,60.000000000000,60.000000000000
60.000000000000,60.000000000000,60.000000000000
40.529251404558,37.846184721129,23.386317854529
10.364529091622,44.014540771587,21.321606746999
40.929948757348,20.806664787496,60.000000000000
9.300883805423,29.808502336684,29.151450647285
60.000000000000,60.000000000000,60.000000000000
7.516288572677,5.523492771988,29.370804266764
3.510695616896,20.910735472869,22.888770060310
12.063726157038,55.338517927115,20.142545997639
60.000000000000,60.000000000000,60.000000000000
9.196196643867,55.413138924839,17.329177014338
11.702480744468,17.868474691593,26.203004290323
9.767860276392,51.549736755790,24.359734174035
60.000000000000,60.000000000000,0.000000000000
4.246031343143,58.039011103899,49.417694426325
21.405282546861,33.568321844452,4.422508839873
19.378553184706,25.982182186086,42.241481690818
44.857589267168,54.968448946205,49.766185006348
13.517912831305,26.118807315549,25.009705953675
4.141185712239,31.426346524623,27.708193999484
11.997718233768,5.395851514431,14.159646230342
60.000000000000,60.000000000000,60.000000000000
8.226361780665,51.155899188356,18.828943308165
13.674584583699,24.669948940548,32.967775913139
9.216480657201,1.777628340101,41.203732814322
31.539859093548,54.258212430169,50.207350439805
60.000000000000,60.000000000000,60.000000000000
60.000000000000,60.000000000000,0.000000000000
13.312894163599,39.881139116995,36.232855787375
60.000000000000,42.544133121113,43.454295899060
58.932711444026,27.923347516912,60.000000000000
60.000000000000,60.000000000000,60.000000000000
5.973637449932,8.093448076775,17.257766700862
60.000000000000,60.000000000000,40.480658641257
60.000000000000,60.000000000000,60.000000000000
42.211718588438,23.633625370980,60.000000000000
60.000000000000,60.000000000000,0.000000000000
6.560820844451,35.112337984668,17.398693650107
60.000000000000,9.757100527329,0.000000000000
10.737047330308,30.606844687730,26.254547624135
34.974650157306,10.733108497664,19.076085590221
8.563173436775,23.591568246044,20.187572675864
8.570897446585,42.587069701212,10.624869272464
8.099096770782,31.844147841301,25.012612778897
35.481586676444,31.038754646605,55.253464286911
26.807611521735,4.081620053463,42.812398751428
60.000000000000,60.000000000000,60.000000000000
8.976587785037,40.748225361737,24.867448299333
13.588484639893,60.000000000000,47.769483170638
1.258089317439,0.647571053849,38.720824588957
10.251037485707,49.035765464755,49.501403326579
60.000000000000,18.057204454473,46.969505326713
10.057448233256,48.577397155701,17.256277221998
10.448105250453,46.912884759236,32.041818303357
60.000000000000,60.000000000000,0.000000000000
23.250238078788,36.066094379023,45.774310017253
11.063234173676,25.646655911377,34.278599634157
60.000000000000,60.000000000000,0.000000000000
53.171482389249,36.964267161231,44.682913743697
60.000000000000,60.000000000000,0.000000000000
26.657071781081,59.033677050646,26.416328690487
60.000000000000,60.000000000000,60.000000000000
11.486718880490,48.475910461968,44.855801172388
60.000000000000,60.000000000000,0.000000000000
11.978742672371,32.585775309582,50.437297403710
60.000000000000,60.000000000000,60.000000000000
14.451151698865,15.746380965336,37.711795207483
12.242280789127,19.233368158336,37.137411176127
0.957261524600,16.863281340160,20.633488581300
19.006008904558,18.639212843379,43.422605495389
60.000000000000,60.000000000000,60.000000000000
12.439806516581,21.962047592366,22.462336171380
7.407882365613,50.734589750967,34.060490603671
60.000000000000,60.000000000000,60.000000000000
13.437925720786,49.213859413815,23.583645311301
60.000000000000,60.000000000000,60.000000000000
60.000000000000,60.000000000000,60.000000000000
12.758425368537,26.647903588386,42.615029335265
15.199659555718,52.732813344911,24.621735367305
60.000000000000,60.000000000000,0.000000000000
58.347128624040,29.866333267620,44.399272672154
14.154935583147,41.169775527638,28.261557442801
60.000000000000,60.000000000000,60.000000000000
25.995200835633,42.835316717859,38.289674752075
55.693500757656,11.528763046588,24.080270531941
60.000000000000,60.000000000000,0.000000000000
15.050326437399,22.807355504030,58.495464047638
15.282493089649,34.386883756845,32.430535582598
60.000000000000,60.000000000000,0.000000000000
60.000000000000,60.000000000000,0.000000000000
12.019956104191,16.518820111430,33.697917564445
60.000000000000,60.000000000000,60.000000000000
12.384465657160,43.565644209858,49.189363279062
60.000000000000,60.000000000000,0.000000000000
34.574690852876,31.441095896944,25.166574950066
60.000000000000,60.000000000000,0.000000000000
16.281388350015,43.945037906898,9.115057087368
10.467437397631,28.982574492110,24.538519299850
60.000000000000,60.000000000000,60.000000000000
60.000000000000,60.000000000000,0.000000000000
15.240079143641,8.575973186066,36.361942944318
44.681010889857,9.357323783730,18.832277265370
15.071990409131,0.333297493462,38.173635264144
14.995565286377,22.713057535920,20.141276542823
15.123839495643,47.289138702570,49.894331330279
4.802270473118,19.786175990481,37.010893432144
12.326339338595,40.926688670201,8.068140153351
2.445345117408,16.679816816661,60.000000000000
60.000000000000,60.000000000000,60.000000000000
40.679253954176,54.538567042607,25.723043079172
2.301985694955,9.181223644025,35.017048851838
60.000000000000,60.000000000000,0.000000000000
14.433317530865,32.376229770827,23.200034644481
60.000000000000,60.000000000000,0.000000000000
14.566691496822,31.598592282842,29.408968041908
60.000000000000,60.000000000000,0.000000000000
14.506547253329,9.413707458120,6.178478663012
60.000000000000,60.000000000000,0.000000000000
42.271865543172,26.126050338513,46.773955507789
12.339519189953,29.876726973525,30.517888742086
44.050517056300,59.538299834886,52.707933087312
60.000000000000,60.000000000000,60.000000000000
60.000000000000,60.000000000000,60.000000000000
60.000000000000,60.000000000000,60.000000000000
15.042792850771,53.641774560574,18.312404689064
13.571853013199,29.544136150578,38.531975586986
60.000000000000,60.000000000000,60.000000000000
60.000000000000,60.000000000000,60.000000000000
14.091640619358,58.412361196738,27.208996544200
30.155287970286,44.474868764934,22.813870913048
60.000000000000,60.000000000000,60.000000000000
60.000000000000,60.000000000000,60.000000000000
2.270102567698,4.874368610472,45.442300023318
5.421050266294,60.000000000000,60.000000000000
11.242636672632,24.866633116923,11.531010332119
18.665046538787,29.543978270847,30.285992593808
14.034597286524,19.475216137176,28.031190663086
19.376242891728,3.458892977010,37.587164176610
2.546521700369,13.339820072995,31.395447420861
10.560368387215,12.301312791680,40.944426847316
15.443133007123,46.431263054814,5.519396004479
12.480661071805,26.105843270669,18.076066150079
60.000000000000,60.000000000000,60.000000000000
16.972327865898,29.025863601664,17.415562072531
14.938835380223,7.704768319662,42.820920401807
60.000000000000,60.000000000000,60.000000000000
13.514200899989,37.430915840707,2.655076618924
15.731773223864,29.173683536665,26.034675843214
12.345525602040,28.870257866416,8.320567848342
60.000000000000,60.000000000000,60.000000000000
60.000000000000,60.000000000000,60.000000000000
15.855387760258,27.071957559923,39.594414774488
53.521538209323,58.093189992320,10.076720251414
60.000000000000,60.000000000000,60.000000000000
12.108011393720,3.317735463853,30.932624642348
13.229365573686,34.573566943998,29.316849892390
60.000000000000,60.000000000000,60.000000000000
60.000000000000,60.000000000000,0.000000000000
14.001382731276,57.312879170258,16.782990575131
13.811996079693,26.670828484141,27.941869480794
9.569059842209,22.342513070908,34.083343520588
12.984549697686,29.115526993712,21.260282609919
15.800043847990,0.019875577728,14.476548155517
15.001859075211,24.635845779314,32.250390464373
12.141276513788,20.855477165766,55.896613986265
15.450686749476,60.000000000000,60.000000000000
60.000000000000,60.000000000000,60.000000000000
52.867162902867,27.140109637528,38.605954169390
49.647004425100,48.100412991025,27.126773477771
19.831425256198,25.063287680094,38.610499875119
19.624670099592,0.499607189364,49.789500191433
15.216884902954,27.819657991004,35.726352980873
19.060552491350,55.431747382259,45.581466032588
17.835071755921,60.000000000000,60.000000000000
60.000000000000,60.000000000000,60.000000000000
60.000000000000,60.000000000000,60.000000000000
60.000000000000,60.000000000000,60.000000000000
15.926844929565,33.671934808580,40.740130387946
48.078501933349,34.766340221438,18.477960217562
0.000000000000,0.000000000000,0.000000000000
17.566975562105,16.063004011423,26.822359870368
60.000000000000,60.000000000000,60.000000000000
17.725505081055,48.875966376639,4.330367450765
20.465295083784,32.845199208080,19.931916765275
17.164336388864,8.861087941476,29.880221486492
20.152604191841,6.630650914812,32.217519724445
29.733438736138,50.270236244905,43.414260249892
24.356421257689,30.358006923224,17.811843317931
17.547022488268,24.688713656391,40.411968714791
14.660134349253,16.929780488892,33.570553657318
41.761175122912,19.614381539949,13.602625433236
60.000000000000,60.000000000000,0.000000000000
16.204350009357,58.608337926909,6.194909757151
13.236389498091,37.193144098357,41.614129637905
60.000000000000,60.000000000000,60.000000000000
16.173848031559,40.139874306780,35.941324536887
23.328181268993,22.975908957907,37.843396593607
16.798327117187,25.220649763913,27.155359220454
18.581323644136,45.566492593122,32.593512596427
16.116889487984,36.080650877292,25.413443990650
13.696613565355,7.918452235758,54.782658042666
60.000000000000,60.000000000000,0.000000000000
16.186011699889,17.705277672785,53.325241504639
60.000000000000,60.000000000000,0.000000000000
60.000000000000,60.000000000000,60.000000000000
23.197586329997,38.636288332982,27.175032216314
13.047153102015,54.042474269520,55.318377650238
60.000000000000,60.000000000000,60.000000000000
19.914057212864,44.641675261093,49.266770679206
60.000000000000,60.000000000000,60.000000000000
35.612595652699,45.070205188181,11.193135475863
10.796093500099,45.421029760224,10.296489307958
10.603004819983,15.072956243702,26.584702909421
0.000000000000,0.000000000000,0.000000000000
11.759008734103,41.451546969104,51.109890325280
22.848073821512,36.212609543716,34.526683638648
60.000000000000,60.000000000000,60.000000000000
29.751319404439,36.100203472204,11.533603512349
19.089338334311,28.544683026596,1.970715668050
18.900455630205,21.904602281243,34.417729540828
60.000000000000,60.000000000000,60.000000000000
29.959300135410,17.220673962606,25.511683576425
60.000000000000,60.000000000000,60.000000000000
7.800241080359,30.266825455704,43.458793855125
19.490297883515,40.622474049386,51.702614781372
21.052138864347,25.430678450160,30.695635378109
12.411103199447,33.849781313638,4.591371935920
19.228504000755,36.025856436552,34.046997176972
15.959340165300,37.755163915661,7.663205753120
11.659922914829,30.823838629728,30.150013607850
16.523316867586,37.779670837922,51.847820710456
16.923489820716,34.627895144912,43.601110274975
17.721494195626,17.840386789933,56.871437625731
14.041660218400,32.583802076121,32.563864437459
35.210025214012,47.626112414781,47.814821462330
60.000000000000,60.000000000000,0.000000000000
21.832344538266,41.745757243231,59.956867121335
60.000000000000,60.000000000000,60.000000000000
18.688537256808,41.057239467111,42.329383543778
18.004891377698,30.323622734826,36.440083084641
15.099333397957,51.018993465914,29.624169185908
17.319730346736,25.528652302993,23.703776359720
60.000000000000,60.000000000000,60.000000000000
15.925416863296,27.731497163868,22.492965123026
14.463858206609,42.116206128822,42.566982971204
15.731869308428,19.669367426601,21.101751601328
28.017886401803,35.812035420979,46.507907768484
15.650739464042,44.594713169626,28.322542451313
10.165609474156,37.467379259543,16.417132131469
18.213334459674,41.174857673755,33.433263857912
60.000000000000,60.000000000000,60.000000000000
19.811056735923,26.030501362030,24.642007687333
2.677858735072,56.494416270099,14.655785401454
60.000000000000,60.000000000000,0.000000000000
17.585801392366,48.109138278962,43.615905761988
0.000000000000,0.300693538135,57.515053533737
18.697755515088,10.237671748433,47.226755674942
22.008293645954,24.157873701530,21.544910134635
60.000000000000,60.000000000000,0.000000000000
60.000000000000,60.000000000000,60.000000000000
18.676247290214,41.498266001225,3.207988907624
18.853561901479,17.275210416755,23.837599782335
60.000000000000,60.000000000000,0.000000000000
20.516772777437,22.811628251493,28.950872280654
60.000000000000,60.000000000000,60.000000000000
60.000000000000,60.000000000000,60.000000000000
22.508105994955,34.534092531492,44.260298303885
23.229493232816,32.843125128635,38.371176273663
60.000000000000,16.883181917367,0.000000000000
60.000000000000,60.000000000000,60.000000000000
42.067681922134,38.644037245280,15.548767779241
31.775310000953,60.000000000000,3.307421371417
22.692291574380,42.397534273999,16.036966556036
60.000000000000,60.000000000000,0.000000000000
60.000000000000,60.000000000000,60.000000000000
60.000000000000,60.000000000000,0.000000000000
45.683721668081,6.646189328840,41.355058430623
23.907244130202,44.111384716947,35.621548596436
6.958112669732,43.125882488150,0.000000000000
24.265494959832,36.888960729562,31.616914752820
22.016506068741,46.070595823444,57.032082162758
16.892105752152,28.990563563210,27.319457862777
22.499621612665,57.369773988212,9.961248021838
19.882669747721,60.000000000000,60.000000000000
21.107341276431,38.873727532152,34.350455072859
60.000000000000,60.000000000000,60.000000000000
17.017639550524,8.461372676333,22.612098003508
60.000000000000,60.000000000000,60.000000000000
22.789958286024,33.190330668498,11.391821259800
60.000000000000,60.000000000000,60.000000000000
21.842301037489,5.028225372794,4.019027478276
10.997733870850,12.161995854443,30.620026210428
20.926246382729,14.336313795957,22.768439059231
20.421761910099,47.520221023521,22.540173753408
60.000000000000,60.000000000000,60.000000000000
22.533405750426,33.446196969727,25.172039328560
20.689052617643,60.000000000000,60.000000000000
60.000000000000,60.000000000000,60.000000000000
9.635199837603,34.564114467418,41.008846099807
18.821171678554,16.998455672576,32.163982783259
60.000000000000,60.000000000000,60.000000000000
29.659282995046,30.908645978091,35.905418423207
14.381013980511,35.849120524504,13.106093512695
36.273508783204,37.023658801153,28.069688769847
30.071960152217,44.151781364915,44.784244257303
23.196971117260,36.531683467639,37.137551050860
23.529067271845,58.122683152677,28.431467605669
60.000000000000,34.282228601641,0.000000000000
60.000000000000,60.000000000000,0.000000000000
19.358637895791,32.968081760546,24.128162196157
23.770702524767,10.259300641882,51.777208431523
9.055924101143,22.024573682923,17.131907021177
60.000000000000,26.389314697880,13.493534527361
16.425588221381,60.000000000000,50.195033074578
47.035757372796,39.901084067008,28.829222745758
60.000000000000,14.106396059971,10.446404722580
0.208009689004,50.668056615885,41.417405122733
60.000000000000,60.000000000000,60.000000000000
20.677579411952,17.567491186502,50.632998219605
41.424286193172,25.165700478339,30.286155724549
20.291614783961,1.457252081002,14.074401597152
50.534144104775,20.188928672901,24.696953012912
60.000000000000,60.000000000000,60.000000000000
21.331442902661,39.155009779804,31.319217332143
45.477665431969,31.779372544240,12.440204399289
20.808959825335,19.657455721453,29.045116939308
60.000000000000,60.000000000000,60.000000000000
29.545979667157,59.255412755232,28.715704305106
19.430624469558,49.572055477926,33.816594479154
60.000000000000,60.000000000000,0.000000000000
38.644257739327,60.000000000000,23.980859156184
39.362003368517,45.218266407821,20.016432267364
21.714016874265,17.310067567523,37.757919532566
26.878331427074,27.644239249693,25.545716137035
22.408966928835,0.255658263820,31.727133730231
60.000000000000,60.000000000000,0.000000000000
20.611824737740,8.709872186899,26.757407673841
32.354323675492,40.286894723972,42.150870292166
20.560941692602,12.961639137617,52.190710521472
22.778665252028,20.653035015176,27.004666188947
21.394116190135,10.882617043926,17.373348765588
59.645235200145,58.591466635959,18.366597247635
11.542366190431,41.367463468984,48.023346277031
60.000000000000,60.000000000000,60.000000000000
22.610523706166,9.208795507580,47.056875484116
26.358722446408,22.995300144768,28.411544029728
12.508874491327,36.945893751716,11.348936023990
60.000000000000,60.000000000000,60.000000000000
60.000000000000,60.000000000000,60.000000000000
50.817341504905,47.043490207005,30.569889991580
20.250764485745,41.474116887119,8.359154168254
17.824302989474,22.621309783190,36.420296665975
20.123692684037,51.121429921453,22.538969235284
13.236129293756,27.111510827724,49.877343611174
22.371921882128,34.562731937263,57.030192613049
60.000000000000,60.000000000000,0.000000000000
24.950982069864,0.813017752952,13.004134845159
60.000000000000,60.000000000000,0.000000000000
17.721637879127,8.598437101619,36.701779333671
24.000541135508,27.640709075343,20.736121919158
23.258353566597,45.337636857316,30.569176624829
51.803865532199,4.030701267621,25.748592577768
3.774619078877,48.565596514514,52.620925429997
21.433867842943,21.556727238713,22.577648060508
0.943854981902,54.050351444092,14.049611601593
60.000000000000,60.000000000000,8.046938140783
60.000000000000,60.000000000000,0.000000000000
60.000000000000,60.000000000000,60.000000000000
26.458563045755,19.602025835513,47.533849254682
60.000000000000,60.000000000000,0.000000000000
17.386656391132,49.988427965379,22.744331295589
54.922222026693,33.276044767798,58.992761149490
24.286327324642,18.725670126198,25.803705054806
60.000000000000,60.000000000000,0.000000000000
43.648603476629,8.753327433063,31.559966709336
10.699794146158,34.530406605733,47.496243787291
60.000000000000,60.000000000000,60.000000000000
28.519565554435,28.696728848058,44.492695854418
60.000000000000,60.000000000000,60.000000000000
60.000000000000,60.000000000000,60.000000000000
8.859712109597,4.530434866822,20.008829601893
60.000000000000,60.000000000000,60.000000000000
26.686714014978,6.632311420221,13.923819452842
60.000000000000,21.938619619623,19.227274668631
28.976887623786,16.320955641719,2.059871004808
23.041553817186,40.634004136421,37.228454981457
23.653064438098,11.226653938117,26.973571907741
18.889437884785,31.936370618244,17.533831296870
60.000000000000,60.000000000000,60.000000000000
60.000000000000,60.000000000000,60.000000000000
60.000000000000,60.000000000000,60.000000000000
43.725189957992,11.133963186816,5.110103823966
60.000000000000,60.000000000000,60.000000000000
22.313049207954,45.089283616456,60.000000000000
26.308865888487,16.954964653889,0.248508236523
60.000000000000,60.000000000000,60.000000000000
21.998763776040,7.273041618248,60.000000000000
27.565913282678,40.530164820490,36.297191246351
28.311395765192,36.511661701388,17.142375275119
60.000000000000,60.000000000000,60.000000000000
46.032744237999,1.333342922349,19.450635484309
60.000000000000,60.000000000000,60.000000000000
25.879690695991,51.931057754407,25.108110708588
60.000000000000,60.000000000000,0.000000000000
23.443394107221,20.885157007172,59.183843862360
60.000000000000,60.000000000000,60.000000000000
25.295224357750,36.281090507063,8.614429731553
10.763724629669,2.005860444967,27.948671616629
36.184379529756,22.925905397581,2.263912433717
60.000000000000,60.000000000000,60.000000000000
60.000000000000,60.000000000000,60.000000000000
23.375011683046,28.493691036496,34.049841157133
20.864248993322,48.559348290370,22.030974099576
25.542345873291,23.151761879204,24.950378423728
24.020849598306,5.031789176934,51.383182610361
60.000000000000,60.000000000000,60.000000000000
60.000000000000,60.000000000000,60.000000000000
58.408071877449,54.084521121730,37.668817193115
60.000000000000,60.000000000000,60.000000000000
38.356260111585,21.302427835889,42.653162958755
60.000000000000,60.000000000000,60.000000000000
60.000000000000,60.000000000000,60.000000000000
26.871376269823,42.162305784880,20.205060758410
25.751013908068,35.139738268223,24.941526543234
60.000000000000,60.000000000000,60.000000000000
60.000000000000,60.000000000000,60.000000000000
26.155150434360,17.334461694539,12.393231258416
51.283654991571,19.185930920173,2.435572526479
25.063738499560,14.989909620652,11.656579783987
60.000000000000,56.245458966655,29.358574155096
27.939882928654,7.715225829747,49.495574519322
25.484429989395,31.223336064986,34.061543537462
25.839679954436,17.343873150106,18.741332400729
27.513199019343,34.355765253128,22.135387177697
55.756200845801,14.814060503510,46.515322790197
24.081325754998,28.638672003140,39.855596718818
24.931313090355,31.239339785788,54.243530574731
25.682235689259,20.118474831880,36.850212043066
51.703419949252,18.633491442785,16.954333844152
60.000000000000,60.000000000000,60.000000000000
31.702930736650,51.064099796641,10.486706811124
8.061625852078,47.881641296128,32.968885565781
24.571668425883,9.368629123014,34.950093197046
60.000000000000,60.000000000000,60.000000000000
27.779791529493,39.440020584587,48.540847795857
20.287181072017,21.208095773465,40.987143249685
60.000000000000,60.000000000000,60.000000000000
44.472769900077,32.574735642063,0.066948500677
60.000000000000,60.000000000000,60.000000000000
24.061860248084,32.247341874025,27.556379316375
24.495050013344,57.155169475063,13.100425978298
26.927662831075,20.768282069630,28.982270195043
26.585649415165,12.129565075054,24.416004910278
60.000000000000,60.000000000000,60.000000000000
26.427839291729,22.002735464211,11.613231293082
15.412416797321,16.596480129781,36.201253250414
27.612947810615,54.267748457015,53.093602893968
60.000000000000,60.000000000000,60.000000000000
52.951619881592,11.445972854906,28.777000418232
24.657535690541,28.800918857423,27.720639783385
27.766665749928,48.703479822428,57.419596149289
60.000000000000,60.000000000000,60.000000000000
23.524621250827,32.182497996515,41.090210588331
60.000000000000,60.000000000000,60.000000000000
49.996087147308,37.031014707722,22.580161368295
60.000000000000,60.000000000000,60.000000000000
30.242574018016,56.967726849424,40.250947639472
60.000000000000,60.000000000000,0.000000000000
30.601937568754,58.179334433129,48.074381615713
30.700668404961,39.741006232586,27.078208109903
60.000000000000,60.000000000000,60.000000000000
44.739380327853,58.516147424357,14.721369498232
29.759242435291,10.047796153881,46.367941535066
31.936129036664,21.950376786085,38.635134733624
43.183351026701,7.194451261126,25.446087531874
32.655806852769,30.013760941427,14.014555505910
28.942885203075,22.204596773526,56.359116827840
32.818597379236,36.696624359120,41.882143628262
20.675457656704,39.288542336298,60.000000000000
60.000000000000,60.000000000000,60.000000000000
33.661585056084,46.770383660143,15.909443334022
60.000000000000,60.000000000000,60.000000000000
31.831676020035,15.508028623133,18.907141693776
34.101217526875,44.576464803232,38.003741046787
42.824687195684,52.940789668772,11.444484818530
60.000000000000,60.000000000000,60.000000000000
30.030491158385,13.679095858659,58.529481609246
60.000000000000,60.000000000000,60.000000000000
29.617200436995,44.458108892355,16.698835941380
9.105070991956,42.271606713331,19.970666535938
32.996535267966,2.944850627700,18.424184964567
60.000000000000,60.000000000000,60.000000000000
29.642316863130,50.182153129236,57.210008653509
31.669509031927,32.982100906210,38.175060687346
31.878954498954,30.030183465258,34.607389960502
60.000000000000,60.000000000000,60.000000000000
60.000000000000,60.000000000000,60.000000000000
31.360070922741,23.659637145921,21.162709078315
38.254376446482,55.253526803896,32.859554847576
19.762042662729,33.292533075821,21.389361527133
60.000000000000,60.000000000000,60.000000000000
30.873471028595,38.946914792704,30.630800078625
53.105602744772,36.230404383132,23.326062674142
33.660142765147,28.500303694697,24.049507202031
39.157003068450,8.046216244790,21.832126949756
60.000000000000,60.000000000000,60.000000000000
60.000000000000,60.000000000000,60.000000000000
60.000000000000,60.000000000000,60.000000000000
40.094750590117,42.126899157907,10.635577276387
29.682125013576,8.876999261379,13.403465022756
46.569469932599,15.141024896596,41.979916397190
11.417839047797,3.094114421566,45.792987195535
26.706551652816,8.935466268716,8.216940492646
3.498284294966,5.223824952260,38.691641999120
31.151012921177,55.752394515886,58.118474687950
30.877510329378,34.478187450876,35.474005243693
22.641099084945,50.854136802657,35.368419058441
60.000000000000,60.000000000000,60.000000000000
33.187942507010,59.373303889104,23.399132579396
28.916848690125,23.393550797201,28.058852107116
29.035155627930,39.163580751069,13.768283892712
60.000000000000,60.000000000000,60.000000000000
27.123260083814,60.000000000000,15.326984515645
27.276757961242,30.813023435773,37.053986679552
33.445349794677,50.961872368639,28.141961677766
60.000000000000,60.000000000000,60.000000000000
60.000000000000,60.000000000000,60.000000000000
60.000000000000,60.000000000000,60.000000000000
60.000000000000,60.000000000000,60.000000000000
33.959402865865,33.572081835075,27.603326644198
29.076789991499,53.064799514042,48.520308478829
38.311097826378,30.851774027866,24.304468633390
30.808533308537,17.690057373836,59.844862254660
31.269531149057,28.048567858362,24.487114595524
33.216820451936,40.670466559944,53.325038763648
29.272141522723,23.109027101710,33.760991415272
60.000000000000,60.000000000000,60.000000000000
60.000000000000,60.000000000000,60.000000000000
15.461190580689,2.396672791762,12.565017754467
23.688287403876,29.537094903298,32.608494502602
30.740473654657,30.901148698863,46.027212542948
14.539552096392,6.318984229565,40.986455306357
31.964457920159,45.357790411587,26.054162450603
37.959035818887,22.858119957618,48.703060340738
28.128154043420,9.685569471906,50.731435299638
27.862966872487,28.869411407784,37.474675305607
27.676031100730,21.990835491406,23.332077600007
60.000000000000,60.000000000000,60.000000000000
30.739763388230,56.244883550122,13.349796971994
27.499361192662,27.743886528807,37.424390981414
27.773426683948,14.776697061005,21.206003213202
26.623183341887,16.491733689875,39.542915620388
23.154253461927,32.690455305872,25.351508989640
27.783626226076,31.364279324688,33.264162599459
0.000000000000,60.000000000000,60.000000000000
54.820138513925,47.070860375736,21.200143952686
38.195701968171,23.109809406402,35.490369480490
34.236062639950,25.578861324101,37.488854770496
29.734844638256,17.738885603546,1.423264477394
60.000000000000,60.000000000000,60.000000000000
29.078225478435,52.870728378898,23.796240151860
29.510073558957,36.897227047698,30.410731568737
16.685463871870,28.135018275414,31.342420668383
60.000000000000,37.505942943894,31.710176395067
60.000000000000,2.397208793844,45.753703080085
60.000000000000,60.000000000000,60.000000000000
60.000000000000,60.000000000000,60.000000000000
60.000000000000,60.000000000000,0.000000000000
31.083490440669,37.565009785162,47.151822316786
42.295272224443,5.059893554018,5.540476440323
34.752876716336,0.296743472747,25.926514977376
22.862181344693,37.816526002234,9.362543289036
60.000000000000,60.000000000000,60.000000000000
33.170658982701,39.809421294858,43.115900604129
60.000000000000,60.000000000000,60.000000000000
60.000000000000,60.000000000000,60.000000000000
32.065240032547,4.543280828207,31.643048791078
60.000000000000,60.000000000000,0.000000000000
29.543734529374,11.054218445443,50.429540691050
60.000000000000,60.000000000000,60.000000000000
32.653589601027,15.239771309379,33.824945633331
33.616942934353,22.474506261130,35.494004005827
60.000000000000,60.000000000000,60.000000000000
32.347775530452,37.058997306285,32.227008205666
33.599777876670,33.059428661631,33.479648993273
36.921442165194,37.546418580038,34.428255399727
20.313203232408,12.458336959897,29.360716076987
34.592485253111,39.958939434513,35.189864634071
32.742861439393,51.640080649930,48.770644630201
37.627166508217,26.290355874350,30.968770166325
28.345509512644,25.939542550948,48.733358896524
0.000000000000,0.000000000000,0.000000000000
35.826976904622,0.405590738495,14.672224213143
41.275360985820,28.973878436071,16.977862582095
32.159593516413,43.151854106653,9.174990733081
42.858031016441,31.407796603144,31.377068401471
33.733609441013,5.152173707127,34.198511737892
60.000000000000,60.000000000000,60.000000000000
60.000000000000,24.074658022966,5.537125245638
42.653160710284,57.277242521128,47.103146406316
28.252776646096,20.474480628479,5.689475782927
24.147232693408,0.445156940059,28.164807238489
35.626599098875,26.046110261485,56.896055382557
10.018541091890,55.788053637533,18.480956666268
60.000000000000,60.000000000000,60.000000000000
33.487728957865,26.146310281737,44.541499554331
31.433064681200,52.012044822661,30.778500540471
32.596730697735,37.994146611788,35.959554548112
41.462722150676,31.709947907620,18.800751198275
30.920541660059,35.720801482050,39.731899640677
35.567112624263,15.041332311796,35.954787736461
60.000000000000,60.000000000000,60.000000000000
30.296701385332,0.187706359991,22.899711250690
60.000000000000,60.000000000000,60.000000000000
29.288332310760,49.710513461973,2.529892550583
33.323208027832,30.901932387036,28.039595002604
25.448180808661,57.438858994371,53.779905749885
53.115117271946,17.618115418095,13.980265872823
34.757670914621,47.472557820869,12.576852834907
60.000000000000,60.000000000000,60.000000000000
32.444168226691,57.439781265831,11.994337285249
60.000000000000,60.000000000000,60.000000000000
57.278518090584,55.715259979275,35.073787867030
34.337475751076,26.254638073153,28.866269201529
36.337359927630,9.786696343716,25.430448268047
25.181351624968,29.666764581087,24.582633980821
34.807841088370,0.321676502256,21.164573534372
32.436240998637,42.696977376329,53.596920404097
60.000000000000,60.000000000000,60.000000000000
0.000000000000,0.000000000000,0.000000000000
27.185615304255,15.974504256365,58.025821501425
56.998340424220,48.269670966059,32.214041382095
60.000000000000,60.000000000000,60.000000000000
33.949104830888,31.759688762937,36.595927662966
60.000000000000,60.000000000000,60.000000000000
13.478232758430,15.339047360030,53.592722219407
33.303758764693,16.808683351099,50.264696339935
28.329778308511,24.881343009185,19.494309067119
21.927560544579,43.140206884981,9.771032276513
36.478184057608,27.972852919283,40.672247318381
33.888817707634,10.908261400663,32.686314111511
27.365852674633,40.118946741390,37.037131976623
32.399175484907,22.486076488316,16.872225081208
34.929746249517,35.176382140885,35.877536694139
58.833041957214,6.253064940198,25.528313162634
27.009122476107,26.671047109229,42.706160072022
42.410136715509,17.691826310133,3.845942334199
60.000000000000,60.000000000000,60.000000000000
33.334929288238,35.071329397781,15.565125783025
49.878281513852,30.991437519426,54.176130608726
32.072311545314,34.414204185080,25.948104361507
33.607613817156,52.479104819025,34.986031104287
12.004319692239,49.344470451748,23.638881950471
40.983069295579,26.354708728060,42.316000598277
25.952108817250,55.852631159144,2.689973420420
60.000000000000,60.000000000000,60.000000000000
35.029840229487,22.201338262392,40.190072072077
60.000000000000,60.000000000000,60.000000000000
36.160553200953,23.019451311022,42.948396739219
52.537645811869,36.046115869686,18.402245182070
38.451467945509,56.398330733957,54.411644640071
37.763393911126,24.911735489311,33.356450796590
1.146908426209,49.603997515315,25.003580984187
31.387888950111,43.945549650356,30.793057974587
2.553609558048,8.426515866409,8.873997872539
60.000000000000,60.000000000000,60.000000000000
41.305901146450,25.120238689561,46.088282289513
40.338580304285,39.902095265016,40.887329663142
35.711195653579,8.606174526483,51.667632943800
60.000000000000,60.000000000000,0.000000000000
60.000000000000,60.000000000000,60.000000000000
45.794509638650,30.169990424222,34.233164483301
60.000000000000,60.000000000000,0.000000000000
60.000000000000,60.000000000000,60.000000000000
44.906432962474,19.665132255105,30.396067064702
44.048531144413,31.344859061249,24.839711001402
55.434654381648,60.000000000000,19.692062882047
40.249391346249,27.654206469584,18.908926471112
60.000000000000,60.000000000000,60.000000000000
54.612824869565,28.485483410633,48.804861772673
40.161956959636,44.546959469406,4.909310370789
39.584235669445,27.456068892176,28.172919028623
35.269281973300,30.509787607180,33.037360656657
40.276320122231,25.151981082109,24.270188911393
28.731412652973,27.258546568023,60.000000000000
38.871646627371,33.198496853956,36.099336174813
39.771206139783,24.169933553613,21.617869796253
16.350977280159,34.967770467122,15.928234194923
38.551847735855,1.667092725255,23.002184612869
24.904412000936,34.333109971074,6.843745670069
29.084672377733,0.085656624711,49.463823249583
40.804165509401,36.611782604121,27.080367582860
40.276268767985,15.187075217496,31.957309632902
41.055934058713,40.878223101673,34.296736469320
60.000000000000,60.000000000000,60.000000000000
60.000000000000,60.000000000000,60.000000000000
60.000000000000,60.000000000000,60.000000000000
40.802019165336,31.725889153849,27.282452947821
60.000000000000,60.000000000000,60.000000000000
0.000000000000,60.000000000000,60.000000000000
41.213844500999,7.189891742833,31.389989168095
60.000000000000,60.000000000000,60.000000000000
35.115747208530,43.057561819664,13.013006905045
29.973269087770,42.743883386004,37.376241585714
38.331220604250,58.412343060831,0.727910316444
60.000000000000,60.000000000000,60.000000000000
60.000000000000,60.000000000000,60.000000000000
60.000000000000,60.000000000000,60.000000000000
48.707627479729,53.433724530574,11.731082471261
60.000000000000,60.000000000000,60.000000000000
36.414983927914,26.289497399266,36.904071839405
36.280970738541,21.853011083449,23.864077551604
20.722648953226,55.565766687278,37.694988211406
35.654068185210,22.953264430129,19.694685285501
37.753758460606,37.385406743526,12.097548719283
0.673050192003,11.713798426183,58.974948754906
46.293759086355,8.212939540382,60.000000000000
37.133966998169,38.870349395202,20.176643200569
39.098317961831,36.955828203269,0.043516574340
60.000000000000,60.000000000000,60.000000000000
39.270308912533,17.434889294672,13.219712171487
47.463831449255,14.547659704462,41.946374325769
20.096566506460,4.453929602450,6.536023929113
60.000000000000,60.000000000000,60.000000000000
36.854515241994,1.623142294248,2.144280356720
60.000000000000,60.000000000000,60.000000000000
38.706700869449,51.368315670401,56.951256304015
60.000000000000,60.000000000000,60.000000000000
37.598345174064,10.676726372227,46.509633294067
59.467769867937,14.606412937871,21.163177459503
37.826344708502,18.437483476182,56.679270929932
31.419853083511,59.116909670555,26.660657576861
32.858598318589,18.457678810544,24.013717618049
60.000000000000,60.000000000000,60.000000000000
39.658523811887,22.127088249066,12.605456940757
60.000000000000,60.000000000000,60.000000000000
38.055446715158,39.652289798093,17.982584518196
35.719476083788,40.445041556166,28.267403403388
39.544990006238,16.587888995095,29.501137525509
43.871231094279,47.957985267160,41.533117459930
37.728366673292,51.304272493714,16.961744172530
40.161453950372,36.514561411388,37.077981652704
38.094883583655,59.162797337734,7.941283988668
60.000000000000,60.000000000000,60.000000000000
37.177171027519,11.126518038604,54.829771849980
60.000000000000,60.000000000000,60.000000000000
60.000000000000,60.000000000000,60.000000000000
37.043223459372,36.308929089401,16.881729540470
36.926454946845,12.608197308764,17.681456030088
0.000000000000,9.320293279628,60.000000000000
15.562878780240,13.118089563743,40.909997467060
38.728538983635,36.450840758798,34.562290115100
60.000000000000,60.000000000000,60.000000000000
41.450312170054,0.952024594251,9.350725191309
38.380394302503,38.708859509381,51.392740765479
38.857444334888,23.608389377534,38.837410455293
6.810036011812,7.686343665804,34.406538663900
60.000000000000,60.000000000000,60.000000000000
60.000000000000,60.000000000000,60.000000000000
37.911102334126,29.851847079022,25.588361272691
36.920653549364,0.199496317751,19.271723811580
36.564998619956,39.677906312849,34.281239791489
38.061326446562,8.986332094799,12.131199992588
60.000000000000,60.000000000000,60.000000000000
60.000000000000,60.000000000000,60.000000000000
29.513627294475,35.273769242008,29.926960539315
25.539243917307,24.684868528748,16.669428188454
43.676825014450,33.154462608738,19.637484051563
60.000000000000,60.000000000000,60.000000000000
42.383914743789,34.639415036654,40.241590244105
41.109450518413,54.562508236632,26.116571566935
29.193666722806,39.138162975756,11.777657009870
42.632654439736,12.013678042365,46.075695472872
43.608315266903,36.007344678656,21.999186881326
42.147288032565,9.538092438775,37.338708415768
60.000000000000,60.000000000000,0.000000000000
1.022257646104,60.000000000000,0.000000000000
39.623576892443,36.886559486566,23.043551792045
60.000000000000,60.000000000000,60.000000000000
46.666773492806,25.908514404661,34.562174023945
60.000000000000,60.000000000000,60.000000000000
1.035493724090,48.409327559796,5.231733910300
38.172332576608,43.015015305110,38.125401938553
4.899851175959,19.258545820810,36.265521721689
60.000000000000,60.000000000000,60.000000000000
60.000000000000,60.000000000000,60.000000000000
43.031758186954,29.685416442070,4.093804635723
60.000000000000,60.000000000000,60.000000000000
43.444309597764,7.348868592678,56.119373345909
60.000000000000,35.351277237744,39.155375023362
43.830306288997,35.485668063399,16.525003605210
43.700471225728,28.286355193735,25.029147743690
42.595527116802,30.142942643270,48.589987216795
41.884908891354,34.574075129150,37.025767592641
41.991487621638,9.452248424903,17.895303331739
44.121975938642,12.985590264714,40.737721550423
60.000000000000,60.000000000000,60.000000000000
60.000000000000,60.000000000000,60.000000000000
42.333668424715,17.372437533693,45.983481022241
41.395346371088,20.520787073678,45.486114423746
36.304483655233,41.603565519824,44.742560470347
41.191309935985,24.282743434973,35.171579475516
41.797993252043,0.015375542400,28.856640262231
14.147737904851,47.147069924610,5.260421824066
42.886171381870,10.200528281312,22.382236172179
41.729786110421,23.872775391141,24.656618239136
60.000000000000,53.809538145815,60.000000000000
40.716046220765,28.741250940686,23.694378159075
40.753451937413,13.955125024129,13.790624921689
38.986351225026,21.813158418894,28.455898339535
43.153418258699,36.413116730397,49.182097841591
60.000000000000,60.000000000000,60.000000000000
1.236679087549,20.972568725242,7.482759466816
60.000000000000,60.000000000000,60.000000000000
12.792571375222,13.130475849823,28.964836696827
3.830999277592,44.458325756693,15.076348462016
38.109146446035,16.900214262898,15.297099015070
41.364910682220,31.131904732254,28.603041927430
60.000000000000,60.000000000000,60.000000000000
41.889130711056,24.177499143280,38.907227457573
41.531878928790,35.427782128720,13.165258143115
5.310024105523,12.137815623730,38.408596806096
60.000000000000,3.809632335906,60.000000000000
43.192064820411,23.208720764621,35.983564220438
45.339002181826,54.174129290461,39.164071651437
45.018816167545,19.810845458250,18.572404470034
22.104715650941,21.206859252592,60.000000000000
20.684051633510,60.000000000000,26.628043596868
57.720641347833,52.812311065765,46.953937408813
8.556343704339,36.578872484134,57.950683794359
41.704401396394,7.740939892183,45.253370801165
9.998749396777,57.604422208114,12.381224829778
42.551967092619,16.565798810232,3.064866691966
38.998767263612,22.906976659556,33.288057856126
42.798954063648,12.322539619052,52.854521971238
44.039254432036,15.856873242302,23.498298041729
10.371771029055,29.186188069336,34.322287407600
43.712698767213,32.279967820303,35.384475583963
37.750658468885,49.898724300288,39.377670863227
48.409073189563,30.362002919121,25.067334621520
60.000000000000,60.000000000000,60.000000000000
41.682779133313,34.071754973002,35.100537740344
43.165942842637,34.521797108743,57.454127914434
46.082197444872,33.457703630918,28.991748268809
55.586575059229,42.246255842143,26.053654181151
44.695172482324,30.630781256120,38.575392510257
43.638946875453,41.141603415298,40.130947018739
37.593578131616,21.957303509555,22.205521699738
38.214492602187,51.993006340665,17.291091665609
60.000000000000,60.000000000000,60.000000000000
44.210010604197,22.418042676401,30.906896150033
40.365906837889,35.517145448614,25.653530122096
40.876826805513,34.538504957365,29.751433776161
60.000000000000,60.000000000000,60.000000000000
43.794937802293,25.402137216049,5.261398163030
29.250712809281,60.000000000000,60.000000000000
41.411975064233,21.807698716445,4.191836942900
38.514550810775,18.748835553319,24.629733646110
32.320501256575,25.220438987805,1.348890824472
60.000000000000,60.000000000000,60.000000000000
39.688408854795,5.699462687767,48.035163484600
36.154705710155,29.980382268147,55.366651983494
42.761464937667,20.728177627372,42.547368756367
60.000000000000,60.000000000000,60.000000000000
40.444336944310,5.196475340032,32.073923509460
60.000000000000,60.000000000000,60.000000000000
60.000000000000,60.000000000000,60.000000000000
47.431457558820,30.740848055215,21.198134984983
60.000000000000,60.000000000000,60.000000000000
60.000000000000,60.000000000000,0.000000000000
60.000000000000,60.000000000000,0.000000000000
39.410146654085,52.712748947974,53.755473837535
60.000000000000,60.000000000000,60.000000000000
48.078365453724,1.892795706761,35.056735180462
2.089706244099,0.048123122577,10.970192008913
45.863376929471,39.622776050828,30.555570292123
60.000000000000,60.000000000000,0.000000000000
60.000000000000,60.000000000000,60.000000000000
44.610263409660,49.258103341869,49.699224550687
39.540267862212,23.060170910063,42.178407798254
45.554913977628,45.427544682885,9.273532619726
60.000000000000,60.000000000000,60.000000000000
46.604539459160,50.282439349662,36.990493178722
60.000000000000,60.000000000000,60.000000000000
44.821467213722,22.436343960417,24.250886896680
28.712217517587,43.705486347938,37.211303864300
60.000000000000,60.000000000000,60.000000000000
48.946252423319,23.130989690272,32.668026196466
45.170780308426,15.653976341279,29.880461410445
43.372565395579,7.467705427417,60.000000000000
45.779294859396,5.489270386090,54.690158141336
47.881977008838,21.261217170615,21.971833083167
47.702006562142,46.862418731334,5.845752290442
47.260133761835,39.121767796210,25.907213581859
60.000000000000,60.000000000000,60.000000000000
60.000000000000,60.000000000000,60.000000000000
2.051786623110,50.705653246327,36.681764982469
38.365171743900,18.504058858621,38.095665571509
44.317350654476,16.424573842975,15.177495839020
4.270712521713,27.580222466689,39.441733853225
25.422835039752,35.693601049166,31.269283087383
60.000000000000,60.000000000000,60.000000000000
60.000000000000,60.000000000000,60.000000000000
50.905777631284,23.507687119809,31.081860504525
51.900551017731,32.803876387889,51.068861437552
42.386503790818,33.318106955690,32.629341511854
44.617918539740,48.307783081813,30.193209127935
11.733783668174,11.153325169551,17.624338764554
60.000000000000,60.000000000000,60.000000000000
41.694762643475,24.762468725577,31.438138202033
45.567653019207,41.963842162540,0.054646413363
60.000000000000,60.000000000000,60.000000000000
47.853408883368,4.636601943512,21.878291063980
43.711489291323,33.863909565139,8.788446986759
49.621285847039,16.902629907300,27.439199424940
43.602574680301,27.434700392196,21.592718960196
46.116867204399,29.373385994156,7.514974233238
14.595877663494,17.293515997333,31.738705309888
47.070743926541,16.165301579832,35.154064165196
44.915005599867,43.055122357904,16.157638756956
48.561594560103,53.250945578002,14.895774376986
20.099580122388,58.295467968409,58.201020438721
60.000000000000,60.000000000000,60.000000000000
22.338023775484,41.587205048094,15.987192152473
46.547301552925,44.699642410048,15.938396449049
44.029367130273,36.783545555722,37.060343858231
47.083751828573,33.155234699856,6.478879034519
43.575642595174,38.013500084749,26.577031035855
60.000000000000,60.000000000000,60.000000000000
53.769548584893,30.469159204604,35.218168740457
47.163301502172,53.213372656810,44.186924948127
52.484588232136,38.817655747098,36.298800437750
60.000000000000,60.000000000000,60.000000000000
43.414690626954,18.388438470044,31.294017000734
39.105480517889,6.144685730293,20.375850196689
36.629528097401,27.980159119112,42.668205505211
4.154862737465,58.025448071787,25.301020687878
46.538507098323,28.321112115005,35.068167050537
26.068712905882,2.861507662536,5.454540524986
44.873475298623,25.758621987733,36.001909205012
60.000000000000,33.186053739740,23.821216678402
44.848613597034,34.180624750288,42.192585087513
60.000000000000,60.000000000000,60.000000000000
50.022294272818,45.666223607355,29.527115651267
38.708335872335,2.385866533404,53.795878916092
60.000000000000,60.000000000000,60.000000000000
40.189671811434,13.413650737219,52.754333942840
8.743996167850,14.302162683914,53.370168639214
60.000000000000,60.000000000000,60.000000000000
47.224897327903,36.652112243814,26.177931637567
44.535847175464,26.787890844747,47.006918192631
49.368313854043,32.612646883201,30.352898836277
44.413277508710,55.751582916034,32.508626140521
7.215367321487,28.590173621904,16.036903728220
60.000000000000,60.000000000000,60.000000000000
60.000000000000,60.000000000000,60.000000000000
60.000000000000,60.000000000000,60.000000000000
39.695385374312,40.987195271557,41.855459068468
44.850869866092,39.334364465506,46.788260854061
46.604594226405,30.748082115642,37.800382560310
51.548027482144,24.266203401471,18.177615633046
60.000000000000,60.000000000000,60.000000000000
60.000000000000,60.000000000000,60.000000000000
60.000000000000,60.000000000000,60.000000000000
44.748222612924,47.859023446354,42.880542727773
46.026083126524,39.567468570434,33.530087289084
47.607693628410,32.228028997501,11.289426818206
60.000000000000,60.000000000000,0.000000000000
60.000000000000,23.384654343530,47.080527511773
60.000000000000,60.000000000000,0.000000000000
43.056349996697,35.674322744949,29.235211786394
46.965146629832,38.800112391104,22.535150615366
20.548859106200,19.489705491732,50.266928108317
52.314013974764,34.126494607176,28.586866468675
50.138491738516,23.954802659592,58.234364850254
13.445521647089,41.400211639167,39.695261541170
60.000000000000,60.000000000000,60.000000000000
47.557092017685,27.129913404926,19.133885458656
48.885427434181,2.954908719995,30.051839615085
60.000000000000,60.000000000000,60.000000000000
48.732116072983,15.105368672364,41.600832453401
31.450363645034,48.895964476866,38.152081082199
51.156620625675,0.025160210744,42.318145112887
49.039832018280,13.844972041473,42.913508170900
48.013701327541,2.673058400553,37.143967066935
8.956780476195,44.625830731930,43.562224845638
39.194510592619,21.244403443893,25.395396651749
52.409212873490,25.629976327928,22.220292202119
38.912430213910,24.216462403095,20.564013615809
23.964910183775,23.136769582285,7.025170509002
60.000000000000,60.000000000000,60.000000000000
60.000000000000,60.000000000000,60.000000000000
55.400950188326,1.833413638177,23.863413571235
41.204658481746,28.975062590604,53.802744181119
8.443462631615,60.000000000000,60.000000000000
52.151568462954,39.919118088800,31.428380612624
60.000000000000,8.668726972222,18.259362431755
58.649284959287,30.233203179593,37.504827424699
38.934933322988,8.280468017567,15.340121114256
51.987152089120,40.890461379315,23.106367043954
32.042524418751,34.879550404970,19.275918352125
60.000000000000,60.000000000000,60.000000000000
51.069389946017,34.109571040219,0.200255395052
60.000000000000,60.000000000000,60.000000000000
51.786138540273,33.599982392070,6.017347754878
3.758708679965,60.000000000000,35.144623318633
60.000000000000,60.000000000000,60.000000000000
60.000000000000,60.000000000000,60.000000000000
49.087036397285,3.621701037548,42.409659201166
20.232240680502,38.598348730150,0.468161077056
46.849813098861,1.407411513986,27.335572882575
52.469365204939,37.783279360712,29.054992838355
51.712090596520,46.281795174602,21.649605600713
39.043336252662,57.755908013506,26.169262804133
44.318122041638,35.349250837426,56.600317371074
55.024239486507,29.569313670803,21.637772453884
50.157579806608,39.845461299314,52.628685064766
51.448241495513,19.365094775662,37.234565331975
51.744968864763,4.565730244121,21.691677163635
39.714120154173,52.750382896888,8.346982164967
50.197882379958,12.808487184235,13.033400594572
49.438671807640,35.156706307961,24.369405705685
48.568874649505,46.197237176558,3.987183422626
47.551306291230,38.462165310075,40.141660135551
51.917607276354,35.707245598565,54.247403642154
50.911055072316,30.735933523454,33.618629773213
60.000000000000,60.000000000000,60.000000000000
49.102174147146,42.091496159619,23.082067234065
60.000000000000,10.135696980988,60.000000000000
0.000000000000,29.879120591014,60.000000000000
60.000000000000,60.000000000000,60.000000000000
60.000000000000,16.385977896988,0.000000000000
60.000000000000,60.000000000000,60.000000000000
48.509074333137,20.272568740493,21.244780876208
60.000000000000,60.000000000000,60.000000000000
60.000000000000,60.000000000000,60.000000000000
60.000000000000,60.000000000000,60.000000000000
51.005488105564,39.841319504054,40.565071007058
49.057358277120,55.532018369649,58.537380568571
60.000000000000,60.000000000000,60.000000000000
49.108503353390,51.833188845179,37.237576807640
49.608922437379,53.506485066780,22.932027967933
52.257928766303,52.794827609116,39.180047973314
1.881156237101,60.000000000000,60.000000000000
49.552907220403,42.344096879532,0.903202606656
0.218753019723,56.033582794044,26.326206813567
59.789392861864,6.911241166619,32.352452615178
47.235280878624,24.319665021560,6.489883904770
2.192167555214,43.446480236407,54.580653632311
42.807691325797,55.747894080273,5.119736243332
49.693353540488,44.204386987269,53.863016865064
28.627923749900,22.056207313792,12.047140791428
49.845625351114,15.600305063277,33.884848125050
39.428481323108,28.573953864989,17.539504734777
48.748412115586,59.203339261763,53.517681962664
47.846607147634,27.435619094312,24.724194716936
50.560844675767,6.842133730186,10.054196360167
44.194837958032,38.806478827482,24.748674375082
60.000000000000,60.000000000000,60.000000000000
60.000000000000,60.000000000000,60.000000000000
6.806722499173,50.329753764495,0.215897411925
57.272712098903,37.549223879159,17.474818029352
51.531651851307,41.684215306896,41.303038227206
45.826889618001,30.754317685035,33.056787336388
50.363701699555,41.268917968177,45.202863577386
48.864865980553,34.565083117558,32.749737745586
50.754750384389,38.428734613096,53.673313616352
1.191266170478,13.786161234292,20.021688227092
38.442926085027,54.835842444202,33.679298189513
60.000000000000,60.000000000000,60.000000000000
54.427307870124,26.520163762725,12.944839712304
58.824454249378,20.744919500348,34.401162678577
23.964794801467,41.281307963309,39.234259226712
53.884247982367,35.573541515538,27.573553778302
55.448310533535,1.418522718704,8.751521424085
55.351225989896,60.000000000000,20.486846494773
40.712993570614,27.921754992182,33.902790204102
60.000000000000,60.000000000000,60.000000000000
52.957861971536,17.856562637653,10.482618727014
6.351130746831,9.775309568863,56.492120648650
60.000000000000,60.000000000000,60.000000000000
60.000000000000,60.000000000000,0.000000000000
12.393965668304,8.473766316592,30.068351743316
60.000000000000,60.000000000000,60.000000000000
13.122039720235,52.575314085556,14.274096360450
60.000000000000,60.000000000000,0.000000000000
55.147631258753,45.629304621871,7.761873806797
25.481264589541,47.875976476216,45.610561134545
52.551949733307,31.020065958299,37.830591899309
60.000000000000,18.095786936228,27.767951480212
54.024139600785,5.508624057356,11.748566395150
51.655054033920,25.456035012000,36.913339302645
55.338888926208,17.502131292820,40.177205805294
10.865667146057,30.770611464958,53.148466161315
60.000000000000,60.000000000000,60.000000000000
56.267313557377,31.070214889878,36.741303045744
53.563508303188,16.582721250331,54.195344940535
60.000000000000,60.000000000000,0.000000000000
20.550446231704,21.967720464001,60.000000000000
60.000000000000,60.000000000000,0.000000000000
60.000000000000,60.000000000000,60.000000000000
47.773945577371,30.922361883369,59.791634160910
60.000000000000,60.000000000000,0.000000000000
49.829561311027,35.344299878418,28.385962245836
55.395558738925,47.618700221268,27.551947633943
60.000000000000,60.000000000000,0.000000000000
57.538148309215,47.633726241690,22.275600881440
60.000000000000,60.000000000000,60.000000000000
52.268918940702,26.487819846349,28.415677245653
53.937367267142,41.951296611080,21.331409815607
52.790440750995,51.695657117694,23.576400605170
60.000000000000,60.000000000000,0.000000000000
53.202539145982,38.996305245662,16.147523554553
56.333713309834,23.504924361416,27.741191024493
60.000000000000,60.000000000000,0.000000000000
0.000000000000,60.000000000000,60.000000000000
54.401506820512,49.587292297017,37.484837563959
47.530309717253,17.448650595029,33.609272660725
60.000000000000,60.000000000000,0.000000000000
53.470610446976,23.014401999871,25.247294365835
54.410578982391,31.555274924110,12.542677635147
55.491237875038,33.806496540333,35.549938847164
60.000000000000,60.000000000000,60.000000000000
52.104581504750,36.659651383158,30.561769383389
60.000000000000,60.000000000000,60.000000000000
57.202347241195,28.183424847364,25.172887007419
54.886290285520,14.635124387729,15.988348802095
60.000000000000,60.000000000000,60.000000000000
54.559338824443,22.775712749545,47.466719644613
50.801216305629,41.001181044664,35.954889143925
29.818223905000,37.843642927330,57.674983512417
60.000000000000,60.000000000000,60.000000000000
55.111257103443,16.247101718162,5.606418480056
54.696023219444,38.464024456906,28.230063569284
54.362942987850,43.741598895915,56.217962226188
49.767484508537,37.066307335493,34.196650361009
55.595229041693,10.838244061564,9.401786326452
54.779797668645,22.918736873474,20.085006016015
55.643434248113,27.384459207968,8.044387689189
60.000000000000,60.000000000000,60.000000000000
54.246523968898,32.050281155384,16.277109641167
24.668719341966,11.980161418482,47.001920596773
60.000000000000,60.000000000000,0.000000000000
60.000000000000,60.000000000000,0.000000000000
19.828701107721,28.381546742322,35.164948337123
60.000000000000,60.000000000000,60.000000000000
54.552599500693,59.999523188325,55.822034342839
45.810154605604,42.545477949380,44.394037477628
56.833448887679,8.046808562099,17.871145323560
46.126070490252,27.235348635783,20.936657205593
49.748115415194,18.840190633652,49.287881609515
60.000000000000,60.000000000000,60.000000000000
60.000000000000,60.000000000000,0.000000000000
54.982843446228,26.876057344638,33.376468399076
54.658185566159,43.223701585262,45.650633900936
54.015087119308,20.299385182613,42.341231580881
57.242161695101,58.826653153143,41.671410306882
24.264422722232,60.000000000000,1.800593270824
26.750487124197,58.553141633572,3.964707263131
60.000000000000,60.000000000000,0.000000000000
60.000000000000,1.357916770563,60.000000000000
52.059276751488,25.920200311414,23.947662646931
60.000000000000,60.000000000000,0.000000000000
60.000000000000,60.000000000000,0.000000000000
54.442727338445,29.443111707229,50.671136744695
60.000000000000,60.000000000000,0.000000000000
60.000000000000,60.000000000000,60.000000000000
7.642232134461,6.490975473303,57.951789762493
58.125531066722,34.323584268663,43.504353407622
35.261550697457,19.228312030026,21.103037783678
59.675145161736,49.366598449372,26.776480750879
30.099637234056,59.056691491131,29.457451453734
53.677192818954,1.320997622979,1.060387697705
5.931201233611,12.536328645936,12.592321141756
47.075612921647,46.896286698174,23.374980130090
40.879988189726,40.311088983531,53.230600661615
57.689090939959,14.256621362306,0.467741005415
57.990982713831,19.345240543325,17.203951910471
54.869879904631,35.742786462545,46.775724040577
58.858685099319,25.793083326209,29.478118332403
60.000000000000,60.000000000000,60.000000000000
60.000000000000,60.000000000000,0.000000000000
9.684279082723,13.119096398164,52.589644068127
58.704678303212,26.593350603533,39.193826180813
57.828250345273,13.522211202445,8.572145466327
42.170722277703,24.478471039419,50.388140439334
58.011879379889,51.409371123282,48.701092574178
58.433654514448,39.376602502650,39.317643965754
56.524217375656,36.747224734854,9.837584643381
28.472213798407,60.000000000000,60.000000000000
60.000000000000,60.000000000000,60.000000000000
60.000000000000,60.000000000000,60.000000000000
36.768385289990,12.678654620528,17.765386593188
0.000000000000,41.903716144614,15.731921395031
55.793881218625,2.033695022282,38.100279574085
59.148575632136,21.068572811734,21.493030261877
57.581531898221,55.876734552528,22.611454590572
60.000000000000,60.000000000000,60.000000000000
56.969270752817,59.560501015219,13.898301334742
60.000000000000,60.000000000000,60.000000000000
40.059392592259,47.696645472025,18.639748691201
60.000000000000,60.000000000000,60.000000000000
60.000000000000,60.000000000000,0.000000000000
14.471352598465,53.978377353381,23.601597528154
57.669255993321,57.053966172546,48.675707969632
58.979953915906,28.098105211552,31.992704467363
38.746498871581,16.377260118790,14.809444472874
54.013921660170,33.842156263857,24.151936040434
54.487172025374,51.251660372012,12.157816506232
59.624074205962,33.960159816556,27.467467344117
60.000000000000,60.000000000000,60.000000000000
53.658725532432,43.062170088820,30.262591098933
59.131332344044,9.026429623231,21.070115626991
54.437994690903,26.572639091250,19.854048045096
40.913173975835,60.000000000000,4.865099461912
60.000000000000,60.000000000000,60.000000000000
44.539873842399,19.536509489840,15.910414167685
60.000000000000,60.000000000000,60.000000000000
59.401787378008,45.189676907245,57.510678935889
59.291365556170,39.050294222821,33.761484457954
5.179991871315,53.912558560923,25.226379415280
41.985507339886,4.450455025457,19.999279757839
0.578240396097,51.587830426970,13.025357993290
55.828510072541,33.412278705767,27.517863755454
55.946074743621,31.798115652668,7.352663103375
52.051495166809,28.863653667315,44.890676924960
52.488700654822,1.030585168039,48.803591512286
60.000000000000,60.000000000000,0.000000000000
54.249256009135,46.706533180405,25.423555491976
55.110608814441,57.350395366221,10.838403107470
60.000000000000,56.312757201553,30.810868628664
25.144068405263,37.687483746506,10.452281745446
59.690436933913,15.778586088920,48.290920236722
60.000000000000,60.000000000000,0.000000000000
0.405963958058,21.068722753828,29.640486945755
60.000000000000,60.000000000000,60.000000000000
40.927345819785,60.000000000000,0.000000000000
60.000000000000,60.000000000000,60.000000000000
57.706525362340,59.038592915677,19.317150726605
9.837133302404,29.677605910545,44.225307091284
60.000000000000,60.000000000000,60.000000000000
60.000000000000,60.000000000000,60.000000000000
58.633321557680,2.491786781523,22.622199648105
55.642577076590,20.932054824043,33.761435292544
58.056323756380,43.117688959071,4.678447112230
26.831585260094,57.487496412883,12.081770199857
57.346735852289,25.940772983913,1.068303303089
60.000000000000,60.000000000000,60.000000000000
57.805561001995,18.777608122308,25.285985449512
34.922043813699,34.369657186785,49.442731623865
58.752728638534,24.410960405561,11.281255516501
55.370728304302,31.102679543274,21.264804356972
23.306935238960,4.196787226948,26.327192596742
21.924862924581,37.138868667442,51.979746851220
60.000000000000,26.706851509617,0.000000000000
60.000000000000,60.000000000000,0.000000000000
59.624736891632,54.739355041477,6.864495957677
41.640933427150,46.365958659725,6.470269043754
58.924862813956,54.468373979648,50.626164470130
60.000000000000,60.000000000000,60.000000000000
44.240585298424,41.215919590977,34.620935402831
60.000000000000,60.000000000000,0.000000000000
60.000000000000,60.000000000000,0.000000000000
60.000000000000,60.000000000000,60.000000000000
13.641138635474,13.908044032294,33.483187096127
1.891113796564,32.779843102153,45.502264306439
