x,y,z
0.529465739300,44.979046548378,5.621514579889
3.219162797829,32.735401573196,34.446370849145
2.701069904795,22.101008852102,52.374698484248
29.194346498859,58.286646644460,0.749108243760
20.499985366908,34.853044024077,10.095354565216
60.000000000000,60.000000000000,60.000000000000
2.847431276087,5.014190640748,27.361593819364
1.591616360498,32.227401393911,29.763065621404
46.722701500657,38.461198306341,46.681979320852
0.297606224208,23.204383811226,25.012610668086
4.425491733157,26.616465374997,48.874737378209
5.183523711957,19.277774360529,36.975083638217
0.001308168994,9.262680095406,23.014038129413
40.761285407540,52.776995586956,23.188098720427
0.375073408184,21.993303722269,24.126809009253
60.000000000000,60.000000000000,0.000000000000
4.570701526215,11.355815816430,48.505662311604
32.831125898934,7.131864026662,37.043926436495
60.000000000000,60.000000000000,0.000000000000
1.465578768921,32.671442635792,34.844550386760
58.935157192399,5.222469301327,46.086783467164
29.789453151843,3.285442193057,37.092063877590
3.288347265242,57.820497693576,22.161235908880
21.767730917598,48.164139897807,23.178690795560
3.920385516173,34.580381038256,51.922435915000
56.487064737827,22.749429932208,34.336607924120
0.355176185513,56.891084912791,57.718503916820
60.000000000000,60.000000000000,0.000000000000
0.680380618436,58.145483927441,35.509122320438
0.735414492704,20.442681651677,31.779261161810
0.000276613721,46.084886453874,43.284293975868
6.903277333604,31.530434016168,33.441126790201
2.953426948020,4.152229347118,3.201670353325
2.948513809051,36.033236013340,21.407896671816
60.000000000000,60.000000000000,33.347558820496
60.000000000000,60.000000000000,0.000000000000
60.000000000000,60.000000000000,60.000000000000
3.143861677324,26.538217202715,29.952594795082
0.338042003722,11.449192773217,42.369737027149
27.645880718391,30.705154249550,43.018981659835
7.818468990699,48.536614604454,4.389282719289
60.000000000000,60.000000000000,0.000000000000
11.558579014235,23.474412297456,43.538102255517
8.830993382816,29.294448336318,18.208894192907
57.753216363553,49.424473194490,39.156831644546
4.304504066085,37.955401907544,40.872241900469
2.859610999155,27.539945232232,27.946048955638
12.874114762625,27.572641310857,33.159485900681
27.703258842899,59.529297603876,7.082352787760
11.719465214493,31.445842248048,40.491987346751
2.389647063630,38.722418342528,50.376034971545
60.000000000000,60.000000000000,60.000000000000
3.578283937837,9.491483888544,51.962030186819
47.422649738515,12.591254009243,59.180231608237
3.780607366380,27.849459975622,15.046205652881
60.000000000000,60.000000000000,60.000000000000
0.328712315501,22.170850413585,36.598382791320
0.000000000000,60.000000000000,60.000000000000
60.000000000000,60.000000000000,0.000000000000
4.596290086279,19.163036853309,32.217336418117
19.704901171056,57.306981119899,33.022176574169
0.022722563687,43.534517486514,22.310975295922
60.000000000000,60.000000000000,60.000000000000
2.809904381730,21.772983163809,20.119718911279
3.148408188095,37.649715508335,55.803429807470
0.000000000000,60.000000000000,60.000000000000
0.819628677588,18.515418251942,12.670311509866
1.456820446082,25.291536610212,10.124490155859
50.088986491882,3.728196522224,6.640847515349
60.000000000000,60.000000000000,60.000000000000
39.782296092040,52.281220775283,4.056344650082
60.000000000000,60.000000000000,60.000000000000
60.000000000000,60.000000000000,60.000000000000
60.000000000000,60.000000000000,0.000000000000
1.637589528728,49.458892688743,33.109886625492
1.963451463712,33.512390195159,26.693081186754
0.447185182269,27.492754538513,35.753623596625
60.000000000000,60.000000000000,60.000000000000
31.269148134631,11.651543167809,27.556276228666
60.000000000000,60.000000000000,0.000000000000
60.000000000000,60.000000000000,60.000000000000
1.500738720865,38.574767537407,37.731152463714
4.139841065817,37.188835066906,4.170651733439
2.292230453691,33.635996623120,18.788639383681
2.223978136333,14.026692207307,36.720414798272
4.180810744908,34.139655543446,31.329148283933
1.843175627483,7.252767990287,14.174640437818
60.000000000000,60.000000000000,60.000000000000
15.965957876930,32.521603168147,56.696057380729
0.951859384524,35.336668347207,27.737100782484
2.938450019954,9.827660334430,31.249975907833
7.049916961737,28.733157584556,24.956504030360
60.000000000000,60.000000000000,0.000000000000
0.082750845545,23.310611746667,29.420526137336
0.496022139383,20.867131854715,13.331371747563
60.000000000000,60.000000000000,0.000000000000
2.179470553884,24.715122736516,44.053525256700
0.825998776158,22.664702047625,32.760054168368
2.188284132488,54.297879103635,39.240552798188
1.933879654062,20.013837609568,24.471508012058
6.638670091159,55.303432235470,36.390649682620
32.313941003501,58.627910126118,20.053784310320
5.586840650752,30.295087224070,44.936847768124
5.722177755123,35.849157275877,25.773079957619
7.668328715697,43.695677006571,23.748474422994
60.000000000000,60.000000000000,60.000000000000
5.924862800175,47.656253759350,47.126094362328
3.228046037279,30.776679477224,24.293029003497
13.375260323274,32.829266954028,3.559304427827
16.712784797126,25.808139700285,31.121142621300
55.070467273264,60.000000000000,22.903701004132
60.000000000000,60.000000000000,60.000000000000
24.944727705144,27.877845908768,3.414327416851
11.551000564856,32.733836598371,28.990640904858
60.000000000000,60.000000000000,60.000000000000
60.000000000000,60.000000000000,0.000000000000
60.000000000000,60.000000000000,0.000000000000
8.103425421377,24.665754698844,33.088355595201
33.230655183568,6.482036348075,52.200403885753
4.686613313021,37.899962793809,17.185451365642
60.000000000000,60.000000000000,0.000000000000
60.000000000000,60.000000000000,60.000000000000
18.471166964926,6.637312402432,50.475816480126
7.622643345308,32.790662536211,23.905702372122
60.000000000000,60.000000000000,60.000000000000
60.000000000000,60.000000000000,60.000000000000
8.647194288568,14.044573882225,11.415518480681
6.025250803591,35.508479108485,36.280445265141
6.081275862967,10.903657135674,9.085848422161
7.492038706588,19.526219004173,21.865586018299
60.000000000000,60.000000000000,60.000000000000
6.958489797500,33.079929533649,36.189920469500
3.331006835736,56.853308536092,20.349992095700
7.441668519295,42.503271948135,27.251130176750
4.052943215271,5.904207761613,58.961196881760
3.633896216768,27.913048102248,33.386788896623
45.654323866905,33.843459550636,28.084461385838
11.934118571436,54.042810222497,3.067897704602
6.404343050969,23.469061320186,5.890024399282
60.000000000000,60.000000000000,0.000000000000
0.110262723246,20.026647998982,37.490740239644
3.809275867880,36.463141241372,22.449677173604
5.627808830097,29.788550150611,33.505124498341
6.078930606588,24.075748508177,25.139968790313
6.029521258904,49.425455591747,6.038780857847
30.458979266430,28.805638858954,35.470056427384
8.692609541929,11.906455606523,26.229264929587
0.488590997935,23.598207232569,23.577177966097
19.105119402132,57.217330579042,2.401447605172
23.738598414031,28.354067699788,60.000000000000
6.806803229574,49.390958166959,35.869917652791
7.143597350107,34.610500729634,32.018323878352
8.452796511289,58.599930417544,38.374726073496
11.375708512017,20.081572234725,20.678995528874
21.318018035413,6.861468569001,4.688883898384
9.091187423944,34.420336161700,21.675730967373
6.784341670285,39.964141857475,3.401870549350
60.000000000000,60.000000000000,0.000000000000
5.201615184473,11.600165465242,3.234636999270
60.000000000000,60.000000000000,0.000000000000
5.178404339285,3.842298073626,18.452382443646
60.000000000000,60.000000000000,0.000000000000
6.604225723430,41.171017343182,32.001206876987
60.000000000000,60.000000000000,60.000000000000
60.000000000000,60.000000000000,60.000000000000
2.512927522909,25.478663030219,33.109783258064
4.955653680371,18.216848093921,53.568393001689
60.000000000000,60.000000000000,60.000000000000
9.885027662529,24.264617301794,39.953265795544
60.000000000000,60.000000000000,60.000000000000
60.000000000000,60.000000000000,0.000000000000
8.170110282616,28.314263617788,38.736632401142
60.000000000000,60.000000000000,60.000000000000
9.349572882771,31.366128010172,20.342046855401
4.533695431680,29.674364139383,17.542661002940
60.000000000000,60.000000000000,0.000000000000
55.180910910670,51.693716868112,18.168464438436
2.579796500770,26.911388335893,25.316958003185
19.706232482742,6.535378570798,29.158876461210
5.662820082368,36.095671678690,34.692887705970
23.825985853934,26.827234581602,14.090061234470
60.000000000000,60.000000000000,60.000000000000
28.332129649139,24.059828856694,54.817925813924
60.000000000000,60.000000000000,60.000000000000
55.751279324086,13.551692879787,54.118404817406
5.303007190782,29.026956870242,20.231461973888
9.054440771929,5.293020400008,25.765859119931
60.000000000000,14.030750260205,0.000000000000
53.359600182331,26.368921793292,35.001079793533
3.963004768556,26.853160483607,38.362046498677
55.432790655577,60.000000000000,18.956590228570
20.342073891327,49.557093567819,44.435866469938
6.632422231716,47.053807329667,55.287148824040
10.809398034151,29.118725809353,35.720737979635
50.592460381253,55.445708040822,16.008197130654
5.335801112882,23.623266962709,44.294125167345
6.478149257129,11.334119232878,17.146408684755
6.858554847548,27.250248502661,27.637735629940
34.061696877983,59.766215197660,29.809208674019
5.636021381632,37.226690645051,24.291471074828
60.000000000000,60.000000000000,60.000000000000
26.006021613736,8.689337191304,9.080220951550
10.509701076350,40.954562777954,50.770883899670
6.483759392882,28.324565659925,6.640479752210
50.002421557945,5.696229461583,52.862674229162
8.434663406719,33.561870796495,33.615299834677
9.021318198143,30.077245452520,7.013583300848
7.572317228884,28.278603666341,9.109968526647
8.677879998004,11.632742750022,12.820763885034
34.983867824584,51.095407520027,13.489595783824
9.769616074038,50.760415722579,58.511633122060
60.000000000000,60.000000000000,60.000000000000
8.184302833575,26.726353777933,52.849975241253
60.000000000000,60.000000000000,60.000000000000
11.425406883796,15.774143553500,22.462025307821
60.000000000000,29.553922420076,60.000000000000
7.984765357478,31.162547989769,55.160561105209
11.301534880257,24.182411233372,20.528437110521
11.676142534273,54.787383074471,57.987965597298
60.000000000000,60.000000000000,60.000000000000
60.000000000000,60.000000000000,0.000000000000
11.540593434325,37.932657456123,22.381632715265
9.315937762508,11.303939440889,28.517216097755
49.750048549876,53.065075294457,24.546376560992
10.788842489681,3.400177794915,22.699099805947
12.028699175000,25.741447348217,31.188000748528
60.000000000000,60.000000000000,60.000000000000
60.000000000000,60.000000000000,60.000000000000
11.114644930947,23.813302530511,43.725595853619
38.167261367146,28.307576874203,7.229135066123
24.322980871868,8.640413190394,46.815941715277
8.002019562361,42.443076522736,13.552298885629
45.258882642892,34.973332466488,11.268255332678
60.000000000000,60.000000000000,60.000000000000
60.000000000000,60.000000000000,60.000000000000
46.727820744623,37.844666095454,60.000000000000
10.355900817752,43.975501400006,21.374130590287
40.921536633858,19.596111139585,22.185374400575
10.204250423175,31.497724044229,29.021211783489
9.579806455251,60.000000000000,39.276243519716
8.146644492329,4.962581965482,29.104890356875
4.132857868245,21.091267357019,23.430246985235
11.939939180420,55.257738008368,20.099636735294
32.031026818393,34.572503331931,45.892393380093
9.355124699236,55.257130377521,17.341837204938
11.390823111273,18.370100148720,25.905576071821
9.778292494635,51.521056877278,24.390791205885
60.000000000000,60.000000000000,0.000000000000
2.133994954347,55.730157789750,45.597644425684
18.800807291731,19.537968262374,4.224085874873
15.824143187047,39.985508855028,33.717917613244
17.917904141848,8.912997722285,21.308270430268
12.701220798072,34.067769355719,25.724704517730
4.954773171827,32.122934436566,27.518245179050
11.972897696836,5.347445474823,14.231931540215
60.000000000000,60.000000000000,60.000000000000
8.411582027584,51.177173340027,18.991456255847
13.091227136611,25.062526483118,33.078771392661
9.378912988652,1.896531718585,41.078341670946
25.874611487959,59.044990697734,46.174246063586
60.000000000000,60.000000000000,60.000000000000
60.000000000000,60.000000000000,0.000000000000
24.390840128746,36.216115956929,19.699183563376
49.278260751826,51.253981750859,48.781442080597
58.933158150906,27.403722435736,60.000000000000
60.000000000000,60.000000000000,60.000000000000
7.098351821503,10.136506248072,20.710226315077
8.796135315442,34.584387709846,22.381402905777
60.000000000000,60.000000000000,60.000000000000
35.096168170761,30.728267105210,60.000000000000
60.000000000000,60.000000000000,0.000000000000
6.853416401844,34.952265511448,18.201397696432
60.000000000000,9.756531502334,0.000000000000
10.772751757743,30.094385915894,25.911303408032
33.821604350305,29.486168286566,19.154768174738
8.343138692721,24.554329634301,21.045827222497
9.422329128958,42.677889519840,11.329052059304
8.086147723545,32.038379276009,25.097509687935
10.954721475835,39.116571851620,45.479475587663
27.140860234677,2.235791902450,39.764236182037
60.000000000000,60.000000000000,60.000000000000
8.952141341525,40.438537050182,24.502580289519
60.000000000000,60.000000000000,38.446434508099
4.048805323642,16.595716156044,38.736141915622
10.253410361749,49.057230190761,49.505879270797
0.202121276660,39.127762062191,40.029432504299
10.031823767493,48.639775963112,17.327318035468
10.376713391366,45.571004570440,31.271727894773
60.000000000000,60.000000000000,0.000000000000
16.778325839195,33.144260851558,54.502720334971
10.882996474247,25.784967789325,35.316661628992
60.000000000000,60.000000000000,0.000000000000
28.126236770093,42.084019474573,8.251137154866
60.000000000000,60.000000000000,0.000000000000
36.030071007879,32.357108025813,14.682108687797
16.852969885311,30.205823888889,38.306424358921
11.519350291073,48.518948881255,44.865548161019
60.000000000000,60.000000000000,0.000000000000
11.890162882242,32.360775748238,50.398381615646
60.000000000000,60.000000000000,60.000000000000
14.458974789758,15.763294719551,37.713888901844
12.487595452503,19.414869253934,37.125738679530
3.633355096870,18.153612172013,29.007406055684
18.760374533606,18.011199490210,42.984524752967
60.000000000000,60.000000000000,60.000000000000
12.320830863364,21.943494969133,22.558623653816
3.836268295051,43.948722155492,32.977772801133
60.000000000000,58.175487836332,60.000000000000
13.401994184689,49.215479223335,23.589143170802
60.000000000000,60.000000000000,60.000000000000
60.000000000000,60.000000000000,60.000000000000
12.945105192546,26.254481691538,42.075347768868
15.249052749244,52.738570912102,24.644930892346
60.000000000000,60.000000000000,0.000000000000
12.805269740842,44.932618730902,45.713000902624
13.827996533582,40.494696577561,27.956180145700
60.000000000000,60.000000000000,60.000000000000
21.915828913075,41.349292203707,36.324711610935
19.925986104412,24.210640012551,14.341188069332
60.000000000000,60.000000000000,0.000000000000
14.606426958375,18.417845423213,21.090467516192
15.495501781927,34.133393399506,32.526323951189
60.000000000000,60.000000000000,0.000000000000
60.000000000000,60.000000000000,0.000000000000
1.651468091902,5.112780034503,41.281879673892
60.000000000000,60.000000000000,60.000000000000
12.298721525667,43.583376674642,49.190408491273
60.000000000000,60.000000000000,0.000000000000
27.550670546095,20.457012186613,20.776344357467
60.000000000000,60.000000000000,0.000000000000
16.032591142829,44.028781243519,9.130212264926
10.925743779503,28.878349684130,24.927027435806
42.979068113808,14.114432820544,36.862147560825
60.000000000000,60.000000000000,0.000000000000
14.965274092517,8.117766739144,35.590683980658
14.791385857268,32.225659826457,40.302802784660
15.102713704524,0.130412748765,38.061762611538
14.982469873955,22.757509503212,20.162019817369
15.146306749119,47.425902765268,49.805368783095
6.784832732555,21.184556724833,35.904540269370
12.372683264614,40.945379857463,8.083475529722
12.122565257226,21.358989339127,2.456993715729
60.000000000000,60.000000000000,60.000000000000
15.237451247120,12.848599849167,55.497130398496
7.701799584402,4.423836877536,31.702327711282
60.000000000000,60.000000000000,0.000000000000
14.261203019533,32.482003963886,23.465751919205
60.000000000000,60.000000000000,0.000000000000
14.574542162128,31.807373862246,29.548140393511
60.000000000000,60.000000000000,0.000000000000
14.483261425042,9.436583692412,6.195124427139
60.000000000000,60.000000000000,0.000000000000
7.858411450785,30.973148747044,50.808028755886
12.679928990039,29.883705222788,30.611512054739
18.839759787467,44.223016753224,35.543015985040
60.000000000000,60.000000000000,60.000000000000
60.000000000000,60.000000000000,60.000000000000
60.000000000000,60.000000000000,60.000000000000
15.081710509462,53.629237592560,18.163510962089
13.882515413766,29.382034552112,38.050258859047
60.000000000000,60.000000000000,60.000000000000
60.000000000000,60.000000000000,60.000000000000
13.390593616832,27.260935700909,36.436894725010
27.070857059574,40.026931959003,22.622511561042
15.130034978643,53.275643671937,52.793930021089
37.475493464964,60.000000000000,42.734158220351
5.047621488111,8.465803194564,37.904552103253
5.421093195433,36.379326004577,6.629005060288
11.703727430037,23.205956289262,11.068646497977
18.162334944766,29.368406200456,30.426193276762
14.308854595929,21.030101079505,28.706717718852
11.959060175156,2.239775130665,50.773514346171
11.498373061367,9.447547176711,32.267596628628
5.893647237222,16.778076445046,36.108001789020
29.124106012889,60.000000000000,30.818044303686
12.617827405136,25.992892167208,18.950200356854
15.977546231882,19.435714833047,0.557731191775
20.440509026158,51.735726493222,38.304636904447
14.966717951850,7.726253895455,42.729259553811
60.000000000000,60.000000000000,60.000000000000
13.707167881447,37.277313512568,2.797999220625
15.775913837462,29.129818559433,26.075671110642
12.341107437192,28.880531367753,8.361923081593
60.000000000000,60.000000000000,60.000000000000
60.000000000000,60.000000000000,60.000000000000
15.802832893466,26.905611719535,39.519928095320
48.029705854917,28.814685025431,32.167135387336
60.000000000000,60.000000000000,60.000000000000
12.056306325160,3.053449045949,30.726293028079
13.224991090243,34.671528284830,29.098431715387
60.000000000000,60.000000000000,60.000000000000
60.000000000000,60.000000000000,0.000000000000
14.045044087922,57.245027434201,16.795487511635
13.961604266537,26.629509237283,28.057434260037
10.646943957305,25.982412263333,34.583054089430
13.016385154444,28.975581866308,21.295214902826
15.806439536122,0.015724998749,14.480399040909
14.846855626368,24.591681195602,33.234303983713
12.180887177016,20.817113376583,55.868815958916
19.163268235799,33.125065356635,26.812119765819
60.000000000000,60.000000000000,60.000000000000
38.965233195157,15.091327083168,13.940316548574
17.492292550706,59.942221452717,49.926153209123
19.733647368735,25.251037655492,38.181254526059
19.380764107682,0.590989599148,46.225547544557
15.451423413191,28.001166768777,36.166419368407
19.088920762711,55.493622217627,46.099529226197
60.000000000000,60.000000000000,35.171304676349
60.000000000000,60.000000000000,60.000000000000
60.000000000000,60.000000000000,60.000000000000
18.890311950514,42.253669933643,52.924026798169
16.290192057981,33.221480217426,40.576819125924
53.034522788503,52.087578796204,53.077095010085
0.000000000000,0.000000000000,0.000000000000
17.466808023608,15.973340304632,26.790479840530
60.000000000000,60.000000000000,60.000000000000
17.711852536473,48.853901842453,4.381548531035
20.489800439411,32.900333485308,20.710785275809
17.199358144310,8.642690166082,29.881630150726
48.778244391543,50.330713132669,60.000000000000
20.786728360085,51.988261043516,49.506027699827
23.699968862088,30.355780690423,18.165385639691
17.486291219900,24.844929194602,39.581011372126
14.991926910382,18.080129474320,33.345840761237
18.538933753789,37.779989003616,26.611111849246
60.000000000000,60.000000000000,0.000000000000
16.187693306450,58.661235150367,6.205660786001
13.885744580630,37.278666929967,41.238949724780
15.313291877557,53.182005687318,52.844742859730
16.310719926957,39.717266130037,35.901293240134
22.709732581154,22.947626737832,37.836796093356
17.551254148539,25.749265955101,27.094823342676
18.447045528797,45.588390075513,32.521470440241
16.283021606862,35.943028123021,25.338736868876
14.358419937314,8.386534717105,54.245218180759
60.000000000000,60.000000000000,0.000000000000
16.179567029132,17.731223800513,53.347014661167
60.000000000000,60.000000000000,0.000000000000
58.702329239389,19.794518456280,36.237444118519
22.733886806646,38.828129781417,27.069031879043
15.601114879309,0.166785769613,53.812746368782
60.000000000000,17.539595747259,60.000000000000
19.929882338058,44.699381627797,49.118490376051
60.000000000000,60.000000000000,60.000000000000
47.799454851168,35.876236924005,16.133203386145
29.661708969099,49.066066278359,3.919095689770
45.545470323153,52.967277942231,24.564788511229
0.000000000000,0.000000000000,0.000000000000
14.309267576085,22.665833098289,39.004179708951
22.125100643388,35.802107383036,34.481024406676
60.000000000000,60.000000000000,60.000000000000
27.786395367086,34.706377701698,15.150375883722
19.123075468069,28.516074319658,2.003869651477
18.924042331194,22.080397589857,34.435860593026
60.000000000000,60.000000000000,60.000000000000
28.084418898321,19.211907692174,27.876838055130
0.778646242649,3.211069027946,58.257298865964
12.995852923921,24.109686198316,41.032636512423
18.870658604425,47.556912947421,52.340943721440
20.795537628952,25.279069566523,31.011870890894
13.680648633783,34.722465986172,4.290113770546
19.133367038821,36.132913515227,34.054913083055
16.004055379053,37.749979073417,7.726830369649
13.319972278454,31.163333920163,29.022451375375
16.671441848272,37.915045172751,51.689326187370
17.667080664374,35.087603780230,42.530200449122
17.610593700459,17.769717593901,56.899199124619
14.706466946342,33.481630750552,32.134900593005
57.378465269868,32.271703341229,7.185361972699
60.000000000000,60.000000000000,0.000000000000
21.064915698640,42.529295637769,59.734722121188
37.281935065016,17.459676085681,43.900465895840
18.683931208811,41.003077063641,42.424675217855
17.758064842252,30.183636768313,37.017968308944
15.699439428059,59.878500256571,30.334563448943
17.906317113325,26.093922682606,23.440610702525
60.000000000000,60.000000000000,60.000000000000
16.251243417144,27.591398032763,22.583966351749
19.431366228837,37.582648509473,44.654331203931
15.853941007275,19.759417586429,21.019734296269
46.307959590760,42.524663741349,39.891904810088
16.067020942641,43.985078901230,28.422392574118
8.447659387333,15.730344022735,3.178447551244
18.078053413794,40.804706092805,33.241389048222
60.000000000000,60.000000000000,60.000000000000
19.417876708435,25.965415645920,24.952789405826
1.084329352868,51.340672382819,16.073028428907
60.000000000000,60.000000000000,0.000000000000
17.542461800615,48.149865209158,43.624585532847
0.000000000000,0.295748220996,1.221200459860
18.703061467790,10.234577487196,47.226092055010
21.301746387669,24.514552125332,22.444140211849
60.000000000000,60.000000000000,0.000000000000
60.000000000000,60.000000000000,60.000000000000
18.704061711729,41.523451901703,3.204822773593
18.762150102083,17.768943702835,23.817972786707
60.000000000000,60.000000000000,0.000000000000
20.210900850281,22.659472777050,29.206279139461
60.000000000000,60.000000000000,60.000000000000
60.000000000000,60.000000000000,60.000000000000
22.313661637253,34.732409083132,43.493299484858
23.169288309032,32.722008430064,38.270417065005
60.000000000000,16.882984305514,0.000000000000
60.000000000000,60.000000000000,60.000000000000
38.290332768431,39.243904888777,18.125212359717
16.094498767342,4.661018461608,34.492610314630
22.557461318126,40.467711107192,7.206993415331
60.000000000000,60.000000000000,0.000000000000
60.000000000000,60.000000000000,60.000000000000
60.000000000000,60.000000000000,0.000000000000
55.759098458075,26.780127130053,53.464769952554
23.603683132547,43.080001577780,36.267874576033
6.958124193785,39.374771439577,0.000000000000
24.100477329153,36.803352486191,31.691725239628
21.578229540093,45.916677183939,57.328334306599
18.589806108721,27.192782317618,23.132108614271
22.477312238993,57.429483797930,9.850319327190
4.398973227860,16.688780589718,11.502763251184
20.536924994445,43.354372203322,41.971450931044
60.000000000000,60.000000000000,60.000000000000
44.382626652384,54.273382049796,1.205783264411
60.000000000000,60.000000000000,60.000000000000
22.306211066244,32.878293719052,10.615012783782
60.000000000000,60.000000000000,60.000000000000
21.776516175944,5.067582754351,4.097074679608
15.731841256803,16.160906022697,34.236129634104
20.766344392008,14.338116061541,22.859910533549
20.619516683401,45.868629451163,23.098734663590
60.000000000000,60.000000000000,60.000000000000
21.716505733308,32.127079024666,22.113191207350
20.714591824337,38.956270188055,60.000000000000
60.000000000000,60.000000000000,60.000000000000
15.539490747719,38.001473768790,48.375417086860
19.226721074476,17.667646754097,31.935136432395
60.000000000000,60.000000000000,60.000000000000
28.780521718325,30.687517341993,36.341012808992
19.200740095363,35.760658466561,10.745757021390
29.455451933285,35.291430807437,31.145613134878
28.130405374068,32.432899025847,42.649528100306
22.924135247044,36.548585160400,37.145204308818
23.726765538883,57.763950982627,28.480872863771
60.000000000000,7.996078799816,0.000000000000
60.000000000000,60.000000000000,0.000000000000
19.394608654343,32.968122935614,24.444175718437
23.644326874565,10.300899033188,51.755974120163
51.524566081907,22.024289151211,1.748296405911
53.168833674647,28.681869648343,2.025828758476
14.986444520144,33.467861178652,18.185906633673
21.303610627752,14.640739613037,44.172346727755
60.000000000000,60.000000000000,30.716685671037
23.478357007388,31.277793468994,34.980161607003
60.000000000000,60.000000000000,60.000000000000
21.095537091981,17.668403389158,50.479482789961
27.989389314736,36.341606411811,38.692505754506
20.386479328468,1.513051066841,14.059626079625
4.927806628376,7.519196111925,11.156239227127
19.421688230597,35.472567864457,4.686029029206
21.196705462543,38.807086194302,31.458126102505
7.862449124639,48.848008112560,28.954556916144
20.674926807989,20.319070867454,28.573634737391
60.000000000000,6.957322030966,60.000000000000
26.680751909518,53.327301304804,28.443830331900
20.030008209471,53.654575329861,37.422143084502
60.000000000000,60.000000000000,0.000000000000
46.781043611087,60.000000000000,23.967799530870
1.913742311119,30.411711950979,19.964202063802
21.698004759699,17.356176172330,37.766993800799
21.817530344023,33.256020770662,29.445585153049
22.426103372982,0.284052643636,31.777413034677
60.000000000000,60.000000000000,0.000000000000
20.572693261468,8.601276279453,26.735782953631
4.697598711926,46.095262481703,8.442324292813
20.686052666642,12.866279963731,52.181686595799
22.923528500220,22.896066225655,26.372020742656
21.356294252387,10.834917826673,17.379594269071
25.079536957122,29.348707478919,15.575385621976
20.486139474311,34.689264183418,45.100246051468
53.578684990063,5.353351553788,52.691587039474
22.960641976762,9.029686815709,46.930897202295
25.813755826486,22.772102168390,28.657195203143
18.848655830088,31.763614669693,12.973832829616
60.000000000000,60.000000000000,10.854960413446
27.941960070843,43.079243375267,16.632492811806
53.215522866340,21.124949773576,8.667542022850
20.241275774083,41.495708762507,8.472909624419
18.234739780055,22.700057857006,36.670337532019
20.118294863102,51.123285423519,22.534048408826
7.401217151330,26.807448039104,13.968045774731
22.355710851913,34.508394771696,57.049989150528
60.000000000000,60.000000000000,0.000000000000
23.240371633037,2.233028345809,20.066013148126
60.000000000000,60.000000000000,0.000000000000
18.855615078036,8.315406305749,37.421087276280
23.711212236306,27.739678581790,20.814612127404
23.245393458567,45.327006574593,30.529907235529
20.462041479701,60.000000000000,31.303277343110
7.421197558038,42.732808834296,47.022042176089
21.522397708470,21.531617462378,23.145808564540
6.669269619378,55.337297526179,11.957963083007
54.914790460453,60.000000000000,8.047240654197
60.000000000000,60.000000000000,0.000000000000
60.000000000000,60.000000000000,60.000000000000
26.182610562393,19.479115808758,47.708739736798
60.000000000000,60.000000000000,0.000000000000
30.934101930063,45.594897386659,30.487917829524
26.071967959555,16.480052931639,25.843531411792
24.472164159590,19.073527615884,25.841010064736
60.000000000000,60.000000000000,0.000000000000
24.568860233179,40.853936198533,55.241979052494
13.045492313793,32.926905993712,45.038135704402
60.000000000000,60.000000000000,60.000000000000
28.083157419219,28.382538418958,43.438146643798
60.000000000000,60.000000000000,60.000000000000
60.000000000000,60.000000000000,60.000000000000
11.820518998067,6.282982968034,21.612983966765
0.363809646921,36.730406050369,44.779765006814
26.742087851584,6.650921081302,13.951828089746
56.447885108965,26.461878948660,5.988260669801
28.021112866297,18.990783943603,1.817729489778
23.256440627509,40.436876153575,37.168338378679
25.208976694628,10.802594099051,23.614129251466
9.524743973363,26.944947318137,57.504494730779
60.000000000000,60.000000000000,34.819187912027
60.000000000000,60.000000000000,60.000000000000
30.086767452450,38.728899412041,57.517731372248
26.739749937334,33.680149729002,35.695172485085
60.000000000000,60.000000000000,60.000000000000
27.719057954705,36.255820613396,31.341692379668
26.336082560454,16.963262259100,0.082195982248
60.000000000000,60.000000000000,60.000000000000
13.875328393527,54.544389057408,20.991260073441
27.297396926024,40.173061441677,36.328184394096
28.104978381138,36.473532781056,17.065806572059
60.000000000000,60.000000000000,60.000000000000
39.445140119887,3.269116887111,22.446433717072
60.000000000000,60.000000000000,60.000000000000
25.883118366944,51.930101115394,25.106917202816
60.000000000000,60.000000000000,0.000000000000
23.709279352799,21.356200921404,58.323134067645
60.000000000000,60.000000000000,60.000000000000
25.285291298862,36.269792165264,8.632613312290
25.825989697978,2.830467318183,27.502959206800
22.116261342141,33.078685893825,17.708973808271
60.000000000000,60.000000000000,60.000000000000
60.000000000000,60.000000000000,60.000000000000
23.776917474594,28.272775052829,34.126594233634
23.642716322558,34.823984454073,43.195615690045
25.645788351179,25.460527647986,24.255126719830
24.022313562022,5.031216125000,51.326634882507
60.000000000000,60.000000000000,60.000000000000
51.948043245712,60.000000000000,17.975024355772
10.573445259763,42.308038665191,48.721769573166
60.000000000000,60.000000000000,60.000000000000
34.656520316188,23.601714094105,36.939148309762
27.492282704064,60.000000000000,60.000000000000
60.000000000000,60.000000000000,60.000000000000
27.499476658451,41.161136391236,21.269076408536
25.679706890304,35.010305706157,24.770321950623
25.969007468289,8.042148267305,18.699809642728
60.000000000000,60.000000000000,60.000000000000
26.225856392868,17.596629587333,12.529182789046
48.996490415415,22.884967541492,6.265047977499
25.053154725478,15.073584620470,11.683321696182
60.000000000000,56.373924557656,29.358624048901
27.913672386039,7.745199019526,49.487958193633
25.863639754946,30.755330158022,34.090890508759
25.865844914369,17.331503725915,18.762410120496
27.476410861629,34.243972252404,22.221250178282
22.752416991290,53.766515396964,34.282722001253
24.149060003795,28.518597821255,39.750384034799
24.827102036768,31.324672405244,54.436859362923
25.628286377479,19.840929476623,36.840590279010
43.009409382675,26.053690772804,11.373060263715
60.000000000000,60.000000000000,60.000000000000
12.500971952470,50.821719185231,26.648523656909
25.741217870417,31.708091383949,48.414618161280
24.603312169554,9.338970398952,34.991466579644
60.000000000000,60.000000000000,60.000000000000
27.794260895780,39.378514953921,48.575025816836
22.485312316287,21.493034332534,40.470936477688
60.000000000000,60.000000000000,60.000000000000
17.697428466531,21.074273999119,32.523541951332
60.000000000000,60.000000000000,60.000000000000
24.273413858343,32.113485937581,27.954786769739
24.828230472919,57.340802849192,13.611729166712
27.177803553061,21.150206111659,28.611111915280
26.132838468818,11.818839600945,24.250761370370
60.000000000000,2.221929146631,60.000000000000
26.622667754462,20.880700790024,9.803990028539
18.267312070655,21.880903269335,35.569178126452
27.646770534715,54.283838342903,53.048485309915
60.000000000000,60.000000000000,60.000000000000
48.549046267419,11.717731218459,19.176584052417
24.784084546063,28.896256761608,27.501776061562
27.679694624457,48.801014729390,57.501446715073
60.000000000000,60.000000000000,60.000000000000
23.788170998603,32.643040206513,41.540881798943
60.000000000000,60.000000000000,60.000000000000
16.842370264291,42.939021787879,58.029955504719
7.159385221639,0.742343888876,60.000000000000
30.241685550534,56.969435971064,40.251962180398
60.000000000000,60.000000000000,0.000000000000
30.567136094293,58.196584457329,48.043383472910
30.719992958590,39.654905804592,27.225420827232
60.000000000000,60.000000000000,60.000000000000
54.845181383577,55.791191452879,17.489342934574
28.405478348900,3.406602423255,45.934314270607
31.779801226854,21.699255033133,38.471529231842
34.967683161726,7.874181248529,13.691593082861
32.359756479151,30.225471287676,15.033729673925
28.965152490907,22.241410243283,56.359550276497
32.530646777535,36.177233907330,41.534616897627
54.120671684172,55.780582733348,31.677092184063
60.000000000000,60.000000000000,46.597980832800
32.357563085963,46.309599096695,10.571413692686
60.000000000000,60.000000000000,60.000000000000
31.787901963153,15.510111410210,18.852757130068
33.475079230995,43.855433129029,38.178075714298
41.304537664612,38.822262060794,47.165737189782
60.000000000000,60.000000000000,60.000000000000
30.005938567192,13.844100275788,58.566866697891
38.747892075514,18.027155714567,4.516967077841
29.558058595270,45.027597629345,16.449623188640
48.254084317087,21.518799926774,36.277833865055
32.159096765772,3.534285596659,19.083020626671
60.000000000000,60.000000000000,60.000000000000
31.366521311316,46.364252988898,58.807146156308
31.313415895086,33.646705707484,38.193371695810
31.703907948301,29.932743407973,34.726843814832
60.000000000000,60.000000000000,60.000000000000
29.661958379135,20.666707842681,0.988907613218
31.928290197930,23.282410366817,20.136694646205
17.255798574854,36.266310423353,22.739788378011
22.525970854676,32.630929431848,22.064528161655
60.000000000000,60.000000000000,60.000000000000
30.906318208701,38.953096156043,30.917628432306
44.097918578296,25.280642970214,30.497904021060
33.426228651320,28.043662125203,24.399792802751
51.048522539983,17.197525485456,34.580108688909
60.000000000000,60.000000000000,60.000000000000
60.000000000000,60.000000000000,60.000000000000
60.000000000000,60.000000000000,60.000000000000
48.825411438348,21.830515300392,7.038400264223
30.090783068072,12.533768304146,19.481389375941
57.061268289229,12.168760126023,6.799246180642
46.751119121996,16.999715971973,7.351252510491
27.852862932007,14.233073888531,16.331872939679
17.676571071895,54.902063101060,3.569432598552
31.169271342630,55.790575936243,58.131454726934
30.982466832325,34.196973214691,34.628126520707
27.484071499169,45.693578302257,7.376997114773
60.000000000000,60.000000000000,60.000000000000
32.734622360051,58.940353638234,23.756242869076
28.833469520239,23.223390873239,27.851516789169
29.036577557095,39.169729488755,13.774882627479
60.000000000000,60.000000000000,60.000000000000
28.925542269695,48.553892995109,41.826544848879
27.813437843135,30.830696016158,37.220515050272
50.885929988954,39.935779611247,54.770673647971
60.000000000000,60.000000000000,60.000000000000
60.000000000000,60.000000000000,60.000000000000
60.000000000000,60.000000000000,60.000000000000
60.000000000000,60.000000000000,60.000000000000
33.716465665184,33.624638718380,27.885527310792
29.135323914917,53.051747418485,48.484561719880
37.340861302926,29.861733734345,24.511520697747
30.434792902340,17.607962863983,59.905739595345
31.937917101560,29.662442256262,25.394763780897
28.970601147993,41.516213176367,52.793876479768
29.554098308943,22.990342061861,34.153743243832
60.000000000000,60.000000000000,60.000000000000
60.000000000000,60.000000000000,60.000000000000
19.398426086031,6.274783521327,5.961168459563
25.604248221821,28.819348781888,33.222406481285
31.057685285675,31.003442985396,46.430830990799
16.509399805042,11.117758475313,40.695044198522
31.717724532633,45.450564369772,26.067701992493
37.137221343379,23.869128869950,47.179122310510
28.138278070350,9.696197041264,50.710860401379
34.415126370450,20.086064534649,26.172408438504
27.846882638174,22.041047426724,23.444284917993
60.000000000000,60.000000000000,60.000000000000
30.364469946289,56.579333388315,13.541706744786
27.690618481937,28.163040246431,37.394796483121
27.994313568388,15.500064869654,21.066350774143
27.100890160073,17.047743422600,39.086764344067
23.821102784912,32.610586367544,25.632707021849
28.019661905107,31.474908464183,33.157200658746
0.000000000000,60.000000000000,60.000000000000
51.454603705205,10.045141602020,52.835365668092
27.192795826168,46.807163082244,25.498282969588
33.823072121764,25.238351831608,37.147580170209
29.703422536849,17.841912665191,1.502214706129
60.000000000000,60.000000000000,60.000000000000
28.482471318551,52.662069125825,24.218290016737
30.177939587122,36.901443810803,30.575757200047
19.652554932589,38.940808976406,27.021300865739
1.383351523991,10.208969378636,60.000000000000
0.615308429681,43.996918422252,35.869600838972
60.000000000000,60.000000000000,60.000000000000
60.000000000000,60.000000000000,60.000000000000
60.000000000000,60.000000000000,0.000000000000
31.282753515563,37.594404081810,47.182737355417
41.353581073979,7.108876544863,7.763016838196
34.665239196526,0.364570799927,25.784433220491
60.000000000000,23.040527928464,4.748955396087
19.086091538177,3.559401497743,60.000000000000
33.250107269737,39.820781902111,42.419349220275
60.000000000000,60.000000000000,60.000000000000
60.000000000000,60.000000000000,60.000000000000
32.037679801097,4.539944689536,31.700273684909
60.000000000000,60.000000000000,0.000000000000
32.608416504080,7.114686695265,48.581091284653
60.000000000000,60.000000000000,60.000000000000
32.742832178786,15.305978845340,33.824790623600
33.153698744318,22.353162240793,35.203813759712
60.000000000000,60.000000000000,60.000000000000
32.296121653027,36.694847406314,31.688834413017
33.812851175888,33.550910457352,33.565229300803
37.510289133596,34.689300749664,33.334058491811
35.533880558356,13.882193496704,4.918525245970
34.529931456226,39.521961838698,34.736681184326
32.798458462719,53.000058654831,48.815699155718
37.317353737953,26.299300192990,30.427785282335
29.604852872524,27.469864978588,50.687977032648
0.000000000000,0.000000000000,0.000000000000
35.840488213997,0.428112551056,14.647553324308
11.791696911018,2.328189846228,43.600136687228
32.148784429337,43.158589066361,9.177427908187
40.549466530948,30.964906602619,31.888492246924
34.546567388079,0.357657126968,31.333870098322
60.000000000000,60.000000000000,60.000000000000
60.000000000000,18.916147465674,5.445218704131
59.607554030380,3.014084997204,33.497345602073
29.255769459760,19.234432594270,5.231581818776
52.062106229364,59.708381516957,39.131995793805
35.623389505759,26.038146007594,56.866820704546
10.692417658628,10.379450702360,48.518172867617
60.000000000000,60.000000000000,60.000000000000
11.392173609748,52.585347472034,57.950175401379
31.505254780754,52.930841502831,29.764816237632
32.664559474242,37.919382550170,35.706453174390
41.463017393470,8.103476368316,32.534550179797
31.131162229331,35.508283768788,39.496857640133
34.378564217861,18.308000371164,33.065172436231
60.000000000000,60.000000000000,60.000000000000
30.683043229733,0.119849840698,22.880210249977
54.679519798293,56.306792140648,3.988790740581
30.050942030719,49.284380845996,2.900892065828
33.627034299082,30.980162784411,28.165106596992
32.925553743541,59.798959224105,51.009275669277
50.035852415992,21.070401082216,16.123782632082
35.129473880593,47.265069142899,12.403840846444
60.000000000000,60.000000000000,60.000000000000
33.407127083165,57.932157421460,13.777602622219
60.000000000000,60.000000000000,60.000000000000
49.191702895220,58.171087161814,48.099670601073
34.413342798932,27.009216785230,28.908766513454
36.016899335095,10.299556658725,24.756105294080
26.211502017412,29.332623044444,26.058951229523
34.803730191038,0.378817043258,21.395183241506
21.237100558856,50.516938169579,26.401614796989
60.000000000000,60.000000000000,60.000000000000
0.000000000000,0.000000000000,0.000000000000
35.567719150473,37.989058541047,47.328569841828
30.288681263457,46.451690344263,42.234787409167
60.000000000000,60.000000000000,60.000000000000
33.744691689481,31.163609078145,36.467852035942
60.000000000000,60.000000000000,60.000000000000
13.732302818251,20.296627223226,51.965909009476
33.391130183484,16.841019489529,50.256906259715
45.817123350110,54.064795840531,1.801116724113
24.728315867205,44.186224030564,11.975688155414
36.211509025943,27.892521099323,40.510517794436
34.016963130518,11.017071499827,32.564882603607
28.187761897317,39.792533307615,37.131055825369
32.347817510105,22.512282501365,16.953155511813
35.034824722191,35.810834777891,36.798784350725
48.104328758641,20.047196786736,42.593464861876
28.497402506720,26.535805529144,41.001134912887
45.541615840120,24.616075227653,29.596611586831
60.000000000000,60.000000000000,60.000000000000
33.269210726747,35.115653996670,15.639036594451
17.823914452127,15.383653060742,27.967903113953
32.430491150242,34.349715736389,26.308148866487
22.105769792872,27.641443435772,34.985955262549
35.359876601848,53.718793687395,26.820170068514
40.282628405723,30.582323561786,37.695385381187
48.282901606620,5.112740420481,23.529376537414
60.000000000000,60.000000000000,60.000000000000
15.437525278931,24.804496708007,43.619525514844
60.000000000000,60.000000000000,60.000000000000
36.056409033066,23.078190594485,42.973573317563
49.697346229928,52.566312024262,9.676724683710
37.343768368805,56.401071711951,54.010772463536
37.432313959203,25.415234111637,33.052935902576
34.345228458224,50.337204864216,33.748445231894
31.830113134450,43.027685224510,30.462460567910
18.841595733240,15.215216770164,11.835749579325
60.000000000000,60.000000000000,60.000000000000
38.141711482125,17.614084026559,41.906745660232
39.945665756168,39.445469384806,40.717847674240
36.706967543871,12.472090322237,49.438743691998
60.000000000000,60.000000000000,0.000000000000
14.605703258983,54.985466180089,15.123839115361
44.831025462996,30.534376390709,33.449141752274
60.000000000000,60.000000000000,0.000000000000
60.000000000000,60.000000000000,60.000000000000
50.777182491222,21.955234225376,29.666682628156
43.281897191039,30.347469099988,24.898059045544
2.282986990988,21.447883537154,19.692548387302
40.173261433504,27.716718638588,19.137501108750
60.000000000000,60.000000000000,60.000000000000
44.326513320436,23.917354311680,39.020307635946
40.108930238888,44.695436887630,5.027027204086
39.457352840919,27.450866989669,28.212260577325
35.387473732198,32.701452916005,33.442156013111
39.916649242955,25.854676700980,24.037025126925
28.731493438576,41.569153801267,18.654425708173
38.226215481370,33.045752531562,36.924465288343
39.766639176208,24.333010906649,21.714769960936
16.348783741720,29.389079433265,16.053187515608
38.280887468373,1.633272229306,22.922256437836
44.423048359824,25.486285548254,26.600772804382
31.334250851513,1.455144197998,46.448695328156
40.449748232834,36.381472413828,27.241541206352
40.088302031164,15.538928664341,31.679649777329
40.903784339413,40.380590297571,33.899398019971
60.000000000000,60.000000000000,60.000000000000
60.000000000000,60.000000000000,60.000000000000
60.000000000000,60.000000000000,11.971040599966
40.442778726630,31.873403242965,27.478998715172
60.000000000000,60.000000000000,60.000000000000
0.000000000000,60.000000000000,60.000000000000
44.376294994226,14.485137367980,20.087148996054
60.000000000000,60.000000000000,60.000000000000
36.072796840509,43.041497100278,12.798089083920
43.801667586961,36.557652056707,48.200957185585
38.263340524381,58.197653307080,0.387923614588
60.000000000000,60.000000000000,60.000000000000
60.000000000000,60.000000000000,60.000000000000
60.000000000000,60.000000000000,60.000000000000
36.700779171184,49.053229512198,29.609756585725
60.000000000000,60.000000000000,60.000000000000
36.061230238342,28.847061381320,37.460172630430
36.426325649521,21.830110882576,23.693997684360
41.159492342274,57.108912992114,18.100141083768
35.742961313088,22.889375426168,19.805674220537
37.696636276634,37.454729553421,12.065812001602
16.299809144024,50.150761667464,46.277988770984
48.613941037308,40.581745934028,48.479910809106
36.968206353280,38.275397334540,21.195790349028
39.120800707915,36.958079540101,0.034751871005
60.000000000000,52.412415546938,60.000000000000
38.941994008909,17.297093180089,13.363282319579
44.120854999696,32.632954540135,52.447600773117
14.519228653962,6.269894470879,36.144550090579
60.000000000000,60.000000000000,60.000000000000
36.854456986336,1.604036057552,2.166376129115
60.000000000000,60.000000000000,60.000000000000
38.705348173203,51.361038759990,56.990055716484
60.000000000000,60.000000000000,60.000000000000
37.720488641599,10.772948644386,46.698478835899
56.985857447142,16.935676158947,23.184210370994
37.513577844766,19.915033006692,53.449232336343
34.187125345999,41.086374107842,30.872324664687
33.683384313266,18.230250765573,23.728000088128
60.000000000000,60.000000000000,60.000000000000
39.682898898878,22.128400901587,12.613223343052
60.000000000000,60.000000000000,60.000000000000
38.026366585107,39.664311390882,18.050685082928
36.168645465019,40.243347034241,28.173781960288
39.452162195987,16.851447429194,29.848319643811
37.314659371180,27.340374052163,25.686598822733
37.772649925284,51.662316916713,16.807046268979
39.535519481957,36.439700417503,37.064791332703
38.093671072719,59.162159607974,7.954122715584
60.000000000000,60.000000000000,60.000000000000
36.681005776118,10.669966452141,54.647178897828
60.000000000000,60.000000000000,60.000000000000
39.924312943529,14.809941612470,35.001030390967
37.376419324515,35.644409929916,17.557189261712
36.982612118478,12.597505245222,17.616599886266
0.000000000000,9.320088803877,60.000000000000
10.656246843146,20.352790564930,33.800121867633
39.123298201238,36.552125934229,34.234862943485
60.000000000000,60.000000000000,60.000000000000
40.887551554260,3.771737915190,12.265890279776
38.377549933789,38.709301850575,51.390074971599
38.904833811435,23.519049192394,38.799395841450
2.170094871983,10.033007156864,19.136760321120
60.000000000000,60.000000000000,60.000000000000
60.000000000000,60.000000000000,60.000000000000
38.002324324433,29.773823655557,25.595477260942
36.904499303189,0.026289524396,19.285561396769
36.677179185993,39.752608880192,34.249483846005
38.041025267342,8.995628807677,12.182079634059
60.000000000000,60.000000000000,60.000000000000
60.000000000000,60.000000000000,60.000000000000
30.602902928784,32.126311956443,30.234225443098
33.172614785927,26.355488878143,14.281218693510
43.378459938577,33.204151749438,19.815873992159
60.000000000000,60.000000000000,60.000000000000
42.409025281492,33.615796842066,40.342718674829
40.841360534086,57.450463387459,26.331320372227
29.193880341800,18.081672582333,60.000000000000
42.210059426914,11.801187426620,45.875666789706
43.199936160263,36.160251580457,22.095460319596
41.862845877314,9.585532341812,37.310435585705
60.000000000000,60.000000000000,0.000000000000
1.022259059132,60.000000000000,0.000000000000
39.772013798826,36.368550253789,21.723783697135
60.000000000000,60.000000000000,60.000000000000
45.611794902047,25.241515386683,32.971068232501
42.787804780441,14.954438658669,37.218613341945
26.820530298607,20.059406251686,28.700804425107
38.666256611914,42.852518951354,37.262513706885
33.090153093170,34.026688597248,55.406562767306
41.511306806973,50.084536372881,4.484557529977
60.000000000000,60.000000000000,60.000000000000
42.926063613494,29.756632359030,3.915693839378
60.000000000000,60.000000000000,60.000000000000
40.829692504543,8.342176410866,56.071354944882
40.725282681863,26.546374392385,37.522777516710
43.813394191253,35.483506420918,16.458431190018
43.627461149467,28.298484645885,25.022293567661
42.775867311613,30.319505128879,48.609268023550
41.720392169154,35.148507011541,37.053981530262
41.942336701347,9.484069254588,17.851895700825
15.252760933972,32.446129337591,7.657996058676
60.000000000000,60.000000000000,60.000000000000
60.000000000000,60.000000000000,60.000000000000
42.475302069767,17.555423885676,46.039797069730
53.989294940525,13.709026485140,35.663368570514
42.692241128609,17.525223377187,39.610805206321
41.541039479737,23.274855737147,34.236697616897
41.730055273283,0.028011577502,28.804119331635
55.313623702001,18.383900026147,38.037156205124
42.856237336466,10.198186272650,22.368388261579
41.805566420945,23.475673539608,24.758832584693
12.962692649334,53.807220895244,60.000000000000
40.533530606814,28.775714229009,23.870284317156
40.784523183137,13.945281749342,13.792518159536
39.372161260230,21.580639821489,28.209083234004
43.178945172101,36.384945312154,49.164896422850
60.000000000000,60.000000000000,60.000000000000
22.818172386241,7.572123985609,11.616026879083
60.000000000000,60.000000000000,60.000000000000
23.272816022982,22.108635427516,23.308220994947
31.728132474181,23.522296866205,58.468193656685
38.655747136811,17.264350506325,16.433163876636
41.363699267380,31.142586346856,28.962200693188
60.000000000000,60.000000000000,60.000000000000
41.728483407611,24.453714026375,38.523085402811
41.564158308821,35.428132216331,13.214406991138
57.487714649999,27.660009073557,47.081297525999
13.555878840098,60.000000000000,60.000000000000
42.964396311236,23.338688773081,35.506824419044
44.709176427978,54.057239524086,39.281597469366
44.771419598259,19.949462331166,18.947312100512
20.024273208497,39.281205059412,0.428879238626
19.657973555833,60.000000000000,26.628255532735
54.850974430326,59.625552471417,33.602374758564
40.671416281308,36.701579704916,32.679510048847
41.678907860620,7.811564041279,45.254139232436
31.396968452680,45.387735403281,48.951485977580
42.562935215144,16.566370922718,3.053818378225
37.701791982184,25.904058041334,29.798729023520
42.887317178122,12.335702553115,52.785192776148
43.856784507641,16.522888950443,23.483470272574
16.236924033616,6.488117260327,34.321555691085
43.508211402845,30.871492128578,35.375877684711
38.019922314967,50.195564722925,39.475730951248
47.641835603951,29.710243147258,25.860935633584
60.000000000000,60.000000000000,60.000000000000
41.913561585319,34.395592872877,34.967340202602
43.352572723570,34.756323442650,57.715732246296
45.430280167790,33.469480052199,29.859877702098
49.685765940238,58.701622081028,42.669900862615
44.221199188013,30.277785057881,37.369063963612
43.608581891309,41.149177394569,40.046693361488
38.144920587424,21.882382382082,22.395065444562
39.651666353378,50.939341843626,18.163927923906
60.000000000000,60.000000000000,60.000000000000
1.722176742856,13.714592720083,27.612553767877
41.445942457521,34.488195265500,25.330558353264
41.340620996639,34.611671580236,30.352703347501
60.000000000000,60.000000000000,60.000000000000
43.729759921220,25.291306716642,5.202898711862
17.341345587582,32.655990143001,57.066763896633
41.495558605162,21.987978870010,4.247483560508
38.631557979579,18.960980122649,24.911648170940
43.090390463727,33.845182872375,5.375269121021
60.000000000000,60.000000000000,60.000000000000
39.948556924393,5.434128108277,47.738836931758
37.596304787652,29.844333500746,50.143434218343
42.670573659070,20.636231635650,42.457194563519
60.000000000000,60.000000000000,60.000000000000
40.790588327466,4.067635328487,33.366309621503
60.000000000000,60.000000000000,60.000000000000
60.000000000000,60.000000000000,60.000000000000
47.810205371582,30.274129872443,20.974930725093
60.000000000000,60.000000000000,60.000000000000
60.000000000000,60.000000000000,0.000000000000
60.000000000000,60.000000000000,0.000000000000
19.506736139258,36.499556538770,4.122263129995
60.000000000000,60.000000000000,60.000000000000
8.036685445684,7.405553273321,21.795679241485
38.596451817355,32.769380615498,42.112829319774
46.507121673050,39.074083488486,30.401561714251
60.000000000000,60.000000000000,0.000000000000
60.000000000000,60.000000000000,60.000000000000
44.808980853395,49.321808681621,49.625336020520
44.839035165271,25.461638086347,43.728427274651
45.576895218500,45.389492623474,9.329452517212
51.051808991801,27.293594570850,15.592759266414
46.739714502870,50.788473885094,36.911833816648
60.000000000000,60.000000000000,60.000000000000
44.856114188143,22.900152197523,23.773507809576
49.328658207032,21.234775990492,32.205762780351
60.000000000000,60.000000000000,60.000000000000
48.701164504103,24.363092754989,33.222674576397
45.066534006539,15.600498249797,29.802581831677
49.176780460932,7.468100087148,15.919544460119
45.769362651526,5.509468454646,54.680550827668
47.820234675761,21.289422626025,22.045442818586
47.738235389024,46.785959192528,5.840019511846
47.156725262003,38.692491248941,25.879876938414
60.000000000000,60.000000000000,60.000000000000
60.000000000000,20.760737477422,6.257613639432
39.285198963040,35.786676790154,6.870595766255
39.311147504560,19.202522960789,37.741141678828
44.705534522252,15.424370341100,12.944435002374
17.971282796481,58.537129028496,19.176320669666
4.057759875321,14.673583958500,56.816271350470
52.864634810425,20.165210209233,54.411220834218
60.000000000000,60.000000000000,60.000000000000
49.939225503905,24.004312422912,31.513274644360
49.253073987768,26.583309314797,47.127611635617
42.554080013599,33.924472294275,32.689003862022
44.850510112257,48.336366183234,29.866117950238
56.588983739708,54.528994211363,51.985052480752
60.000000000000,60.000000000000,60.000000000000
42.247104972529,25.991704803351,31.562846077405
45.800560838799,41.821585010165,0.204928724803
60.000000000000,60.000000000000,60.000000000000
47.835600456250,4.639123204457,21.915785405036
34.778800063211,41.422622324261,11.239554323341
49.257656172274,17.481733056640,27.085944367074
43.806341234187,27.822202019056,21.502410516375
46.144113938215,29.513991299538,7.497178820907
30.806497075202,21.354733164099,5.944657996711
47.159783151599,16.362505443749,35.065092655597
45.277291692620,42.488646468448,16.870802256887
48.025731198392,53.436819433040,14.592289605450
8.406259409051,41.250977119015,45.584277314037
60.000000000000,60.000000000000,60.000000000000
44.123719575663,21.467495838202,27.568839556369
46.570011660236,44.453179282290,16.274202029266
44.178712138979,36.504725420067,36.874487557050
47.018903608608,33.108586644672,6.491983087365
43.973505713985,38.123654289103,27.204297951502
60.000000000000,60.000000000000,60.000000000000
52.417983262907,29.399165128770,35.307527571156
47.130953863947,53.161040288785,44.171932226982
52.370701205480,38.521087920054,35.469459163451
60.000000000000,60.000000000000,60.000000000000
43.817891386265,19.070026330331,31.808700782515
42.496922215923,2.356338424086,24.450308794512
39.206877101502,30.156432015104,41.836182669322
50.012559092368,5.813987919218,24.166991917768
46.710370493799,28.871787045647,35.100052911040
26.076256807244,49.316123026448,35.015825929046
45.050899415058,25.753100477335,35.958724842008
60.000000000000,35.267059811718,9.729082072870
45.013719151856,34.382635187784,40.924485106182
35.284879075213,13.293790231350,33.233520865071
49.259942609902,44.730969223319,30.239141235393
45.339347447177,11.695966280523,58.333746840868
60.000000000000,60.000000000000,60.000000000000
43.871192522186,10.171839673802,48.693629192518
19.547312700755,35.721605019081,47.851352337075
60.000000000000,60.000000000000,60.000000000000
47.076876330633,36.700232871347,26.652103843724
44.493523671472,26.765734691234,47.029707736189
49.212476761779,32.693121033158,30.870621144689
44.432850236855,55.751740591847,32.523087154460
35.629878277105,60.000000000000,53.938241096165
60.000000000000,60.000000000000,60.000000000000
60.000000000000,60.000000000000,60.000000000000
60.000000000000,60.000000000000,60.000000000000
40.385566832362,40.733765588277,40.880924186353
44.948701232679,39.242091010517,46.816680608332
46.568019499304,31.045676336685,37.862072610553
50.425943609009,38.228191113762,18.312502283387
49.022623378734,24.034592455445,37.997780670559
60.000000000000,60.000000000000,60.000000000000
44.787494479487,36.510187609213,31.487372408637
45.863979750222,53.255313701989,40.462817455579
46.004850735578,38.951241706897,33.148839412295
54.018540174240,47.196698255037,11.499713958451
60.000000000000,60.000000000000,0.000000000000
51.012441351603,15.624461741128,44.807721452412
60.000000000000,60.000000000000,0.000000000000
44.827609147407,40.296962223222,28.027052401633
47.471328353766,38.674012102300,22.394089029428
54.633925258532,38.539331907982,22.427648694555
52.025021606715,34.313763321151,28.175443182855
50.312141026325,24.033788875681,58.241092605293
27.279216357424,7.620613841328,55.575711603482
60.000000000000,60.000000000000,60.000000000000
48.655859266292,29.196517597929,19.707441119124
48.933899040804,3.054773485561,30.008880204951
49.395519418390,17.721418754438,31.091274043493
48.693446639680,15.119024973259,41.555895993471
2.047573757060,49.138271896046,43.913451652406
51.150028109761,0.048745275137,42.305088461954
49.224652534859,36.599236471678,36.366239061945
48.030880768949,2.628553229579,37.157155658105
48.767471823864,11.147243475425,57.855577876881
27.928578863495,21.294714528363,40.944690403376
51.981656251222,25.376322992074,22.382676130656
49.845877872356,23.455836398038,14.061477923329
6.643142440557,53.133192428406,3.028112400545
60.000000000000,60.000000000000,60.000000000000
60.000000000000,60.000000000000,60.000000000000
53.907622769390,0.266395610764,23.489862879465
43.389774270150,32.939568046633,47.501471820902
50.984687196197,18.947974176492,25.708949791823
52.042141154928,39.510721957047,31.618429869976
45.724184242816,6.795048827621,23.982768723919
54.664943510767,29.249902397070,38.545343570715
48.319205964144,8.763756044212,30.804428635751
51.403440214417,40.549933904452,24.137619311527
41.704354906421,7.153373874701,25.940291711690
51.886890640637,33.308106728241,22.792876975042
51.090910319539,34.122620529754,0.223110403003
60.000000000000,60.000000000000,60.000000000000
51.777361425332,33.630471905808,6.008739869095
3.755070920552,55.005991275229,35.143955502079
60.000000000000,60.000000000000,60.000000000000
60.000000000000,60.000000000000,60.000000000000
49.097176401069,3.619617577104,42.395594782749
20.348825433536,60.000000000000,38.561825451507
46.849518329444,13.124308858809,50.293574120752
51.163693310068,37.053364056258,29.483519490125
51.695861594032,46.247157756954,21.635331621650
57.589238072217,30.255540279463,14.982283573968
53.976646070934,20.084018492670,36.679407886660
54.656893611376,29.944555310499,21.843996576342
50.129714899153,39.850430399845,52.663584690674
51.456814861397,20.306979806706,36.750303036221
51.552453211156,4.682061492682,21.819863430225
49.985268746995,21.723100145789,29.207797510425
50.175277084768,12.854113659022,13.054804196963
49.326854717668,35.401053786763,25.327948072484
48.433222836681,46.200025966826,4.096620671935
47.786330016154,38.485147050174,40.061769283095
51.909128302130,35.672290432169,54.295957993625
50.986821908023,30.959950453827,33.194175703096
60.000000000000,60.000000000000,60.000000000000
49.598068587224,41.025470749489,22.461771695083
52.976404738290,10.015738226775,25.077067949255
50.859862155334,34.706816689457,36.976643371399
60.000000000000,60.000000000000,60.000000000000
34.364190274513,14.737462237679,0.000000000000
51.005535170915,16.629422670806,24.906696327625
48.425868870605,20.261225835622,21.321098042176
60.000000000000,60.000000000000,60.000000000000
60.000000000000,60.000000000000,60.000000000000
60.000000000000,60.000000000000,60.000000000000
50.975773283181,39.632678528126,40.317520535836
49.056303015037,55.533902493080,58.546738340089
60.000000000000,60.000000000000,60.000000000000
49.446236419976,51.950797000258,36.281650785934
33.521193037390,5.238617252260,22.931390951227
52.321947761197,52.468019250505,38.701234141372
46.660471906938,28.297363312182,30.642560324591
49.547470459965,42.282234303035,0.847602265966
42.021422603805,40.827012232458,11.248775462012
57.630259121784,46.389287432762,39.551567549595
47.815109247513,24.059704248270,10.403080763257
27.311604924599,44.748128581776,41.297575586208
45.397148633544,50.628414455899,13.143188839706
49.802898933659,44.205473694975,53.800617794414
54.175828503636,23.584663812226,12.763471534497
50.053512639451,15.940939173429,34.002512162604
51.746330430656,23.326643368347,40.018832102025
48.986833601908,58.797390420100,49.604373530552
48.206661990437,27.679466368271,24.635006821144
50.639394773985,6.810654137102,10.049577514354
44.869198563338,38.758369681623,24.866149137043
46.130763174325,39.087274953363,31.096513486006
60.000000000000,60.000000000000,60.000000000000
52.199016227101,24.829769804412,31.819636186756
48.474346726560,34.313223885521,20.119418283368
51.371965031811,42.187268468448,41.234102627712
46.178932485841,31.105757670579,31.969893881424
50.347485421482,41.248056765601,45.230232682438
48.851879253826,34.566672076838,32.879038912534
51.205481744872,41.743311854114,57.238847520120
25.343486925482,33.235670683018,8.029512936983
24.133299093797,15.556045020265,57.086887382227
60.000000000000,60.000000000000,60.000000000000
56.192580605663,23.140716109193,21.729642962726
58.054909165934,21.516372584598,34.137545751397
55.110667802668,19.196910787025,44.643660913074
53.614007709357,35.263276137953,27.580681873466
55.453179183506,1.404349035868,8.763737180627
40.435808728113,60.000000000000,10.409865636816
55.817229163757,35.298078430250,29.768940013051
54.091323048540,36.065349318277,19.923305214011
52.956825984714,17.819863761598,10.499874724326
24.770940102238,29.633158729603,54.021808716614
60.000000000000,60.000000000000,60.000000000000
60.000000000000,60.000000000000,0.000000000000
38.099251755811,19.707102562951,42.612515921287
60.000000000000,60.000000000000,60.000000000000
44.757234591792,3.703994203467,43.328376564532
60.000000000000,60.000000000000,0.000000000000
55.138795241857,45.614430805474,7.788101360284
49.341219456079,27.260614114688,22.253905582473
52.634836707587,30.717897971131,37.595106489785
33.242679272554,18.095456013069,27.768093493593
53.957727692461,5.553373187239,11.699272769517
51.553426736831,26.050678191037,36.663969861546
55.421124876695,17.532032523178,40.152236112406
21.368598305086,24.737520832228,56.701142902030
60.000000000000,60.000000000000,60.000000000000
56.120735806549,30.840523496017,36.938995216067
53.551704372352,16.628954149431,54.084724398746
60.000000000000,60.000000000000,0.000000000000
20.542780695009,21.972223264787,60.000000000000
60.000000000000,60.000000000000,0.000000000000
60.000000000000,60.000000000000,60.000000000000
53.680454472859,36.739563511685,29.460718306055
60.000000000000,60.000000000000,0.000000000000
50.330087862149,35.822681534274,28.204648348103
54.923603144420,47.294782953880,27.602478579132
60.000000000000,60.000000000000,0.000000000000
58.721286855595,47.547581085706,0.412525694998
60.000000000000,60.000000000000,60.000000000000
52.325159977186,26.765419373791,28.078842002522
54.333646305470,41.430427663772,21.133806803044
52.786337302490,51.738338842647,23.533687784121
60.000000000000,60.000000000000,0.000000000000
59.296128170072,30.808988813542,18.554979342853
56.019242973905,23.389080924776,27.943757934482
60.000000000000,60.000000000000,0.000000000000
44.242557814772,17.813419747129,39.997769977077
54.317418708631,49.724039880727,37.553404942251
48.142197754142,18.050643538726,34.058739440212
60.000000000000,60.000000000000,0.000000000000
53.332214627145,23.454723513045,25.972595334480
54.377620817016,31.602180038565,12.647013342303
55.284350233383,34.256972684829,35.514911710934
60.000000000000,60.000000000000,60.000000000000
52.867034357239,36.245256284127,31.367924866672
60.000000000000,60.000000000000,60.000000000000
56.806747631751,28.109944848825,25.138431602948
54.878232195976,14.630622417505,15.989017640528
60.000000000000,60.000000000000,60.000000000000
54.672861689421,23.266321602477,48.247858860513
51.407266107064,40.645656895003,35.927456810968
22.194952248259,5.260726188359,50.342152677474
56.401320952938,27.142007131384,30.627909292796
55.106579353120,16.212567240460,5.692530515925
54.922082580369,38.419145256492,28.215401304566
57.214838412095,43.763242695195,55.498129856421
55.976194244761,39.239451553934,30.858130690521
55.594286783400,10.837161831522,9.414855686168
55.020827755758,23.181559668838,20.461710190337
55.592186842743,27.387631458165,8.055277426677
60.000000000000,60.000000000000,60.000000000000
54.173330950366,32.170426792020,16.231921901228
4.784415437420,6.008542005631,31.864330438306
60.000000000000,60.000000000000,0.000000000000
60.000000000000,60.000000000000,0.000000000000
54.042690912295,12.702348900875,2.630647543995
60.000000000000,60.000000000000,60.000000000000
54.518253876611,59.994439130808,55.753842325654
15.033072384831,11.710759111062,2.940452937655
25.452891852098,19.689513586510,34.005437131270
48.132115192465,28.197907400945,21.654381413068
48.165216734511,3.656659731007,59.904376710704
60.000000000000,60.000000000000,60.000000000000
60.000000000000,60.000000000000,0.000000000000
56.146348600589,35.263325853408,25.445560718500
54.616026510929,43.192681325350,45.638225673882
54.352677492106,20.382852285479,41.885753088394
56.987322329248,58.847077307169,41.897949676730
26.302185350105,60.000000000000,30.464712712389
30.511164453178,57.281383156492,2.047750223495
60.000000000000,60.000000000000,0.000000000000
43.480367337297,4.544605803361,3.874001043112
52.430070965147,26.161820267881,23.809897153626
60.000000000000,60.000000000000,0.000000000000
60.000000000000,60.000000000000,0.000000000000
54.563753314128,29.585184123821,50.689984763956
60.000000000000,60.000000000000,0.000000000000
60.000000000000,60.000000000000,60.000000000000
17.396486418153,23.052356775166,49.367774245244
58.130578241003,34.348389436926,43.506907421331
28.245637973496,60.000000000000,53.517123574357
59.658662590395,49.380043568197,26.746180275343
36.493521429142,53.950214426428,18.498326005257
55.800846172935,1.646060085997,1.674751537318
18.828847854064,42.102490437368,43.465811735351
45.451594704778,44.841984275971,28.179958919935
50.372976176240,36.575923532179,42.703416177991
57.799214677132,14.889403598000,0.405719926231
58.016811477718,20.404987470252,17.875272327926
56.251915744185,33.939524035025,49.596644487905
58.624128707725,26.299684223193,29.619459462053
57.894644938798,14.996458379521,44.202642230629
60.000000000000,60.000000000000,0.000000000000
5.843945466768,12.282726967953,58.072565853322
58.570457205776,26.515353727370,39.164646567589
57.811247093697,13.919544285565,8.622134059810
52.532734592639,5.743059726444,56.714538664253
58.037949327678,51.346655371870,48.803679529513
58.356905606831,39.268754199950,39.260006225962
56.549019506007,36.747359778639,9.859511155092
28.472232053124,60.000000000000,60.000000000000
60.000000000000,60.000000000000,60.000000000000
58.551603503559,16.104826623440,40.072630987054
36.769736178006,50.417575246371,40.911194149371
4.703652537627,48.562016328657,51.850159392267
56.305079716221,2.112190386192,37.088232192336
59.359079650468,21.592784116284,21.444229836550
57.528700642676,55.925699398455,22.524984020807
60.000000000000,60.000000000000,60.000000000000
57.155720984126,59.556411902355,14.140922052785
60.000000000000,60.000000000000,60.000000000000
41.823914360369,37.154247932374,21.223358920763
60.000000000000,60.000000000000,60.000000000000
60.000000000000,60.000000000000,0.000000000000
3.943776900521,49.686214557035,17.071516843232
57.449924022205,57.065488192014,48.916671613406
59.326168511014,28.158043633871,30.595860962739
39.034799767244,50.373990221896,39.332579002973
54.660921458880,33.168110395803,23.620852622932
55.709102939764,52.183277752846,11.566047304090
59.891318685218,32.027940235759,25.851812100205
60.000000000000,60.000000000000,60.000000000000
54.102709529553,42.317799857871,31.097173802876
59.139920665617,9.015912642084,21.088536299094
56.022981463084,27.576047298216,19.328963818122
44.243818978014,60.000000000000,60.000000000000
60.000000000000,60.000000000000,60.000000000000
49.728928987469,22.260684438590,41.398598606461
58.012375578096,18.558444211475,37.163227198213
59.301931650841,45.249586108906,57.611972677907
58.952567165601,39.092197827644,33.488948224040
22.240870887624,28.346947397007,19.643414722952
45.939376203413,31.549071384901,17.047678595990
19.752584245229,16.258795345761,30.257106454040
56.432132898964,33.458751489596,26.944822986408
57.458298592443,12.227502818653,25.223912378377
53.908082590055,28.020648734809,44.042623083330
54.754583886196,2.142929154431,49.268416519144
60.000000000000,60.000000000000,0.000000000000
55.991318390884,45.987538626467,25.599190357924
25.758270997447,54.519008389059,28.541508090483
58.878378654174,11.199384470312,41.707314890966
58.493445213313,24.816532620233,36.123132074645
59.592786058108,15.873376106611,48.027121390863
60.000000000000,60.000000000000,0.000000000000
54.861618019341,35.308915058281,34.593821962947
60.000000000000,60.000000000000,60.000000000000
40.927477436705,60.000000000000,0.000000000000
60.000000000000,60.000000000000,60.000000000000
57.708424059043,59.078152800609,18.997498991318
48.942349103161,4.615141525272,30.212921471322
60.000000000000,60.000000000000,60.000000000000
24.943792773590,47.711506594700,40.955655494806
58.768820253969,2.484065289079,22.615377547457
54.964355246081,19.261897040758,31.615110075052
58.061907921595,43.114659580525,4.677540830368
59.599676477812,35.395712605922,31.229914339148
57.619763850881,26.035559334987,0.982208063372
57.455417474206,18.899388519069,31.665203303720
57.862065617007,18.658370783472,24.940052104915
54.438614536938,35.801122654507,34.554268935310
58.690634783987,23.584836486967,10.585833741836
55.773621668246,31.193255818705,21.620288756257
3.368249826755,4.203618275069,8.378646316863
21.925942533207,21.552383245604,11.878982840367
60.000000000000,26.706897006106,0.000000000000
60.000000000000,60.000000000000,0.000000000000
59.681989642864,53.964775830778,8.471151688600
46.275941038404,3.421217041164,37.147813049790
58.869030852265,54.550476129508,50.558139243490
60.000000000000,60.000000000000,60.000000000000
39.151553803435,26.791296948340,28.472225436492
60.000000000000,60.000000000000,0.000000000000
60.000000000000,60.000000000000,0.000000000000
60.000000000000,60.000000000000,60.000000000000
50.480522528696,9.712895438330,36.968253231784
40.630192308574,32.258639116628,7.248664011481
