x,y,z
35.657433190151,11.671228483911,1.542535286261
7.293663733137,34.505988565769,33.601728902564
1.909061390036,20.415847970141,54.961046149608
58.608587646597,48.913082743252,33.465020951115
42.949175829949,0.593260592623,18.624592028014
60.000000000000,60.000000000000,60.000000000000
19.043983393330,10.265114143286,28.410056482857
2.687309689996,33.776338407624,33.890948785814
60.000000000000,60.000000000000,60.000000000000
57.923326309246,7.978089230280,53.934876440468
7.635223506194,34.637028119414,41.446601205836
60.000000000000,60.000000000000,60.000000000000
2.124045059578,11.111110941257,44.803289360392
34.600545183714,55.519184209557,49.549185944089
18.635310908160,51.316095471106,11.511002741586
60.000000000000,60.000000000000,0.000000000000
6.854953711953,9.648792165815,51.379682119621
41.965306857376,28.038259541138,34.721483018790
60.000000000000,60.000000000000,0.000000000000
16.034351971147,24.680111091554,42.415664287152
60.000000000000,60.000000000000,60.000000000000
1.261376129252,32.357639569201,19.715875751744
7.583012445592,56.769112953909,17.873822666162
22.137901416990,29.529412586225,51.467130729035
3.808439842332,34.554001844410,51.891896727482
40.101015988710,15.026730900636,9.186711148220
60.000000000000,60.000000000000,60.000000000000
60.000000000000,60.000000000000,0.000000000000
0.328196791728,58.394675220743,36.759125956009
8.869515113522,5.801300291411,53.309373758619
0.444418030638,45.985515795182,44.930161740863
60.000000000000,60.000000000000,60.000000000000
2.940261800288,4.344910887625,2.898298046322
1.271087741173,37.812095971879,19.316565857373
60.000000000000,60.000000000000,60.000000000000
60.000000000000,60.000000000000,0.000000000000
60.000000000000,60.000000000000,60.000000000000
7.019562457692,20.912621843738,34.459750962195
0.962608925019,10.470597167969,41.461748473313
60.000000000000,60.000000000000,60.000000000000
19.416313837931,45.014488367447,12.551022926367
60.000000000000,60.000000000000,0.000000000000
2.439376047947,21.655538268662,28.995866690251
13.766299104069,27.180914298033,14.646340362046
49.339208572989,16.781388984211,37.318381521591
8.610358975864,49.721285548868,28.756226683862
46.421075976618,22.248057872008,19.051669762000
22.730369930076,21.708199116951,40.012800440810
49.797870018990,57.230573017526,53.126007828111
60.000000000000,60.000000000000,60.000000000000
1.839778594643,37.471121129083,49.778372333360
60.000000000000,60.000000000000,60.000000000000
3.699563933564,9.603535118396,52.145955654445
56.024380585824,37.084147557630,57.076686583282
26.596079205970,0.671058114245,9.837367351266
60.000000000000,60.000000000000,60.000000000000
60.000000000000,60.000000000000,60.000000000000
0.000000000000,60.000000000000,60.000000000000
60.000000000000,60.000000000000,0.000000000000
15.971635451698,8.713949725534,26.964556671454
60.000000000000,60.000000000000,60.000000000000
34.592317295184,34.236038959133,42.467067597678
60.000000000000,60.000000000000,60.000000000000
45.051526322368,59.435376223307,18.923988517658
3.150468002642,37.370521212602,55.990625557689
0.000000000000,60.000000000000,60.000000000000
47.617690844877,16.485189007114,9.593093151322
0.398957145662,23.423040663903,4.583698232293
3.413149042269,58.166525156782,35.305886123153
60.000000000000,60.000000000000,60.000000000000
60.000000000000,60.000000000000,60.000000000000
60.000000000000,60.000000000000,60.000000000000
60.000000000000,60.000000000000,60.000000000000
60.000000000000,60.000000000000,0.000000000000
43.900037323283,8.278307719910,56.418136092424
60.000000000000,60.000000000000,60.000000000000
60.000000000000,60.000000000000,57.107069403541
60.000000000000,60.000000000000,60.000000000000
21.023755304081,17.579130899771,23.111778057330
60.000000000000,60.000000000000,0.000000000000
60.000000000000,60.000000000000,60.000000000000
37.203521798353,31.350069675672,0.997844885199
7.916225818860,37.761272218006,6.485481311413
4.428806244465,34.412216595212,16.053723142042
4.033836485390,25.711345350530,52.005753587831
5.135683398299,37.833862667106,30.460964548330
35.547345446307,16.836622382929,41.053412590535
60.000000000000,60.000000000000,60.000000000000
44.752564962019,14.392183811671,51.010298433098
3.846262530662,40.600718344839,35.178979640888
60.000000000000,60.000000000000,60.000000000000
60.000000000000,60.000000000000,60.000000000000
60.000000000000,60.000000000000,0.000000000000
1.030812089126,21.996757434655,28.942090210138
1.644611253354,18.008082501698,14.508607940235
60.000000000000,60.000000000000,0.000000000000
1.701021906279,23.763007792669,42.541570823645
0.425940771749,18.428583220018,32.058167140485
2.189647260460,55.438687957569,39.154669855518
53.889520925986,29.560801680542,39.164006337567
6.682287497529,55.325236905290,36.258547033202
26.556603544546,33.075731311914,51.595875556230
57.393082106565,55.766830197634,32.588780061137
60.000000000000,60.000000000000,60.000000000000
49.246984676593,60.000000000000,60.000000000000
60.000000000000,60.000000000000,60.000000000000
60.000000000000,60.000000000000,60.000000000000
19.832719227733,50.167530425464,36.331154891979
20.106757030084,30.783060523946,4.588799737717
60.000000000000,60.000000000000,60.000000000000
60.000000000000,60.000000000000,60.000000000000
60.000000000000,60.000000000000,60.000000000000
60.000000000000,60.000000000000,60.000000000000
18.169451364919,29.296413448014,35.568536047559
60.000000000000,60.000000000000,60.000000000000
60.000000000000,60.000000000000,0.000000000000
60.000000000000,60.000000000000,0.000000000000
14.562782074264,37.332164973839,51.417083599886
36.530842084804,7.446206345237,24.776935539769
4.314021643473,39.009425596220,14.165078890459
60.000000000000,60.000000000000,0.000000000000
60.000000000000,60.000000000000,60.000000000000
35.856868522280,21.424686772568,44.866363751981
9.536564556865,32.602890137137,26.338954270825
60.000000000000,60.000000000000,60.000000000000
60.000000000000,60.000000000000,60.000000000000
17.826874652066,21.322546885669,2.039828955171
8.669185817729,33.554430347947,39.905592246095
6.196864503882,10.872217625831,9.175862891824
47.685206196881,10.004435371545,57.972728573052
60.000000000000,60.000000000000,60.000000000000
2.347542105644,28.151771376332,33.785893900423
19.740488784412,10.578000056017,38.066719450775
11.970114524375,42.334307257741,25.071457051105
10.570589845457,50.321293915682,8.547134723764
60.000000000000,60.000000000000,60.000000000000
60.000000000000,60.000000000000,60.000000000000
10.760456651001,60.000000000000,60.000000000000
11.142883875416,11.552086695080,2.967004618729
60.000000000000,60.000000000000,0.000000000000
21.106706638579,60.000000000000,14.535055312773
33.552862372580,50.509867741385,10.480741353181
60.000000000000,60.000000000000,60.000000000000
1.479038767201,29.642667504052,22.466606838048
60.000000000000,60.000000000000,60.000000000000
31.259877287210,54.859870374761,23.700041552774
11.706424385675,10.156600806503,26.869036039422
29.351221342546,10.155334791126,52.593356171901
0.547309216057,30.037604552769,34.115198244622
60.000000000000,60.000000000000,60.000000000000
5.824613574735,56.374000305844,51.510572439644
37.190910363439,41.226696235874,26.653103861035
14.122183482994,26.295463307601,59.148003581967
14.017062290180,17.692141813778,17.281569728049
60.000000000000,60.000000000000,60.000000000000
12.081511539089,34.994869673168,21.817957132420
5.734718619689,40.461600630011,5.965412600695
60.000000000000,60.000000000000,0.000000000000
5.243367462806,12.020092019935,3.493312157413
60.000000000000,60.000000000000,0.000000000000
29.387500992854,49.906951373884,22.034847331029
60.000000000000,60.000000000000,0.000000000000
5.279050798737,40.291793619266,50.631134627516
60.000000000000,60.000000000000,60.000000000000
60.000000000000,60.000000000000,60.000000000000
60.000000000000,60.000000000000,0.000000000000
4.976746016000,17.980719423490,53.471501859148
60.000000000000,60.000000000000,60.000000000000
44.534778783516,7.689822683053,33.177322195181
60.000000000000,60.000000000000,60.000000000000
60.000000000000,60.000000000000,0.000000000000
9.681557981529,32.848495399766,38.574748658628
60.000000000000,60.000000000000,60.000000000000
11.200807035576,29.868114980956,21.081762253130
3.895225238959,29.799372293921,16.659392293405
60.000000000000,60.000000000000,0.000000000000
60.000000000000,60.000000000000,60.000000000000
12.271191503464,21.237780282884,56.742641531818
46.812601283784,8.390295468068,19.864005801257
8.014119307089,38.697120860265,35.718815921646
60.000000000000,60.000000000000,60.000000000000
60.000000000000,60.000000000000,60.000000000000
60.000000000000,60.000000000000,60.000000000000
60.000000000000,60.000000000000,60.000000000000
60.000000000000,60.000000000000,60.000000000000
26.752887449848,16.335620699747,14.416036269522
60.000000000000,60.000000000000,60.000000000000
60.000000000000,60.000000000000,0.000000000000
60.000000000000,60.000000000000,60.000000000000
13.071323422160,49.764585780556,23.605238923172
60.000000000000,60.000000000000,60.000000000000
60.000000000000,60.000000000000,60.000000000000
0.556458443493,47.135004194192,56.726700555190
10.648821523384,34.240384905593,36.502217382622
43.618984340033,53.687839918219,0.768426714853
5.135262625083,22.765137662658,50.470216188506
10.674005035257,53.123999914493,4.782369474207
16.463213538255,6.160172315304,14.521143368588
60.000000000000,60.000000000000,60.000000000000
60.000000000000,60.000000000000,60.000000000000
60.000000000000,60.000000000000,60.000000000000
0.000000000000,60.000000000000,60.000000000000
60.000000000000,60.000000000000,60.000000000000
60.000000000000,60.000000000000,0.000000000000
7.236278931909,48.999586144683,11.126876809687
60.000000000000,60.000000000000,60.000000000000
45.743438991777,9.924963684339,3.631927063399
34.173213481709,46.414365036924,33.193305164422
10.608694407041,9.185882410409,12.726151807018
40.825863799925,34.642464308042,33.652125302649
11.044513244753,27.585803044337,57.229030575327
60.000000000000,60.000000000000,60.000000000000
27.496973815574,6.736763186416,58.352621362315
60.000000000000,60.000000000000,60.000000000000
34.601612361649,1.915521671146,52.924201138638
60.000000000000,60.000000000000,60.000000000000
6.943097225129,32.047838504385,55.236525011964
3.370617050390,2.683800763131,57.793396328246
11.576301142992,54.833859246930,57.941665066652
60.000000000000,60.000000000000,60.000000000000
60.000000000000,60.000000000000,0.000000000000
8.779938245109,44.010042963381,17.605926713731
52.178908019076,35.174172806183,29.735584987345
60.000000000000,60.000000000000,60.000000000000
60.000000000000,60.000000000000,60.000000000000
22.908175709553,4.589785949677,41.110900141450
60.000000000000,60.000000000000,60.000000000000
60.000000000000,60.000000000000,60.000000000000
60.000000000000,60.000000000000,60.000000000000
3.631930401862,59.674512764266,40.216417334554
40.517730469935,13.629991106013,53.555194297855
46.871841871733,58.637548622759,29.318751031790
20.909916501479,21.498773408565,27.477327493247
60.000000000000,60.000000000000,60.000000000000
60.000000000000,60.000000000000,60.000000000000
60.000000000000,26.876072831770,60.000000000000
55.368863062418,48.470116400982,25.036736448889
42.751978073498,60.000000000000,46.922088169294
39.473826973534,26.311410207044,50.808792103681
60.000000000000,60.000000000000,60.000000000000
60.000000000000,60.000000000000,60.000000000000
2.264263850053,20.858228894395,22.546335958144
12.541357281265,55.722148456606,20.294720707165
60.000000000000,60.000000000000,60.000000000000
8.504172763529,56.056903620546,17.211084362127
13.315353948330,14.859155503514,27.283156453331
9.770985192830,51.622044975111,24.205294518408
60.000000000000,60.000000000000,0.000000000000
10.182424094837,54.703839009468,58.807350333610
40.091929756963,37.872470498400,34.587971702974
60.000000000000,60.000000000000,60.000000000000
11.238286618149,58.675478769294,41.717763904653
17.296290755945,5.599292893738,22.260503697265
2.075582854665,31.654578495383,28.970781960501
12.118663010671,5.574576700352,13.882483473745
60.000000000000,60.000000000000,60.000000000000
7.394937122236,51.188580062945,18.133783586701
16.573035899095,22.635119446607,32.881472855176
12.075326247365,1.606712368835,41.748411427271
54.020719547844,35.088020224845,53.701531232091
60.000000000000,60.000000000000,60.000000000000
60.000000000000,60.000000000000,0.000000000000
33.327810875108,60.000000000000,60.000000000000
60.000000000000,60.000000000000,60.000000000000
60.000000000000,60.000000000000,60.000000000000
60.000000000000,60.000000000000,60.000000000000
2.340775718380,1.009994678860,4.460052037510
60.000000000000,60.000000000000,60.000000000000
60.000000000000,60.000000000000,60.000000000000
31.436173913889,40.448326405692,60.000000000000
60.000000000000,60.000000000000,0.000000000000
3.006295058632,26.717201540118,11.852637385725
60.000000000000,1.578174020705,0.000000000000
10.474761634250,33.281964470464,28.506031012611
15.623270533703,39.180330244593,18.879315430680
9.599887274171,18.317617565617,18.692378324221
3.176224160150,42.008318357079,6.339615540078
54.046830341874,55.627903902681,7.160587207790
35.480360486264,27.416574841073,40.208521026368
60.000000000000,60.000000000000,60.000000000000
60.000000000000,60.000000000000,60.000000000000
9.016246871661,42.111493876414,26.423790334388
60.000000000000,60.000000000000,60.000000000000
22.433042837046,56.963163522850,38.695807458161
11.035409784387,48.903546724413,49.505399584001
22.341189210478,60.000000000000,17.746170364658
10.238733988926,48.237882528782,16.873840717527
12.079687253110,53.743441090535,36.213230275725
60.000000000000,60.000000000000,0.000000000000
50.182604871155,48.463075136525,29.418353556142
11.185868899762,24.742210743646,30.497229608276
60.000000000000,60.000000000000,0.000000000000
7.072713904331,27.948859150447,51.418406844575
60.000000000000,60.000000000000,0.000000000000
60.000000000000,60.000000000000,60.000000000000
60.000000000000,60.000000000000,60.000000000000
10.904851608612,49.240651786027,44.946856668967
60.000000000000,60.000000000000,0.000000000000
50.850387096314,57.452664193346,36.444928157937
60.000000000000,60.000000000000,60.000000000000
32.252635957865,51.464215168246,22.429469291759
6.571632939738,33.099502492087,57.246671717418
60.000000000000,60.000000000000,60.000000000000
60.000000000000,54.440373953323,21.148759913723
60.000000000000,60.000000000000,60.000000000000
12.757765748066,21.844420466059,22.144440363570
5.510649575428,39.196300770353,37.134027031096
60.000000000000,60.000000000000,60.000000000000
12.859240993175,5.303716419759,17.879653450514
60.000000000000,60.000000000000,60.000000000000
60.000000000000,60.000000000000,60.000000000000
11.920989621976,28.268541770775,44.848711300779
60.000000000000,60.000000000000,60.000000000000
60.000000000000,60.000000000000,0.000000000000
29.236692046257,55.447053025792,45.158188066035
15.438860703684,43.890607736590,29.477214416750
60.000000000000,60.000000000000,60.000000000000
60.000000000000,60.000000000000,60.000000000000
60.000000000000,60.000000000000,0.000000000000
60.000000000000,60.000000000000,0.000000000000
20.519878062818,56.582281577153,34.865355953965
7.933999562341,58.794470991108,11.844857925408
60.000000000000,60.000000000000,0.000000000000
60.000000000000,60.000000000000,0.000000000000
2.627377094350,57.634198986601,17.925616962642
60.000000000000,60.000000000000,60.000000000000
51.225452443713,9.377190832247,37.344287380928
60.000000000000,60.000000000000,0.000000000000
47.557706225450,59.814432821913,32.411093286332
60.000000000000,60.000000000000,0.000000000000
26.710126954783,41.773086802798,15.132896599626
14.921832235493,56.612181879834,28.093789011242
60.000000000000,60.000000000000,60.000000000000
60.000000000000,60.000000000000,0.000000000000
33.794959303519,4.942784624131,57.562837563137
46.655348300834,21.950667777454,48.152597855174
14.951303084792,1.118295318866,38.604809709239
60.000000000000,60.000000000000,60.000000000000
15.108966968328,46.826030085422,50.294825545992
60.000000000000,60.000000000000,60.000000000000
60.000000000000,60.000000000000,60.000000000000
60.000000000000,60.000000000000,60.000000000000
60.000000000000,60.000000000000,60.000000000000
60.000000000000,2.832994869535,41.796736001770
16.704859524891,27.683088642960,48.905906864348
60.000000000000,60.000000000000,0.000000000000
27.729875499126,51.831561569346,19.378679209270
60.000000000000,60.000000000000,0.000000000000
14.301139100115,30.040666253098,29.708758522761
60.000000000000,60.000000000000,0.000000000000
31.512202253823,21.850044924948,10.364878870223
60.000000000000,60.000000000000,0.000000000000
24.483010469917,26.201788578642,60.000000000000
9.327581233351,26.306860887300,35.832281167942
56.123143919188,48.941468425836,42.994953567111
60.000000000000,60.000000000000,60.000000000000
60.000000000000,60.000000000000,60.000000000000
60.000000000000,60.000000000000,60.000000000000
14.768412394957,53.755758163785,18.726155821939
5.213638173297,13.947919427214,50.240028942520
60.000000000000,60.000000000000,60.000000000000
60.000000000000,60.000000000000,60.000000000000
60.000000000000,60.000000000000,60.000000000000
42.662861029434,57.472300591626,24.174436677613
60.000000000000,60.000000000000,60.000000000000
60.000000000000,60.000000000000,60.000000000000
8.870252383828,9.558820881257,44.367067094455
60.000000000000,60.000000000000,60.000000000000
37.387900135529,25.745943614273,52.880073512292
10.934909348594,39.435582822320,39.363478381804
11.816632625910,12.697306244005,25.354403526700
49.079374532640,26.237993553968,15.186366088494
60.000000000000,60.000000000000,60.000000000000
25.443680101441,6.807128993368,59.140544499184
60.000000000000,7.845451132065,28.213916150760
54.033343025224,43.203957993410,57.357985043827
60.000000000000,60.000000000000,60.000000000000
7.357384079637,6.042399358886,43.812016642145
58.013422023828,23.315305800837,35.273226655875
60.000000000000,60.000000000000,60.000000000000
12.693542046965,37.961567495343,2.079915392055
13.936569522654,30.033311010419,25.146129297784
12.576114674905,28.931084998012,8.164809876879
60.000000000000,60.000000000000,60.000000000000
60.000000000000,60.000000000000,60.000000000000
16.101660419434,27.841520631530,40.034669658255
57.749325648343,46.124066352525,31.080693399683
60.000000000000,60.000000000000,60.000000000000
12.252872474543,4.380229443404,31.743169277237
0.000000000000,56.238724010650,60.000000000000
60.000000000000,60.000000000000,60.000000000000
60.000000000000,60.000000000000,0.000000000000
39.796648660039,11.302480612968,4.931529760903
13.292342367217,26.812228387058,27.048616546305
60.000000000000,60.000000000000,60.000000000000
14.791748517245,29.286754288500,21.174648141283
3.459799155349,0.201588609681,55.614251776290
15.855407703694,24.847040900932,28.560446575378
60.000000000000,60.000000000000,60.000000000000
60.000000000000,0.000000000000,60.000000000000
60.000000000000,60.000000000000,60.000000000000
16.841666358607,12.070967263857,34.642038833995
60.000000000000,60.000000000000,60.000000000000
20.371500331918,24.505310018416,40.244106248131
20.692366220171,4.822582943880,55.987455820180
14.046981352668,28.037567317284,33.276477417048
19.224981921858,55.267587849803,42.729266013539
60.000000000000,60.000000000000,60.000000000000
60.000000000000,60.000000000000,60.000000000000
60.000000000000,60.000000000000,60.000000000000
60.000000000000,60.000000000000,60.000000000000
13.491743303830,36.124029288065,39.343393154323
38.315287694421,19.181073730201,9.516313108800
0.000000000000,0.000000000000,0.000000000000
17.955334952179,16.474701168776,27.079101908623
60.000000000000,60.000000000000,60.000000000000
7.491790878508,47.705160806074,3.910935359296
11.499204774736,44.635706013660,31.810645178885
17.144596240063,9.734373039983,29.878763990004
38.176876363325,17.848539708961,41.736700473624
51.841674934695,45.513160625130,57.626780918516
26.974454238989,30.377116062822,16.438053254097
17.397883178160,23.812891985635,44.735173512077
13.445190709778,12.173074797348,34.611797359441
45.829391549961,2.467971246972,17.541597972157
60.000000000000,60.000000000000,0.000000000000
16.525545913273,59.913738921287,5.614759498277
14.436216384923,39.445809172155,42.986306061288
60.000000000000,60.000000000000,60.000000000000
15.474933206554,41.768412751944,36.225144286760
25.811084895665,23.073583423746,37.915871725272
11.238287749231,27.051958634591,17.117792310953
60.000000000000,60.000000000000,60.000000000000
59.924202454588,4.200808952013,54.581929998978
60.000000000000,60.000000000000,60.000000000000
60.000000000000,60.000000000000,0.000000000000
1.270305780151,0.666507784889,52.156708189443
60.000000000000,60.000000000000,0.000000000000
60.000000000000,60.000000000000,60.000000000000
25.080352692752,37.877299691945,27.388287634047
8.538111942524,60.000000000000,30.260258070993
60.000000000000,60.000000000000,60.000000000000
19.376456104879,26.432250744839,28.172106417415
60.000000000000,60.000000000000,60.000000000000
19.631442796709,55.939120471828,11.578752807870
52.183065276844,7.013901156582,53.802831980173
13.450802359435,23.562447323531,56.263794243820
0.000000000000,0.000000000000,0.000000000000
48.108962318708,37.629664670423,25.068971774951
17.922720452833,22.272802839755,30.497247889237
60.000000000000,60.000000000000,60.000000000000
37.767699294300,41.581275964856,3.065182576598
13.072396679619,24.167501013423,4.275283933484
46.019079622567,59.039506032449,34.877976582358
60.000000000000,60.000000000000,60.000000000000
37.519302400043,9.262088012769,16.078141158316
60.000000000000,60.000000000000,60.000000000000
11.384073585966,56.006691015522,42.876932061612
21.264405294451,12.009009781791,49.242716684192
19.281990066673,19.189289146829,36.226620275710
43.561530296942,40.305227280236,26.991089341805
60.000000000000,60.000000000000,60.000000000000
16.135567215186,37.882576491421,7.296577862265
60.000000000000,60.000000000000,60.000000000000
15.917224412068,37.298560879057,52.515209306929
13.975780309696,32.810007694911,47.971335704777
60.000000000000,60.000000000000,60.000000000000
10.841952531505,29.081307150210,34.293200892806
0.000000000000,4.849848979370,1.998272876329
60.000000000000,60.000000000000,0.000000000000
28.853552059421,34.809285739869,59.137864816124
60.000000000000,60.000000000000,60.000000000000
17.975727161536,41.307741942573,41.907008167311
14.621171107183,37.230348182642,38.216714594827
41.425833731514,15.704133994790,24.511320127303
14.824524464326,22.635827829246,24.650807391498
60.000000000000,60.000000000000,60.000000000000
60.000000000000,60.000000000000,60.000000000000
6.809380380366,58.607576956624,33.766903086066
15.040716713448,19.340578446238,21.381691604869
20.849756275850,43.571234293637,1.709808759036
15.239267500028,47.079329094005,26.246376003632
35.040961992001,4.995537794850,24.905058456873
12.655323611204,54.684458044358,9.099117857612
60.000000000000,60.000000000000,60.000000000000
60.000000000000,60.000000000000,60.000000000000
56.827326259170,40.962929792781,30.387405733477
60.000000000000,60.000000000000,0.000000000000
18.076669913868,49.277436497557,33.955619002103
0.000000000000,0.312373867876,60.000000000000
36.341711251269,42.712931411325,41.848423724419
24.868470131160,22.707552777418,17.969396964747
60.000000000000,60.000000000000,0.000000000000
60.000000000000,60.000000000000,60.000000000000
18.586743825527,41.281345960528,2.977999314764
26.207626680511,5.489121271681,28.726254261105
60.000000000000,60.000000000000,0.000000000000
21.554788001704,23.539521324839,27.669438111872
60.000000000000,60.000000000000,60.000000000000
60.000000000000,60.000000000000,60.000000000000
23.245249302895,33.545816378362,47.410882702913
60.000000000000,60.000000000000,60.000000000000
60.000000000000,60.000000000000,0.000000000000
60.000000000000,60.000000000000,60.000000000000
60.000000000000,60.000000000000,60.000000000000
60.000000000000,60.000000000000,60.000000000000
21.845072991040,53.072708331805,49.678813636884
60.000000000000,60.000000000000,0.000000000000
60.000000000000,60.000000000000,60.000000000000
60.000000000000,60.000000000000,0.000000000000
60.000000000000,60.000000000000,60.000000000000
24.154754381835,48.346290513582,31.637409631768
6.958214447113,1.875375379578,0.000000000000
23.273702052037,36.721679984051,31.115188648202
33.795760966198,32.680480160339,53.102228193048
60.000000000000,2.942848663820,60.000000000000
22.287540806180,57.096621917825,10.427963867486
60.000000000000,60.000000000000,60.000000000000
23.450995667733,20.689471321680,4.193574652148
60.000000000000,60.000000000000,60.000000000000
0.000000000000,60.000000000000,57.124115927381
60.000000000000,60.000000000000,60.000000000000
24.874521036429,34.423048174143,14.979758415554
60.000000000000,60.000000000000,60.000000000000
39.968675719103,22.397446840885,41.498477281643
2.566326291591,12.421308753286,8.299722548172
60.000000000000,60.000000000000,60.000000000000
19.699433632537,52.466328492224,19.461658673667
60.000000000000,60.000000000000,60.000000000000
23.881138671600,52.854401926576,25.827637864008
60.000000000000,60.000000000000,60.000000000000
60.000000000000,60.000000000000,60.000000000000
13.930573160785,20.977508078476,11.539832484983
60.000000000000,60.000000000000,60.000000000000
60.000000000000,60.000000000000,60.000000000000
54.643425838340,40.917226262991,11.560882067922
60.000000000000,60.000000000000,60.000000000000
60.000000000000,60.000000000000,60.000000000000
38.058913728099,29.162854494168,53.162143364783
24.241543058797,36.443236271870,37.625335715773
22.705915552944,59.374418789439,28.207443794863
60.000000000000,60.000000000000,0.000000000000
60.000000000000,60.000000000000,0.000000000000
50.443317616034,11.087193531553,46.211407574566
60.000000000000,60.000000000000,60.000000000000
29.888132997717,45.245828089057,7.169784731660
29.561287945162,31.339840858147,42.927280038588
24.166869526276,60.000000000000,54.461583501375
34.252489252039,11.806003886883,23.893277557574
60.000000000000,60.000000000000,60.000000000000
25.951530670795,56.794757358256,5.208146342147
60.000000000000,60.000000000000,60.000000000000
18.954502340285,17.059523578253,51.415014005281
51.154218328048,33.743314422560,53.949926132059
60.000000000000,60.000000000000,60.000000000000
19.635995538311,1.005685523138,19.992468641675
60.000000000000,60.000000000000,60.000000000000
21.897055538340,40.966467264499,30.523900572686
60.000000000000,60.000000000000,60.000000000000
13.317061452900,19.174227185102,48.421900064056
60.000000000000,60.000000000000,60.000000000000
43.699390965059,34.274779052392,34.582801838048
17.031549770013,33.307104169912,19.408213572132
60.000000000000,60.000000000000,0.000000000000
60.000000000000,60.000000000000,60.000000000000
60.000000000000,60.000000000000,0.000000000000
21.804126195557,17.112733741673,37.644661866194
60.000000000000,60.000000000000,60.000000000000
22.342882357581,0.124206532980,31.527862060279
60.000000000000,60.000000000000,0.000000000000
20.727452992999,9.188224196448,26.820274532905
60.000000000000,60.000000000000,60.000000000000
60.000000000000,60.000000000000,60.000000000000
21.175499953487,10.298943384617,29.951038387530
21.566372965895,11.102420350169,17.341950470936
25.277044840106,21.774356636891,55.101818414525
29.979539563059,53.083889074428,56.856007530315
60.000000000000,60.000000000000,60.000000000000
21.308603666101,9.948509138548,47.596470213043
28.469590835294,23.605219393718,26.965755499315
60.000000000000,60.000000000000,60.000000000000
60.000000000000,60.000000000000,60.000000000000
60.000000000000,60.000000000000,60.000000000000
42.806803521030,27.934126306338,51.787094201939
19.296263231320,50.400299179087,24.426586626973
16.896135573611,19.883626425571,35.499381095300
38.004100561380,57.665361367141,29.665619321933
60.000000000000,57.660014231507,35.451344691100
38.226968664113,60.000000000000,60.000000000000
60.000000000000,60.000000000000,0.000000000000
18.402438747945,46.841566399873,21.120769481078
60.000000000000,60.000000000000,0.000000000000
13.392440343533,9.824623618750,33.571666834989
25.075556127197,27.246713560429,20.423465970762
24.111962295726,44.368897767369,31.155850965651
20.142000598440,20.330093721490,12.916187394163
60.000000000000,60.000000000000,60.000000000000
21.470237816370,21.411524932484,20.255665740762
15.722046874880,47.328022464115,36.897859660888
60.000000000000,60.000000000000,60.000000000000
60.000000000000,60.000000000000,0.000000000000
60.000000000000,60.000000000000,60.000000000000
12.928546228343,26.778949134471,48.855946471556
60.000000000000,60.000000000000,0.000000000000
54.439799360989,19.995726831867,8.897292132050
26.808239807637,26.237304394938,39.064082201729
23.090139933478,16.642469777755,24.598297352946
60.000000000000,60.000000000000,0.000000000000
50.249424528709,60.000000000000,60.000000000000
20.926896149336,53.955810372332,57.619268464296
60.000000000000,60.000000000000,60.000000000000
29.538453939132,29.996927476210,44.563213426178
60.000000000000,60.000000000000,60.000000000000
60.000000000000,60.000000000000,60.000000000000
60.000000000000,60.000000000000,60.000000000000
60.000000000000,60.000000000000,60.000000000000
60.000000000000,60.000000000000,60.000000000000
60.000000000000,60.000000000000,60.000000000000
33.097968069139,5.547185606730,3.124314193524
22.230227489711,41.596049124426,37.564300158610
44.909550950910,35.408048785513,32.537477518305
10.842019397653,2.516306084257,60.000000000000
60.000000000000,60.000000000000,60.000000000000
60.000000000000,60.000000000000,60.000000000000
60.000000000000,60.000000000000,60.000000000000
60.000000000000,60.000000000000,60.000000000000
60.000000000000,60.000000000000,60.000000000000
22.391703562592,44.804792997295,26.229500588278
60.000000000000,60.000000000000,48.131716281547
60.000000000000,60.000000000000,60.000000000000
47.649438789541,3.175134439981,28.044260755757
28.502381978507,42.018857813791,36.158229687025
29.061615668626,36.584273862435,17.454907854893
60.000000000000,60.000000000000,60.000000000000
25.274564353410,51.606539074213,10.847558077184
60.000000000000,60.000000000000,60.000000000000
60.000000000000,60.000000000000,60.000000000000
60.000000000000,60.000000000000,0.000000000000
30.300909150223,33.732218894512,55.064774650439
60.000000000000,60.000000000000,60.000000000000
25.142369943839,36.365019646854,8.572170144207
49.462713137905,21.324193589328,29.642258689919
60.000000000000,60.000000000000,60.000000000000
60.000000000000,60.000000000000,60.000000000000
60.000000000000,60.000000000000,60.000000000000
21.762299721343,29.232417706338,33.647251639963
60.000000000000,60.000000000000,60.000000000000
26.182874942873,14.537247278004,28.120637226807
24.024279739350,5.065148836025,51.596338297740
60.000000000000,60.000000000000,60.000000000000
60.000000000000,60.000000000000,60.000000000000
56.497680638363,41.097898504560,59.155646133065
60.000000000000,60.000000000000,60.000000000000
53.108067451460,12.190888966493,54.357427121637
60.000000000000,60.000000000000,60.000000000000
60.000000000000,60.000000000000,60.000000000000
60.000000000000,60.000000000000,60.000000000000
25.884941589375,35.672836298279,25.653404538107
60.000000000000,60.000000000000,60.000000000000
60.000000000000,60.000000000000,60.000000000000
27.146150685538,14.684265802987,8.900190125206
27.962065645837,4.565870204372,12.851808760138
24.662972408653,13.990698603394,11.343282064699
60.000000000000,56.250263212960,29.358514743141
5.597468420278,51.799401549197,36.645703526791
24.128605721037,0.922858393910,58.101116455155
25.931854129853,14.683155054704,17.379169450747
60.000000000000,60.000000000000,9.388315941917
52.423118604098,20.683716231819,24.461919819449
30.114185720888,26.124774781314,50.895626969355
25.392507896445,30.964169165988,53.437684646766
25.902308545112,21.231434833015,36.950534491869
33.652443130464,13.111721767530,41.056635810415
60.000000000000,60.000000000000,60.000000000000
60.000000000000,60.000000000000,60.000000000000
56.074409030911,8.522857687683,28.674996014868
24.480871994778,9.550367705578,34.714007882125
60.000000000000,60.000000000000,60.000000000000
41.062281248621,26.234009958272,60.000000000000
11.380194060584,20.189829866455,43.045354934289
60.000000000000,60.000000000000,60.000000000000
60.000000000000,60.000000000000,60.000000000000
60.000000000000,60.000000000000,60.000000000000
13.269455655199,21.023550550246,17.122945451678
14.927398516418,44.617414262975,21.361079021064
24.166541028153,20.707659370888,28.849816893495
28.939024163171,13.741455698004,25.079183298220
60.000000000000,60.000000000000,60.000000000000
60.000000000000,16.882018473150,60.000000000000
1.071337870830,0.884691754515,50.826567482913
7.467267268150,6.615419100090,15.240660591292
60.000000000000,60.000000000000,60.000000000000
53.407668716407,10.534332417240,54.374749508896
23.993774101844,28.259398984448,28.678690413554
57.529055445538,46.418131201683,38.666202801509
60.000000000000,60.000000000000,60.000000000000
60.000000000000,60.000000000000,60.000000000000
60.000000000000,60.000000000000,60.000000000000
5.267648386044,11.394654874769,30.912657150121
60.000000000000,60.000000000000,60.000000000000
30.216196590471,56.900890041650,40.340771101533
60.000000000000,60.000000000000,0.000000000000
58.056642134585,49.765378021022,36.781834958149
30.467089071081,41.231504398217,27.493759909066
60.000000000000,60.000000000000,60.000000000000
11.503587473958,14.940501886513,48.961569511428
40.957728074366,53.753031529561,49.759773583523
32.579285754560,23.092610702819,39.350278878029
43.805690887663,52.449314017853,47.675502646594
25.168304807585,16.744871191632,26.527139172412
29.589947655093,21.939414807123,56.872859589973
33.940418066079,38.757227814168,43.259317815268
2.042207056333,39.777574891452,10.221825321874
60.000000000000,60.000000000000,60.000000000000
39.019420592965,48.267149639189,37.251508367668
60.000000000000,60.000000000000,60.000000000000
32.090120785186,15.737312246424,18.980838114442
52.620444779268,11.263363085505,37.938059248140
14.807807264318,10.693741993698,14.661882218507
60.000000000000,60.000000000000,60.000000000000
30.687036162478,12.946248183091,58.333033117922
60.000000000000,60.000000000000,60.000000000000
5.041984339223,43.454325870660,46.556820154378
43.708996375834,60.000000000000,60.000000000000
3.159962780723,16.245877216551,10.384365417224
60.000000000000,60.000000000000,60.000000000000
37.149015382646,59.014745310703,45.034560111229
1.179427883042,12.995674353050,23.610121662924
32.428641810029,28.920177067613,29.402444062625
60.000000000000,60.000000000000,60.000000000000
60.000000000000,60.000000000000,60.000000000000
22.465162848885,21.123256931834,45.193713720235
25.941993666953,7.515316984285,18.967275964617
8.781232842555,36.033454473505,18.415343997948
60.000000000000,60.000000000000,60.000000000000
60.000000000000,60.000000000000,60.000000000000
30.943625012057,39.941928913810,5.320364007404
35.137315524224,30.239719918625,22.413550724713
4.906213070756,2.132435141730,4.811379284576
60.000000000000,60.000000000000,60.000000000000
60.000000000000,60.000000000000,60.000000000000
60.000000000000,60.000000000000,60.000000000000
60.000000000000,60.000000000000,60.000000000000
51.182175767514,39.989642385313,48.251480169921
5.285489159208,3.615580354397,57.163150784816
32.990032779994,6.204257212319,60.000000000000
60.000000000000,60.000000000000,60.000000000000
36.905508890789,21.308800222434,42.658721865766
31.062151734628,55.561551572461,58.014544521488
23.882543175133,41.309394905023,60.000000000000
3.327291865570,48.516827232087,27.154380814081
60.000000000000,60.000000000000,60.000000000000
14.433172707342,60.000000000000,24.911151039087
30.513905018357,24.227855126483,29.032858214666
28.986832724829,39.151777764410,13.976944003442
60.000000000000,60.000000000000,60.000000000000
40.389440715515,56.762813822758,2.378453474200
23.179935883178,28.587679096766,28.890413292922
8.585784368052,47.618181864570,33.783126826744
60.000000000000,60.000000000000,60.000000000000
60.000000000000,60.000000000000,60.000000000000
60.000000000000,60.000000000000,60.000000000000
60.000000000000,60.000000000000,60.000000000000
35.012489629182,33.648735846723,26.391221191508
30.109669698818,50.007014191396,49.916604996959
47.326901261252,30.308244283433,25.747315369419
18.418305345674,34.479096478028,0.299237548011
60.000000000000,60.000000000000,60.000000000000
46.435946408921,3.089524397385,12.811248295852
26.837846848322,14.066541375519,28.341651267792
60.000000000000,60.000000000000,60.000000000000
60.000000000000,60.000000000000,60.000000000000
11.689602263442,27.675606518797,28.221240736337
35.064392910581,28.735367980962,29.593722945072
29.425306836901,30.505850365445,44.478924364638
3.056983720711,4.130039571355,27.713093518022
32.978914053384,44.886558883774,25.946856852671
43.409661749122,16.147518006216,34.347958207662
17.381273061699,60.000000000000,43.498974205902
60.000000000000,60.000000000000,60.000000000000
26.373198314035,21.442958166215,23.625330662742
60.000000000000,60.000000000000,60.000000000000
60.000000000000,60.000000000000,60.000000000000
43.523946439189,21.411074312542,34.209914152047
26.884501146497,12.571327686730,22.923790070564
24.818219543361,14.265626694262,41.479391455109
60.000000000000,60.000000000000,60.000000000000
27.158825062011,31.062727468986,33.466416753307
0.000000000000,60.000000000000,60.000000000000
60.000000000000,60.000000000000,45.173847215304
53.718909035430,45.214158885010,38.577009514018
35.535604345300,26.905813399245,39.100218417224
29.901959365220,16.884906589646,1.232382339718
60.000000000000,60.000000000000,60.000000000000
31.102020217665,53.837127108022,21.541558216749
60.000000000000,60.000000000000,60.000000000000
5.212862346737,14.930086642097,48.533995957605
6.185853607876,44.948835883830,60.000000000000
60.000000000000,39.066421916948,33.638578604130
60.000000000000,60.000000000000,60.000000000000
60.000000000000,60.000000000000,60.000000000000
60.000000000000,60.000000000000,0.000000000000
31.148609457040,36.371667041893,48.280491532220
8.077229071113,38.129062034895,56.573621329340
39.818601880216,28.688198348940,28.605514748065
18.561357743801,46.323958454968,47.286313720910
60.000000000000,60.000000000000,60.000000000000
58.977073315376,11.563717418511,50.364238220031
60.000000000000,60.000000000000,60.000000000000
60.000000000000,60.000000000000,60.000000000000
32.203379124374,4.468335632377,31.346998963466
60.000000000000,60.000000000000,0.000000000000
17.784917803507,27.052951080041,56.746789552334
60.000000000000,60.000000000000,60.000000000000
59.313862745293,33.368746921256,25.384668514259
35.166331038043,20.849768878593,35.502447493228
60.000000000000,60.000000000000,60.000000000000
32.973953433913,22.154948986943,48.677692536196
37.023821172616,26.122979130319,33.122294969240
35.792769571216,57.337368108217,41.644135694072
60.000000000000,18.664342921099,25.403578891353
37.882568032916,46.131714861572,36.099785267610
60.000000000000,60.000000000000,60.000000000000
60.000000000000,60.000000000000,60.000000000000
23.263134957844,20.022386882396,41.396453507801
0.000000000000,0.000000000000,0.000000000000
35.769569937016,0.296932344330,14.761117870048
39.031752209052,8.291821182964,24.021061123568
32.230592890187,43.161296384849,9.159528530144
56.413699925613,34.409508474329,18.614825254871
18.551837662893,23.377318385020,31.444840292569
60.000000000000,60.000000000000,60.000000000000
60.000000000000,7.419808003304,37.251141143669
43.447529232282,34.979897281166,14.968199692460
24.293162511411,25.461332086019,7.385034393295
21.827157522859,39.788779961648,16.357597029564
35.685063931165,26.023937837912,57.077355660918
40.585073572843,31.253753980920,43.114357639742
60.000000000000,60.000000000000,60.000000000000
60.000000000000,60.000000000000,60.000000000000
16.410863035367,29.519744190726,26.161922962460
32.262260294505,38.245158134296,37.184582505817
41.320504915360,60.000000000000,35.160610080774
30.140445055037,36.488458363636,40.663706605878
40.387618945906,2.008906188682,47.551195194822
60.000000000000,60.000000000000,60.000000000000
31.552319486708,10.463049363933,29.746013595917
60.000000000000,60.000000000000,60.000000000000
28.949576256935,35.360158539617,5.258127274046
60.000000000000,60.000000000000,60.000000000000
56.119461842417,29.727702302461,10.824777576042
26.108218880717,2.552455322574,60.000000000000
29.710146690604,49.912345994901,14.768073948831
60.000000000000,60.000000000000,60.000000000000
39.418681858769,56.119948205697,15.758858204150
60.000000000000,60.000000000000,60.000000000000
2.780312340853,45.915602938611,17.048692593361
60.000000000000,60.000000000000,60.000000000000
37.574447387455,7.109563594903,28.906460897767
8.883455881753,58.962940621193,4.019707930184
34.810011838089,0.028412087504,20.224946738699
60.000000000000,60.000000000000,60.000000000000
60.000000000000,60.000000000000,60.000000000000
0.000000000000,0.000000000000,0.000000000000
43.281578025089,19.823490299192,14.885658159667
60.000000000000,60.000000000000,60.000000000000
60.000000000000,60.000000000000,60.000000000000
60.000000000000,60.000000000000,60.000000000000
60.000000000000,60.000000000000,60.000000000000
7.058925059036,45.278933509720,15.762343329918
39.722452080013,7.201594138349,57.427508672677
49.756111766541,46.136738086669,9.853868592712
56.835156553470,22.645981863642,50.444145567022
42.553153208676,25.884262074147,42.322115287052
58.844377437141,23.321613412832,60.000000000000
60.000000000000,60.000000000000,60.000000000000
2.439395311530,32.978345012136,44.291399939246
36.188941709294,31.246154892245,27.632871935454
17.815532045625,47.944490709551,43.159933822163
60.000000000000,60.000000000000,60.000000000000
35.494072088341,60.000000000000,40.159369687957
60.000000000000,60.000000000000,60.000000000000
33.723729986320,34.837252987911,15.251045995346
10.506317608130,52.866480811299,36.400213303208
30.729200647667,34.744239350244,24.520409375156
20.583196339786,28.894314018053,34.924596794248
27.873859391400,4.471910983768,2.510415264773
43.681810221837,4.373131972679,54.548774492181
40.433164274914,56.199513362714,18.141971513718
60.000000000000,60.000000000000,60.000000000000
6.942635524263,11.528299399879,26.475522695779
60.000000000000,60.000000000000,60.000000000000
60.000000000000,60.000000000000,60.000000000000
50.260037226745,29.317995369539,45.034850597269
43.031757750046,56.364011220758,55.868660158751
38.694392558750,23.405909933115,36.458934816959
60.000000000000,60.000000000000,60.000000000000
60.000000000000,60.000000000000,60.000000000000
51.816312288043,27.568362846479,15.600461128658
60.000000000000,60.000000000000,60.000000000000
60.000000000000,60.000000000000,60.000000000000
41.889152986224,41.706319560275,41.589809409002
32.353908263680,4.523544060411,53.078343756116
60.000000000000,60.000000000000,0.000000000000
60.000000000000,60.000000000000,60.000000000000
49.182008176871,29.699556844699,30.836694300152
60.000000000000,60.000000000000,0.000000000000
60.000000000000,60.000000000000,60.000000000000
21.442076311351,10.642915402818,33.465050955571
39.047441843892,54.253216274194,7.781224527388
60.000000000000,19.888770179529,18.848005561054
25.775689238659,44.930838779734,34.388879254394
60.000000000000,60.000000000000,60.000000000000
24.363338548144,47.397652026967,32.607596460172
55.245662275821,45.542341563540,2.457546134522
39.996795522320,27.667786538580,26.907236385688
34.847494188083,21.595190367773,31.184493179494
41.742197332591,22.416456160055,25.493440420244
28.930840478979,4.499190950713,4.744782503330
39.675661184437,36.874813459288,21.362583416934
39.395695397944,17.673913047426,26.859282676758
16.347190106332,49.273320937105,25.645226909823
60.000000000000,60.000000000000,60.000000000000
58.809501532987,22.614699412289,30.103366466082
18.382158745207,5.394989036789,59.599145455293
58.911417906298,52.004436187167,54.284643678697
40.738895788068,9.471019686033,31.989203486121
60.000000000000,60.000000000000,60.000000000000
60.000000000000,60.000000000000,60.000000000000
60.000000000000,60.000000000000,60.000000000000
60.000000000000,60.000000000000,60.000000000000
52.400233728500,32.187299358098,35.985874929511
60.000000000000,60.000000000000,60.000000000000
0.000000000000,60.000000000000,60.000000000000
60.000000000000,60.000000000000,60.000000000000
60.000000000000,60.000000000000,60.000000000000
60.000000000000,60.000000000000,60.000000000000
60.000000000000,60.000000000000,60.000000000000
60.000000000000,60.000000000000,60.000000000000
60.000000000000,60.000000000000,60.000000000000
60.000000000000,60.000000000000,60.000000000000
60.000000000000,60.000000000000,60.000000000000
22.524720676936,31.324987454849,55.807487852766
60.000000000000,60.000000000000,60.000000000000
41.260978128601,12.948342701581,2.445279359345
35.447322773884,21.874021365791,24.419894524695
51.559376933505,30.657315846211,11.894568909768
21.747799165355,36.307877108055,60.000000000000
38.039318095715,37.063961850767,12.192758387010
0.000000000000,60.000000000000,37.737757852682
10.416072778238,34.635730780308,19.138565277803
53.254169169712,58.043288727472,12.907514168391
39.075005920279,36.924662330644,0.039208316236
60.000000000000,60.000000000000,60.000000000000
41.069176779879,18.230578378112,11.420584781084
60.000000000000,60.000000000000,60.000000000000
30.682833285466,47.380018940456,17.182002387264
60.000000000000,60.000000000000,60.000000000000
30.247925256335,6.201199338784,31.641247469535
60.000000000000,60.000000000000,60.000000000000
34.786340134021,55.009571216143,58.965767979751
60.000000000000,60.000000000000,60.000000000000
37.106243397791,10.363657834249,45.638474320724
45.228471488742,6.319225294444,13.964442527156
39.243386883652,12.728135224090,50.606531646419
2.183677393273,0.207579142036,27.298210412854
29.605560566362,19.333303439323,25.083673131362
60.000000000000,60.000000000000,60.000000000000
38.389596447688,18.616539152600,5.995333017543
60.000000000000,60.000000000000,60.000000000000
60.000000000000,60.000000000000,60.000000000000
33.496484394773,40.720463140443,28.096141577453
39.379285349283,16.114919127737,27.844448524087
53.160744830744,10.634865068827,58.713420059153
48.172534282844,60.000000000000,43.336829929835
41.888156648709,37.367773224911,37.127260092807
38.395678892445,59.274574329251,7.469344762426
60.000000000000,60.000000000000,60.000000000000
60.000000000000,49.522007589608,53.346644779076
60.000000000000,60.000000000000,60.000000000000
60.000000000000,60.000000000000,60.000000000000
35.751664285832,38.843312225642,14.141545212292
60.000000000000,60.000000000000,60.000000000000
0.000000000000,60.000000000000,60.000000000000
60.000000000000,60.000000000000,60.000000000000
37.288799550759,35.985455949686,36.094126166730
60.000000000000,60.000000000000,60.000000000000
43.962184437483,20.023291561144,2.540108294228
27.321212899844,21.475806969859,24.752183952047
60.000000000000,60.000000000000,60.000000000000
60.000000000000,60.000000000000,60.000000000000
60.000000000000,60.000000000000,60.000000000000
60.000000000000,60.000000000000,60.000000000000
37.409115944186,30.208994884747,25.679232672411
36.978456182733,1.126245993537,19.269135847959
36.082293238649,39.572537432287,34.304008515156
37.981202128141,9.179025802228,11.978175625895
60.000000000000,60.000000000000,60.000000000000
60.000000000000,60.000000000000,60.000000000000
25.187422726250,47.861965769487,28.594884892692
60.000000000000,60.000000000000,60.000000000000
53.210785046543,39.606863718294,27.505250619706
60.000000000000,60.000000000000,60.000000000000
31.695674662159,58.852399341083,0.454079727030
60.000000000000,60.000000000000,60.000000000000
60.000000000000,0.000000000000,20.539277982640
30.070663972295,2.788665318065,44.333208998426
48.522750735782,30.772909151871,28.066897960764
39.816385958824,10.633138535805,42.410602754768
60.000000000000,60.000000000000,0.000000000000
1.486141545970,60.000000000000,0.000000000000
40.617808694332,0.244117177042,54.420825603182
60.000000000000,60.000000000000,60.000000000000
34.565557818605,5.299587980222,9.482908380050
60.000000000000,60.000000000000,60.000000000000
12.778250730888,32.527077970206,38.077760244819
33.605724239196,17.098810228508,4.878876814056
17.401639570706,24.679634843364,39.808510616564
60.000000000000,60.000000000000,60.000000000000
60.000000000000,60.000000000000,60.000000000000
44.846231456595,25.474269139484,2.294650044986
60.000000000000,60.000000000000,60.000000000000
60.000000000000,60.000000000000,60.000000000000
60.000000000000,60.000000000000,60.000000000000
60.000000000000,60.000000000000,60.000000000000
44.999953722071,25.791283410761,25.336001795665
41.696042863716,29.505246121537,48.727776242110
4.396268751895,13.962504848697,44.906361363193
42.189014237880,9.344740286722,18.179458566351
55.357387818862,34.511243670086,21.653939687368
60.000000000000,60.000000000000,60.000000000000
60.000000000000,60.000000000000,60.000000000000
19.916543555276,12.715132890213,53.949698675201
51.837212208222,38.948102900527,48.714346542081
60.000000000000,60.000000000000,60.000000000000
27.872509947663,36.340176204897,59.204523502192
42.204391516358,6.114135233026,28.812990194166
60.000000000000,60.000000000000,60.000000000000
43.151573785539,10.077984187510,22.524144062438
41.368046270660,25.431074928878,24.304915248041
60.000000000000,60.000000000000,60.000000000000
41.545695074028,27.226206350873,21.927130321688
27.838330337269,10.133673602923,8.156688170045
37.174171542206,22.748837149737,29.085627534925
43.145711298958,36.568385692835,49.311292292433
60.000000000000,60.000000000000,60.000000000000
22.314491673210,47.011227841124,11.391829409027
60.000000000000,60.000000000000,60.000000000000
28.846038587750,23.111138678606,51.845549546032
2.750895285155,25.563066137080,1.382748803851
36.851491342588,14.181295768455,10.202526802463
43.497752168945,40.438595688180,11.549483300002
60.000000000000,60.000000000000,60.000000000000
31.342948944331,25.031982917234,56.781628319314
32.174052447055,39.202273351599,0.924963029016
51.262141889514,19.529749312572,55.500833971946
60.000000000000,60.000000000000,60.000000000000
25.026497768209,3.795163394967,37.834018386314
47.843532014581,54.463772256425,38.741696059283
60.000000000000,60.000000000000,0.000000000000
60.000000000000,60.000000000000,60.000000000000
60.000000000000,60.000000000000,60.000000000000
60.000000000000,60.000000000000,60.000000000000
57.366812368162,21.936919162685,24.250889292388
45.164639337537,13.341605831076,36.798432935003
46.776960569646,44.974500924875,56.160032000275
42.173662020277,16.539688826241,2.738519782737
60.000000000000,60.000000000000,60.000000000000
17.930838521374,21.987659727835,32.811477328249
60.000000000000,60.000000000000,60.000000000000
60.000000000000,60.000000000000,60.000000000000
45.172862006832,37.666653236113,35.408094505946
36.618210767440,48.662613685607,38.910383053071
50.819709429880,33.417481831770,22.425337524261
60.000000000000,60.000000000000,60.000000000000
60.000000000000,12.508699950722,7.769777168201
48.175948637731,34.963885767920,58.554188814518
45.230932118728,37.572305618763,29.422556043898
10.369911480264,30.903244892721,22.311762466813
13.915093023188,57.733131347670,25.733928805384
28.876904662824,9.093473651492,40.065427730783
35.350873151255,21.899897261858,21.489031125026
31.840853841502,56.467890551150,13.399657577268
60.000000000000,60.000000000000,60.000000000000
60.000000000000,60.000000000000,60.000000000000
60.000000000000,60.000000000000,60.000000000000
38.137140654288,34.467813710891,27.236232321109
60.000000000000,60.000000000000,60.000000000000
60.000000000000,60.000000000000,60.000000000000
60.000000000000,60.000000000000,60.000000000000
41.153767363472,20.716205954146,3.604488127564
60.000000000000,60.000000000000,60.000000000000
16.244498408474,13.581927217955,31.616260554825
60.000000000000,60.000000000000,60.000000000000
43.199751292711,2.365290548393,35.235758163289
24.118983208574,32.844596012992,43.709458946858
60.000000000000,60.000000000000,2.695795789863
60.000000000000,60.000000000000,60.000000000000
39.066233052512,9.661675239978,26.873338845628
60.000000000000,60.000000000000,60.000000000000
60.000000000000,60.000000000000,60.000000000000
42.124546742293,31.748565930314,23.922812254747
60.000000000000,60.000000000000,60.000000000000
60.000000000000,60.000000000000,0.000000000000
60.000000000000,60.000000000000,0.000000000000
19.129042663011,29.094948127957,29.491879381312
60.000000000000,60.000000000000,60.000000000000
32.255379987728,58.725277713586,42.954404656738
60.000000000000,60.000000000000,60.000000000000
45.128469977288,43.035237204437,32.492414151397
60.000000000000,60.000000000000,0.000000000000
60.000000000000,60.000000000000,60.000000000000
43.775161327747,49.066496828647,49.970221710840
3.913334087931,38.164898529515,45.925627294430
43.125946263245,43.169880997065,5.067001281620
60.000000000000,60.000000000000,60.000000000000
54.617791067105,31.726304982101,30.386468500131
60.000000000000,60.000000000000,60.000000000000
44.732194999437,20.488639895304,26.077358752015
60.000000000000,60.000000000000,60.000000000000
60.000000000000,60.000000000000,60.000000000000
49.541121655600,18.091058332146,30.747065029001
47.155567760719,10.414320981665,38.695055123109
60.000000000000,60.000000000000,60.000000000000
38.442485934563,2.331369125075,54.229346053996
48.183648598728,21.137645592659,21.664792953386
47.901704526286,49.170107001511,5.301717784568
41.043360221987,47.211881187328,37.596710582838
60.000000000000,60.000000000000,60.000000000000
60.000000000000,60.000000000000,60.000000000000
60.000000000000,60.000000000000,60.000000000000
34.738587844257,15.786541137576,39.398882722228
42.684426189523,20.195343923008,24.079583994662
7.260061578061,16.426320386664,22.731195660184
60.000000000000,60.000000000000,60.000000000000
60.000000000000,60.000000000000,60.000000000000
60.000000000000,60.000000000000,60.000000000000
55.135712315378,21.596670529151,28.957636778622
60.000000000000,60.000000000000,60.000000000000
41.936722655582,30.836282688964,32.237578476536
33.025280924042,45.708906209120,0.227859056634
60.000000000000,60.000000000000,60.000000000000
60.000000000000,60.000000000000,60.000000000000
39.243506933146,19.842762314749,31.038447600659
44.657069895794,42.497792471193,0.529093508936
60.000000000000,60.000000000000,60.000000000000
60.000000000000,60.000000000000,60.000000000000
10.772394624551,26.045202544983,26.817914944608
55.112671320619,28.501499217084,27.157565714458
43.092822044121,26.634268824909,22.309917417184
47.527334920827,26.735192275959,9.126573872276
60.000000000000,60.000000000000,60.000000000000
17.577985768008,22.400155151660,45.959337184412
5.691808567245,48.319938423858,10.510712854751
36.619976422027,55.831090749810,35.419712750165
53.559279317988,6.531183505842,7.509942729985
60.000000000000,60.000000000000,60.000000000000
6.381450516706,60.000000000000,28.607776757906
46.033796419341,48.306528638480,12.202651083573
48.976145720711,32.069749144072,58.044903594388
48.123375181624,51.879613140309,51.572551849049
41.651946808802,37.484774626115,22.434308082993
60.000000000000,60.000000000000,60.000000000000
32.633965052896,60.000000000000,53.969592020803
47.283211265390,53.415621727504,44.301648757940
60.000000000000,60.000000000000,60.000000000000
60.000000000000,60.000000000000,60.000000000000
60.000000000000,60.000000000000,60.000000000000
49.259629646557,33.622748616310,18.274052034411
26.402701379166,19.407223633648,46.719820864871
27.746094177840,47.131503261965,7.964106346040
46.094039861042,26.606540281534,34.515455488259
26.069317733899,56.717819574057,3.133352044328
27.432545241327,33.066632862132,22.113765728467
60.000000000000,20.113354629768,60.000000000000
48.026460064786,33.803035045606,42.909507314303
60.000000000000,60.000000000000,60.000000000000
60.000000000000,60.000000000000,60.000000000000
60.000000000000,60.000000000000,60.000000000000
60.000000000000,60.000000000000,60.000000000000
25.824127464926,26.859825505311,50.507884222316
17.754549257766,43.218670384500,54.934219616206
60.000000000000,60.000000000000,60.000000000000
44.245187587030,41.784428406125,25.154022264563
0.000000000000,60.000000000000,60.000000000000
9.876164886012,48.031494519984,5.471356645089
41.418647717249,52.074493124601,31.485131783609
17.641739071508,37.806749197861,11.448336103675
60.000000000000,60.000000000000,60.000000000000
60.000000000000,60.000000000000,60.000000000000
60.000000000000,60.000000000000,60.000000000000
36.968346744034,42.070235517390,45.795673871574
7.301028873971,54.616493535223,27.849743576467
44.926875848281,28.352086249122,38.707583130367
33.799179293716,34.224539815276,37.568576232038
60.000000000000,60.000000000000,60.000000000000
60.000000000000,60.000000000000,60.000000000000
60.000000000000,60.000000000000,60.000000000000
35.383437075996,15.148918379232,10.709594249176
14.891787290384,44.753173822432,2.460381632182
22.670844204086,26.019825802450,17.071126442168
60.000000000000,60.000000000000,0.000000000000
16.778479528190,23.017132670073,22.641408038413
60.000000000000,60.000000000000,0.000000000000
37.597923820900,16.875788022969,33.785948637997
60.000000000000,60.000000000000,60.000000000000
38.292644995451,60.000000000000,26.855223812226
19.835484271718,0.092720706362,56.887752293912
60.000000000000,60.000000000000,60.000000000000
7.476433388214,57.994421509614,10.393206833476
60.000000000000,60.000000000000,60.000000000000
43.071009358835,19.018538155929,16.804245331575
48.787878193624,2.949153099316,30.581950792835
60.000000000000,60.000000000000,60.000000000000
48.321076679758,14.880188343083,41.927436153765
45.337434031192,49.938210905084,18.263233486751
51.313148653856,0.201890957674,42.371358388530
60.000000000000,60.000000000000,60.000000000000
60.000000000000,60.000000000000,60.000000000000
22.904201519622,55.880778755551,10.608260003103
52.537010390023,21.261439647102,36.507128087884
54.018710502983,26.553429006648,21.543598413528
4.122145372882,26.968899603475,44.234480829840
33.506379772296,10.722879175759,3.771566024348
60.000000000000,60.000000000000,60.000000000000
60.000000000000,60.000000000000,60.000000000000
60.000000000000,25.105162092190,60.000000000000
31.791302240565,13.141223153251,40.297479378101
60.000000000000,60.000000000000,60.000000000000
60.000000000000,60.000000000000,60.000000000000
60.000000000000,60.000000000000,60.000000000000
47.101977315183,16.986769331024,60.000000000000
44.789830727219,32.955015086390,51.342642023465
47.187405682310,53.550596042348,6.638691811455
29.393264329113,22.057396947220,12.968656796843
60.000000000000,60.000000000000,60.000000000000
48.908125903316,35.507863822522,0.009363668404
60.000000000000,60.000000000000,60.000000000000
48.607211669144,32.668206654210,4.774854118100
60.000000000000,60.000000000000,60.000000000000
60.000000000000,60.000000000000,60.000000000000
60.000000000000,60.000000000000,60.000000000000
49.032472514149,3.647908988585,42.458177663291
60.000000000000,60.000000000000,60.000000000000
60.000000000000,60.000000000000,60.000000000000
57.894195891257,54.506648001403,26.193876508166
42.086593946604,55.796636978192,41.736517403922
60.000000000000,60.000000000000,60.000000000000
44.783658318812,16.809504940804,18.153665534199
60.000000000000,60.000000000000,60.000000000000
60.000000000000,60.000000000000,60.000000000000
60.000000000000,60.000000000000,60.000000000000
52.466640188915,3.781017189306,20.569905188936
15.709070753646,43.177194942748,50.130809355213
29.394112765601,1.243167962616,1.580552307125
49.872697707216,34.218165608863,20.327468839223
55.542195204436,38.674945848571,0.467803503278
35.946362532235,43.127623845906,16.350082922283
52.072259439721,35.146783223069,54.398015752340
46.949767699943,26.979247108805,37.124834078993
60.000000000000,60.000000000000,60.000000000000
46.983962419831,46.395155873932,25.591228791526
60.000000000000,60.000000000000,60.000000000000
0.000000000000,32.211907726241,60.000000000000
60.000000000000,60.000000000000,60.000000000000
38.582632742955,38.120147634067,0.000000000000
60.000000000000,60.000000000000,60.000000000000
37.227462228122,9.577801346955,8.227831539325
60.000000000000,60.000000000000,60.000000000000
60.000000000000,60.000000000000,60.000000000000
60.000000000000,60.000000000000,60.000000000000
57.898487908630,28.663556515008,35.543844479016
31.372214502230,3.205939162697,35.547909407835
60.000000000000,60.000000000000,60.000000000000
47.379295223239,51.486301554571,41.098311152102
60.000000000000,60.000000000000,60.000000000000
52.070559797966,54.003343117526,41.161916250846
60.000000000000,60.000000000000,60.000000000000
15.713350781937,60.000000000000,25.607170751093
19.399682133518,28.151918528707,60.000000000000
31.360294020110,25.268298904011,48.105863805995
45.171413912159,25.196571904773,9.100808845567
3.396992819174,34.101682614695,10.913136070454
32.495496053859,1.052492538940,41.980045790993
60.000000000000,60.000000000000,60.000000000000
24.121036072052,40.325186737642,18.014615347935
49.150881455941,14.067029649363,33.465217924565
60.000000000000,60.000000000000,60.000000000000
50.059245763777,5.628714741374,29.058095652165
60.000000000000,60.000000000000,60.000000000000
49.181060745474,7.143742670398,10.033084397698
41.354546329878,38.875179352923,24.303137823382
60.000000000000,60.000000000000,60.000000000000
60.000000000000,60.000000000000,60.000000000000
58.048267050911,10.382730456273,35.341375152942
12.541148536798,35.388651322992,3.775001993954
60.000000000000,60.000000000000,60.000000000000
35.782854729111,34.980372349026,35.207891117122
50.373524827462,41.231983408477,45.066128091607
60.000000000000,60.000000000000,60.000000000000
60.000000000000,60.000000000000,60.000000000000
1.188794040653,0.622115639525,60.000000000000
42.024460297975,31.019660000637,27.067896945774
60.000000000000,60.000000000000,60.000000000000
60.000000000000,60.000000000000,60.000000000000
11.244306473859,42.160604850902,57.583960433414
60.000000000000,60.000000000000,60.000000000000
54.997450358067,36.361103360324,27.360268605994
55.427607322223,1.502641608676,8.627528834241
60.000000000000,60.000000000000,60.000000000000
60.000000000000,60.000000000000,60.000000000000
60.000000000000,60.000000000000,60.000000000000
52.970370314403,18.005641841974,10.363487274672
1.028046545851,54.819479535139,51.750814621359
60.000000000000,60.000000000000,60.000000000000
60.000000000000,60.000000000000,0.000000000000
33.295239126902,19.217961522539,9.798935478382
60.000000000000,60.000000000000,60.000000000000
4.086847160519,24.216259801050,30.056382235831
60.000000000000,60.000000000000,0.000000000000
2.339616102320,0.370027952817,0.346653503647
60.000000000000,60.000000000000,60.000000000000
52.153758868722,32.034452324923,38.943154501019
0.000000000000,60.000000000000,60.000000000000
54.453707402469,5.513428952886,12.016447484114
60.000000000000,60.000000000000,60.000000000000
46.183061518378,34.618454093788,46.678984967460
60.000000000000,60.000000000000,60.000000000000
60.000000000000,60.000000000000,60.000000000000
40.369088857272,58.354368597882,6.477640777836
53.590335845663,16.385772820116,54.639304778847
60.000000000000,60.000000000000,0.000000000000
60.000000000000,60.000000000000,60.000000000000
60.000000000000,60.000000000000,0.000000000000
60.000000000000,60.000000000000,60.000000000000
60.000000000000,60.000000000000,60.000000000000
60.000000000000,60.000000000000,0.000000000000
60.000000000000,60.000000000000,60.000000000000
56.474435697119,49.437924582444,27.268802787346
60.000000000000,60.000000000000,0.000000000000
6.709748530213,2.898550122358,11.983335147765
60.000000000000,60.000000000000,60.000000000000
52.828925442330,23.350134509131,27.601660384927
50.199129011376,60.000000000000,11.769467002547
52.684394220103,51.542686395792,23.320983039215
60.000000000000,60.000000000000,0.000000000000
0.000000000000,60.000000000000,60.000000000000
57.615294627064,24.177824371038,27.044223316117
60.000000000000,60.000000000000,0.000000000000
0.000000000000,60.000000000000,60.000000000000
54.958520504288,49.068160758509,37.059478590816
42.145843281365,16.944149736949,29.500965142976
60.000000000000,60.000000000000,0.000000000000
53.657711276479,21.144784287288,22.141801135015
54.584607536848,31.252845204181,12.060888717537
57.778813126836,33.951589617122,36.748878870301
60.000000000000,60.000000000000,60.000000000000
37.120882135735,44.713186571680,18.474182638490
60.000000000000,60.000000000000,60.000000000000
48.500097134604,1.606208326930,56.556696785862
44.266032642560,27.708706672047,10.573972726521
60.000000000000,60.000000000000,60.000000000000
50.018455434346,19.704002827944,43.873880946293
57.301783852120,34.895893587359,40.696528212381
60.000000000000,60.000000000000,60.000000000000
60.000000000000,60.000000000000,60.000000000000
53.868264821615,4.167476839416,53.590628150934
53.967627506052,39.123655071595,28.300291702816
42.995707980711,43.828108527595,59.096394237168
14.158699041076,17.156804401570,58.626653807770
58.003729495588,6.997525135297,3.513413590801
53.802435546827,21.812941439830,18.564607379795
55.973911511158,27.238223824347,7.809696699536
60.000000000000,60.000000000000,60.000000000000
1.502035510245,0.145892307284,11.772747160821
5.012792045535,60.000000000000,2.826808115791
60.000000000000,60.000000000000,0.000000000000
60.000000000000,60.000000000000,0.000000000000
57.793689814860,13.627619123821,6.122380449754
60.000000000000,60.000000000000,60.000000000000
60.000000000000,60.000000000000,60.000000000000
60.000000000000,60.000000000000,60.000000000000
48.466216050459,6.869323498992,5.742503790400
37.728070595977,24.164604165690,17.328126955288
13.651173509661,29.573807794636,4.462841768944
60.000000000000,60.000000000000,60.000000000000
60.000000000000,60.000000000000,0.000000000000
20.428556633408,0.035970704018,53.655007520080
30.717290830953,29.705532988022,24.613560197521
28.983958207583,39.773675668055,34.207263618316
59.231748868753,58.938001188927,29.726495890638
60.000000000000,60.000000000000,60.000000000000
26.002917584454,30.521007459931,30.208153483097
60.000000000000,60.000000000000,0.000000000000
60.000000000000,60.000000000000,60.000000000000
50.537173935341,24.993616320700,24.514185708089
60.000000000000,60.000000000000,0.000000000000
60.000000000000,60.000000000000,0.000000000000
53.884571152474,28.959710664692,50.586761767969
60.000000000000,60.000000000000,0.000000000000
60.000000000000,60.000000000000,60.000000000000
60.000000000000,43.962524196057,40.521631116799
54.985527516896,1.341024932355,17.085249925517
60.000000000000,60.000000000000,60.000000000000
60.000000000000,60.000000000000,60.000000000000
3.504198762602,36.269730860959,48.506318860640
44.909729898535,0.449484504166,11.730331882764
20.197905530759,36.664861204558,46.544743650142
60.000000000000,8.067839299156,29.086598266951
29.280945856769,40.345109842607,2.598667495038
57.219755174677,11.697887906458,3.972503951920
57.884987835898,15.078811885182,14.573691197357
60.000000000000,60.000000000000,60.000000000000
13.649246083441,34.545786502450,13.065722870071
60.000000000000,60.000000000000,60.000000000000
60.000000000000,60.000000000000,0.000000000000
60.000000000000,60.000000000000,60.000000000000
60.000000000000,60.000000000000,60.000000000000
57.837806481039,10.327606521127,7.696668685599
53.935156425004,58.879456375810,35.376207061909
60.000000000000,60.000000000000,60.000000000000
60.000000000000,60.000000000000,60.000000000000
56.424543474334,36.986214245950,10.096432968973
60.000000000000,60.000000000000,60.000000000000
60.000000000000,60.000000000000,60.000000000000
60.000000000000,60.000000000000,60.000000000000
60.000000000000,60.000000000000,60.000000000000
0.000000000000,3.058300365415,34.006706512990
60.000000000000,60.000000000000,60.000000000000
46.840543683738,30.961288454123,22.042271783599
57.771511214182,55.682844616605,22.875637359146
60.000000000000,60.000000000000,60.000000000000
55.383057295798,58.553773870333,13.357510271296
60.000000000000,60.000000000000,60.000000000000
44.016208355761,11.103466446504,50.863460497029
60.000000000000,60.000000000000,60.000000000000
60.000000000000,60.000000000000,0.000000000000
60.000000000000,60.000000000000,60.000000000000
60.000000000000,60.000000000000,60.000000000000
7.198956759062,60.000000000000,60.000000000000
60.000000000000,60.000000000000,60.000000000000
51.139859268393,36.702531449583,27.650537694782
42.054900877720,0.632175680497,40.800104192801
29.746223322272,38.742291006997,4.144176978087
60.000000000000,60.000000000000,60.000000000000
60.000000000000,60.000000000000,60.000000000000
46.417654961226,13.595197381315,15.232673053140
47.775950307321,23.165414817429,21.760654373918
21.731435130809,10.811508431251,27.375338333112
60.000000000000,60.000000000000,60.000000000000
2.135469142961,18.202436784327,56.258294043616
60.000000000000,60.000000000000,60.000000000000
60.000000000000,60.000000000000,60.000000000000
25.494025579564,19.843474185526,50.704493544185
60.000000000000,60.000000000000,60.000000000000
41.298482919620,60.000000000000,38.311578228902
40.263618222162,39.519251539218,31.318007472123
53.345994239544,33.111908423956,29.850936455031
57.418039480235,5.200088640024,18.663731556398
44.564093989345,32.186687366520,48.347143325009
50.860171866887,3.569899095141,30.861035015072
60.000000000000,60.000000000000,0.000000000000
41.629245012512,50.674296648844,26.240675701349
60.000000000000,60.000000000000,60.000000000000
60.000000000000,60.000000000000,60.000000000000
60.000000000000,60.000000000000,60.000000000000
4.214463094390,6.866910629359,33.040302193215
60.000000000000,60.000000000000,0.000000000000
55.871622698214,8.461610504218,17.503287911534
60.000000000000,60.000000000000,60.000000000000
60.000000000000,60.000000000000,0.000000000000
60.000000000000,60.000000000000,60.000000000000
57.785662656936,58.652091756922,20.535125162399
25.006286229784,8.996059507649,10.580706720188
60.000000000000,60.000000000000,60.000000000000
60.000000000000,60.000000000000,60.000000000000
48.711819720686,18.961343710268,19.058187597725
58.848696643247,25.359468792249,46.039639628691
58.025798710208,43.140027273068,4.721524204804
1.294880708927,31.945270110880,41.816098271174
56.569215819746,25.575255292550,0.899872797711
60.000000000000,60.000000000000,60.000000000000
57.525723350868,19.529554857531,27.192579465495
60.000000000000,60.000000000000,60.000000000000
36.305979398194,29.459626098361,22.954100252056
54.534143706786,30.988292908254,19.355798227092
24.917025133024,3.918270729139,23.547435227797
21.768838487380,12.128581388140,60.000000000000
60.000000000000,26.706888500451,0.000000000000
60.000000000000,60.000000000000,0.000000000000
56.630849660472,53.295550640037,1.519295167815
4.524796522595,27.079713406386,4.282326081271
58.977602075607,53.985866333322,51.049510254567
60.000000000000,60.000000000000,60.000000000000
2.929574285137,4.547052983764,34.616979475807
60.000000000000,60.000000000000,0.000000000000
60.000000000000,60.000000000000,0.000000000000
60.000000000000,60.000000000000,60.000000000000
13.396236539148,12.264555591385,57.227101329136
60.000000000000,60.000000000000,60.000000000000
