x,y,z
49.777727751666,15.138800111187,32.555072889552
60.000000000000,30.644220055698,60.000000000000
60.000000000000,60.000000000000,60.000000000000
56.491399806227,4.750920890160,1.096164261802
24.854753698981,41.726434578607,56.276141972770
60.000000000000,60.000000000000,60.000000000000
16.340383727355,60.000000000000,60.000000000000
18.674520419482,3.389696739003,29.146617495599
60.000000000000,60.000000000000,60.000000000000
60.000000000000,60.000000000000,34.344535697561
12.384037191330,47.118394413765,29.383514621224
60.000000000000,60.000000000000,60.000000000000
46.256472275567,19.050799011320,32.042105600962
0.151205881746,7.696124932317,20.753882986845
43.363707112482,4.819114093069,59.569411812285
60.000000000000,60.000000000000,0.000000000000
60.000000000000,26.165810068072,53.159594180370
60.000000000000,60.000000000000,60.000000000000
60.000000000000,60.000000000000,0.000000000000
32.763798876191,52.547202993553,28.177332601395
60.000000000000,60.000000000000,60.000000000000
60.000000000000,60.000000000000,60.000000000000
18.213718485765,21.983016309692,44.425705363315
29.814286729818,22.386601590236,24.109062091679
3.650356292712,31.410268524332,55.213679946615
60.000000000000,60.000000000000,60.000000000000
60.000000000000,60.000000000000,60.000000000000
60.000000000000,60.000000000000,0.000000000000
1.575792014484,55.924488463243,36.873521710962
54.372217616192,21.329153824422,50.887936741847
0.636498167796,48.968304581308,58.596112699687
60.000000000000,60.000000000000,60.000000000000
2.493752439082,5.150838421431,1.974177263643
58.029424092489,51.672562868525,52.253865870327
60.000000000000,60.000000000000,60.000000000000
60.000000000000,60.000000000000,0.000000000000
60.000000000000,60.000000000000,60.000000000000
5.690345996585,9.023558975022,38.271128319257
8.891290977493,7.012036596744,37.085464228971
60.000000000000,60.000000000000,60.000000000000
31.490522987677,17.843716025852,32.330492364118
60.000000000000,60.000000000000,0.000000000000
49.138421169879,60.000000000000,17.921715555509
42.567941206651,10.851687881418,47.913066352237
8.414716447666,33.381271753571,43.868767528911
1.248580660557,54.572091903269,51.242825143762
4.447835384994,54.158021026647,53.925808569485
23.437481023219,46.545968095421,26.472149203304
58.505577740495,42.479949412320,28.113932939305
60.000000000000,60.000000000000,60.000000000000
0.631849723748,29.480197408493,49.523927002667
60.000000000000,60.000000000000,60.000000000000
2.916313217999,9.489093607358,39.758926354245
42.590072429847,56.611272036394,44.760048443047
33.253636303699,25.491650319990,47.018613126972
60.000000000000,60.000000000000,60.000000000000
60.000000000000,60.000000000000,60.000000000000
0.000000000000,60.000000000000,60.000000000000
60.000000000000,60.000000000000,0.000000000000
33.815200481709,6.509307160191,18.338064946986
60.000000000000,60.000000000000,60.000000000000
60.000000000000,60.000000000000,60.000000000000
60.000000000000,60.000000000000,60.000000000000
3.408658981510,24.193564398895,31.797286467188
23.328106745220,40.616951424134,4.287990297015
0.000000000000,60.000000000000,60.000000000000
60.000000000000,60.000000000000,60.000000000000
17.316087389018,52.153829745191,23.518735665108
37.144865437308,57.296871323781,43.673010429768
60.000000000000,60.000000000000,60.000000000000
60.000000000000,60.000000000000,60.000000000000
60.000000000000,60.000000000000,60.000000000000
60.000000000000,60.000000000000,60.000000000000
60.000000000000,60.000000000000,0.000000000000
35.196747557916,13.306957222774,22.506038598179
60.000000000000,60.000000000000,60.000000000000
60.000000000000,60.000000000000,60.000000000000
60.000000000000,60.000000000000,60.000000000000
60.000000000000,60.000000000000,60.000000000000
60.000000000000,60.000000000000,0.000000000000
60.000000000000,60.000000000000,60.000000000000
40.439695549134,4.575988213749,18.932845371645
12.590312218839,38.495632447407,9.453358374714
48.947694416028,20.506130106865,14.585173576167
48.334219906044,57.775258879307,58.420579815104
60.000000000000,60.000000000000,60.000000000000
24.890865321683,16.820512142195,25.115962577929
60.000000000000,60.000000000000,60.000000000000
39.613627535554,7.519722375548,37.765828088276
60.000000000000,60.000000000000,60.000000000000
60.000000000000,60.000000000000,60.000000000000
60.000000000000,60.000000000000,60.000000000000
60.000000000000,60.000000000000,0.000000000000
19.587077607419,0.674032783607,41.642656441635
4.948963599728,16.251255208959,16.388555147711
60.000000000000,60.000000000000,0.000000000000
28.346455510539,28.094828168979,50.700025849558
2.794784219248,14.095864283763,31.495690430114
11.333928499847,55.751914718639,36.512475410095
60.000000000000,60.000000000000,60.000000000000
6.560043790006,55.381958982419,34.839110064381
60.000000000000,60.000000000000,60.000000000000
60.000000000000,60.000000000000,60.000000000000
60.000000000000,60.000000000000,60.000000000000
60.000000000000,60.000000000000,60.000000000000
60.000000000000,60.000000000000,60.000000000000
60.000000000000,60.000000000000,60.000000000000
60.000000000000,60.000000000000,6.375089281165
15.533059222227,29.564598665926,29.833122393169
60.000000000000,60.000000000000,60.000000000000
60.000000000000,60.000000000000,60.000000000000
60.000000000000,60.000000000000,60.000000000000
60.000000000000,60.000000000000,60.000000000000
60.000000000000,10.276150705851,60.000000000000
60.000000000000,60.000000000000,60.000000000000
60.000000000000,60.000000000000,0.000000000000
60.000000000000,60.000000000000,0.000000000000
60.000000000000,60.000000000000,60.000000000000
55.817008792133,0.210891311689,26.345941940312
4.158793854732,39.166535877979,10.172140476945
60.000000000000,60.000000000000,0.000000000000
60.000000000000,60.000000000000,60.000000000000
1.473994252632,14.145119585019,25.531147055989
11.741300706850,32.341647966437,29.380107321029
60.000000000000,60.000000000000,60.000000000000
60.000000000000,60.000000000000,60.000000000000
30.032738182235,28.712530589511,9.423087230634
9.107699462257,35.361585950251,34.274915783506
14.695930062131,23.687642116436,30.552621489771
60.000000000000,60.000000000000,60.000000000000
60.000000000000,60.000000000000,60.000000000000
13.957847468677,21.679311937295,30.034006421319
60.000000000000,60.000000000000,60.000000000000
45.639166451023,29.212743770246,16.339835741013
48.885947547800,8.365749799489,60.000000000000
60.000000000000,60.000000000000,60.000000000000
60.000000000000,60.000000000000,60.000000000000
0.000000000000,60.000000000000,60.000000000000
60.000000000000,60.000000000000,60.000000000000
60.000000000000,60.000000000000,0.000000000000
60.000000000000,60.000000000000,60.000000000000
60.000000000000,60.000000000000,60.000000000000
60.000000000000,60.000000000000,60.000000000000
3.193070352992,3.565466462611,34.621836705611
60.000000000000,60.000000000000,60.000000000000
39.034173836823,54.753026869137,9.088198906826
41.447450293121,3.388443100069,49.344794620597
47.838339987068,5.115357550387,60.000000000000
60.000000000000,60.000000000000,12.099424365890
60.000000000000,60.000000000000,60.000000000000
15.305847714208,51.356477899322,37.690007938223
60.000000000000,60.000000000000,60.000000000000
45.713634025563,45.579006447759,54.310557452909
60.000000000000,60.000000000000,60.000000000000
60.000000000000,60.000000000000,60.000000000000
60.000000000000,60.000000000000,60.000000000000
60.000000000000,60.000000000000,60.000000000000
60.000000000000,60.000000000000,0.000000000000
16.685239473154,25.758033838791,34.501065590110
60.000000000000,60.000000000000,0.000000000000
47.601636249830,19.801636654709,60.000000000000
60.000000000000,60.000000000000,0.000000000000
0.000000000000,60.000000000000,60.000000000000
60.000000000000,60.000000000000,60.000000000000
60.000000000000,60.000000000000,60.000000000000
60.000000000000,60.000000000000,0.000000000000
60.000000000000,60.000000000000,60.000000000000
60.000000000000,60.000000000000,60.000000000000
50.631212921757,48.718444716827,41.609091991200
60.000000000000,60.000000000000,60.000000000000
60.000000000000,60.000000000000,0.000000000000
29.560626205631,25.541958116261,26.631448276359
60.000000000000,60.000000000000,60.000000000000
13.671629819023,26.762774993551,22.968751238674
3.236817135880,29.893616298075,15.588411555371
60.000000000000,60.000000000000,0.000000000000
60.000000000000,60.000000000000,60.000000000000
23.086273530543,30.734588237880,47.632906389801
9.865837176709,44.286323544820,44.502732518907
60.000000000000,60.000000000000,60.000000000000
60.000000000000,60.000000000000,60.000000000000
60.000000000000,60.000000000000,60.000000000000
60.000000000000,60.000000000000,60.000000000000
60.000000000000,60.000000000000,60.000000000000
60.000000000000,60.000000000000,60.000000000000
7.567253264445,60.000000000000,38.197190252296
60.000000000000,60.000000000000,60.000000000000
60.000000000000,60.000000000000,0.000000000000
60.000000000000,60.000000000000,60.000000000000
60.000000000000,60.000000000000,60.000000000000
60.000000000000,60.000000000000,60.000000000000
60.000000000000,60.000000000000,60.000000000000
39.748295011478,46.523932600230,27.382188841688
19.758848066255,21.859623981514,52.370087198503
20.838274588267,49.993039279849,22.557371098512
6.675672894040,25.965673883502,43.871606564997
0.595831567962,15.050080896060,49.122991293871
60.000000000000,60.000000000000,60.000000000000
60.000000000000,60.000000000000,60.000000000000
60.000000000000,60.000000000000,60.000000000000
60.000000000000,60.000000000000,60.000000000000
0.000000000000,60.000000000000,60.000000000000
60.000000000000,60.000000000000,60.000000000000
60.000000000000,60.000000000000,0.000000000000
20.379821006116,28.100524236183,11.158161354615
60.000000000000,60.000000000000,60.000000000000
60.000000000000,60.000000000000,60.000000000000
60.000000000000,60.000000000000,60.000000000000
13.011401191349,6.415759827915,13.128927117317
60.000000000000,28.373947262481,48.304437318099
46.925508295480,40.320992343929,42.413173019030
60.000000000000,60.000000000000,60.000000000000
26.491357300932,46.954612558193,47.911443971467
60.000000000000,60.000000000000,60.000000000000
26.741206624553,2.111908678786,60.000000000000
60.000000000000,60.000000000000,60.000000000000
5.974820746539,32.707479931492,56.341026507806
60.000000000000,60.000000000000,60.000000000000
5.400570361746,8.961655839713,17.367114243792
60.000000000000,60.000000000000,60.000000000000
60.000000000000,60.000000000000,0.000000000000
0.323584138914,52.540767380788,10.000890622650
37.486001737135,22.209689668462,41.116151649510
60.000000000000,60.000000000000,60.000000000000
60.000000000000,60.000000000000,60.000000000000
12.491299107818,16.772388590401,14.708589880267
60.000000000000,60.000000000000,60.000000000000
60.000000000000,60.000000000000,60.000000000000
60.000000000000,60.000000000000,60.000000000000
60.000000000000,49.753439385631,36.061909689616
60.000000000000,60.000000000000,60.000000000000
60.000000000000,60.000000000000,60.000000000000
17.843363795113,22.438662403322,42.700153731198
60.000000000000,60.000000000000,60.000000000000
60.000000000000,60.000000000000,60.000000000000
60.000000000000,60.000000000000,60.000000000000
60.000000000000,60.000000000000,60.000000000000
60.000000000000,60.000000000000,60.000000000000
41.818924338296,54.855821462073,60.000000000000
60.000000000000,60.000000000000,60.000000000000
60.000000000000,60.000000000000,60.000000000000
0.771368485976,21.183265995476,22.851028210637
12.122472936439,55.774784099562,21.618204436179
60.000000000000,60.000000000000,60.000000000000
7.328338629100,57.323220405136,16.821515796271
60.000000000000,20.740682841821,27.364945481471
60.000000000000,60.000000000000,60.000000000000
60.000000000000,60.000000000000,0.000000000000
19.494893882594,13.160380126291,23.125190941838
28.174325204368,32.413659852369,23.636333815379
60.000000000000,60.000000000000,60.000000000000
1.411107186916,21.635455888142,6.224118890901
23.547573480801,53.871191799111,17.571076251101
60.000000000000,60.000000000000,60.000000000000
34.453048899580,53.587718290930,1.510943949421
60.000000000000,60.000000000000,60.000000000000
20.605280477912,39.745476468422,22.692653380135
23.098421567795,22.426340554221,33.259251957018
15.253906939159,43.731247627251,4.720613765378
60.000000000000,60.000000000000,60.000000000000
60.000000000000,60.000000000000,60.000000000000
60.000000000000,60.000000000000,0.000000000000
60.000000000000,60.000000000000,60.000000000000
60.000000000000,60.000000000000,60.000000000000
60.000000000000,60.000000000000,60.000000000000
60.000000000000,60.000000000000,60.000000000000
19.261319518474,36.820962065126,7.195015827039
60.000000000000,60.000000000000,60.000000000000
60.000000000000,60.000000000000,60.000000000000
60.000000000000,60.000000000000,60.000000000000
60.000000000000,60.000000000000,0.000000000000
30.942416518913,1.412602552357,0.961941284349
60.000000000000,60.000000000000,0.000000000000
12.481737071650,31.489081556044,36.851950660957
25.462862717698,60.000000000000,47.014325444296
60.000000000000,60.000000000000,60.000000000000
38.343562516376,50.358208051954,7.277598236396
38.480510714174,60.000000000000,51.040584117709
12.931622639032,43.964998993530,33.131848033644
60.000000000000,60.000000000000,60.000000000000
60.000000000000,60.000000000000,60.000000000000
10.538093392269,44.725034058571,28.841817786989
60.000000000000,60.000000000000,60.000000000000
53.658361429844,39.412796372396,38.530336159455
0.000000000000,60.000000000000,60.000000000000
60.000000000000,60.000000000000,60.000000000000
7.171200554212,13.199546877368,27.173698747641
11.120886139071,2.774364269908,29.302756253475
60.000000000000,60.000000000000,0.000000000000
60.000000000000,60.000000000000,60.000000000000
60.000000000000,60.000000000000,60.000000000000
60.000000000000,60.000000000000,0.000000000000
60.000000000000,60.000000000000,60.000000000000
60.000000000000,60.000000000000,0.000000000000
60.000000000000,60.000000000000,60.000000000000
60.000000000000,60.000000000000,60.000000000000
60.000000000000,1.887423795034,7.212649157972
60.000000000000,60.000000000000,0.000000000000
56.811789317542,45.241054249428,24.863900097458
60.000000000000,60.000000000000,60.000000000000
6.618638235252,28.335912095090,9.137997866672
26.774137016909,10.894374841630,8.986123026086
60.000000000000,60.000000000000,60.000000000000
27.930616219455,4.612075793437,33.423207876017
60.000000000000,60.000000000000,60.000000000000
13.640259870735,22.460038596315,22.490179875309
60.000000000000,60.000000000000,60.000000000000
60.000000000000,60.000000000000,60.000000000000
60.000000000000,60.000000000000,60.000000000000
60.000000000000,60.000000000000,60.000000000000
60.000000000000,60.000000000000,60.000000000000
47.517617705270,35.683854498008,16.265522004023
60.000000000000,60.000000000000,60.000000000000
60.000000000000,60.000000000000,0.000000000000
60.000000000000,60.000000000000,60.000000000000
42.027444401063,56.604802662218,48.288247938484
60.000000000000,60.000000000000,60.000000000000
60.000000000000,60.000000000000,60.000000000000
60.000000000000,60.000000000000,0.000000000000
60.000000000000,60.000000000000,0.000000000000
38.396828637860,23.796075571228,2.203760243995
52.546181779442,4.855394116571,36.784606789620
60.000000000000,60.000000000000,0.000000000000
60.000000000000,60.000000000000,0.000000000000
60.000000000000,4.707264852035,38.909786704006
60.000000000000,60.000000000000,60.000000000000
19.685395306784,35.682495396729,36.297692095099
60.000000000000,60.000000000000,0.000000000000
60.000000000000,60.000000000000,60.000000000000
60.000000000000,60.000000000000,0.000000000000
51.411117077702,57.836248712317,41.223800965870
6.937123580425,41.370650267073,23.045408414554
60.000000000000,60.000000000000,60.000000000000
60.000000000000,60.000000000000,0.000000000000
49.669318408668,58.592647702083,7.479034037918
60.000000000000,60.000000000000,60.000000000000
14.092239976143,1.630089236319,39.209557589537
60.000000000000,60.000000000000,60.000000000000
5.245182256710,46.412031605708,40.018045044330
60.000000000000,60.000000000000,60.000000000000
60.000000000000,60.000000000000,60.000000000000
60.000000000000,60.000000000000,60.000000000000
60.000000000000,60.000000000000,60.000000000000
60.000000000000,60.000000000000,60.000000000000
57.245276016383,14.203131994001,56.811427605868
60.000000000000,60.000000000000,0.000000000000
60.000000000000,60.000000000000,60.000000000000
60.000000000000,60.000000000000,0.000000000000
20.923883444658,38.992687354397,8.551424375922
60.000000000000,60.000000000000,0.000000000000
60.000000000000,60.000000000000,60.000000000000
60.000000000000,60.000000000000,0.000000000000
60.000000000000,60.000000000000,60.000000000000
4.325633457071,10.188514201273,58.580200824220
28.301008614782,60.000000000000,18.953971152638
60.000000000000,60.000000000000,60.000000000000
60.000000000000,60.000000000000,60.000000000000
60.000000000000,60.000000000000,60.000000000000
60.000000000000,60.000000000000,60.000000000000
3.601748932914,16.927527676777,56.621026969445
60.000000000000,60.000000000000,60.000000000000
60.000000000000,60.000000000000,60.000000000000
60.000000000000,60.000000000000,60.000000000000
60.000000000000,60.000000000000,60.000000000000
60.000000000000,60.000000000000,60.000000000000
60.000000000000,60.000000000000,60.000000000000
57.732953109613,0.967829436966,60.000000000000
60.000000000000,60.000000000000,60.000000000000
46.200780705660,56.412463204768,25.108089110518
3.380759382378,42.045291314869,24.982412650826
5.663835302387,1.779423583393,21.753191579453
19.371231160048,59.854782783489,22.053146196818
60.000000000000,60.000000000000,60.000000000000
60.000000000000,60.000000000000,60.000000000000
60.000000000000,60.000000000000,60.000000000000
60.000000000000,60.000000000000,60.000000000000
60.000000000000,60.000000000000,60.000000000000
60.000000000000,60.000000000000,60.000000000000
43.215922808438,13.930895469143,40.930378553403
60.000000000000,60.000000000000,60.000000000000
60.000000000000,60.000000000000,60.000000000000
58.754395712924,34.590847344480,41.064630562196
54.342507770324,1.159712643261,36.763453006008
60.000000000000,60.000000000000,60.000000000000
60.000000000000,60.000000000000,60.000000000000
60.000000000000,60.000000000000,60.000000000000
60.000000000000,60.000000000000,60.000000000000
60.000000000000,60.000000000000,60.000000000000
11.632520390374,4.748487652098,32.645918181000
0.000000000000,56.237749551071,60.000000000000
60.000000000000,60.000000000000,60.000000000000
60.000000000000,60.000000000000,0.000000000000
30.485902738230,24.491253495993,59.010023412048
7.770381146457,21.074845210467,24.779984194262
60.000000000000,60.000000000000,60.000000000000
21.437046865038,28.252767922554,21.890593489627
60.000000000000,60.000000000000,60.000000000000
32.636413022449,5.712754839607,49.083118979029
60.000000000000,60.000000000000,60.000000000000
60.000000000000,0.000000000000,60.000000000000
60.000000000000,60.000000000000,60.000000000000
4.514187820991,51.738981073459,28.487928349170
60.000000000000,60.000000000000,60.000000000000
36.632748890275,60.000000000000,11.732925933551
21.873652969303,12.910739363439,35.013218940328
11.917503233672,44.890765715606,24.569052524921
19.793148237751,54.823784830966,37.287424929091
60.000000000000,60.000000000000,60.000000000000
60.000000000000,60.000000000000,60.000000000000
60.000000000000,60.000000000000,60.000000000000
60.000000000000,60.000000000000,60.000000000000
8.921116752047,39.972275193995,37.720970903976
58.442409293825,56.565962384222,37.739066885281
0.000000000000,0.000000000000,0.000000000000
16.062438939653,39.266028228548,12.216507893133
60.000000000000,60.000000000000,60.000000000000
24.706015688499,48.120322002397,46.458286969660
20.514451567452,34.230122418414,30.809719367217
18.865085967942,10.366103741381,24.645185523297
60.000000000000,60.000000000000,0.000000000000
3.419756261034,11.599912594069,47.124182313560
60.000000000000,60.000000000000,60.000000000000
17.578830753582,24.600771733914,55.670828005361
11.748527376475,5.031235621742,36.233553071434
46.812423673981,24.799104764734,56.077752493604
60.000000000000,60.000000000000,0.000000000000
60.000000000000,60.000000000000,60.000000000000
19.298583891846,44.718875545999,45.505955244348
60.000000000000,60.000000000000,60.000000000000
60.000000000000,60.000000000000,60.000000000000
29.739998183963,23.133039075097,38.051986641404
3.276767108417,40.278851347208,22.282840597211
60.000000000000,60.000000000000,60.000000000000
50.559015446173,2.055723089639,53.277298203667
60.000000000000,60.000000000000,60.000000000000
60.000000000000,60.000000000000,0.000000000000
60.000000000000,60.000000000000,60.000000000000
60.000000000000,60.000000000000,0.000000000000
60.000000000000,60.000000000000,60.000000000000
28.258488151906,37.202828278122,26.370919259965
0.000000000000,60.000000000000,60.000000000000
60.000000000000,60.000000000000,60.000000000000
60.000000000000,60.000000000000,60.000000000000
60.000000000000,60.000000000000,60.000000000000
8.778780536267,37.250664124751,39.577727296987
60.000000000000,60.000000000000,60.000000000000
10.148497927884,20.599578868854,46.092894409570
0.000000000000,0.000000000000,0.000000000000
60.000000000000,60.000000000000,60.000000000000
60.000000000000,60.000000000000,60.000000000000
60.000000000000,60.000000000000,60.000000000000
50.100429277281,49.696892407874,24.850169052397
13.759277566284,48.635048017664,45.099460544386
36.605458788253,20.275550924253,44.018903972760
60.000000000000,60.000000000000,60.000000000000
46.046578728179,2.836580660383,59.994981606352
60.000000000000,60.000000000000,60.000000000000
57.945422540753,6.971531437070,59.460958952100
26.344923829151,26.067344825317,45.015714532531
60.000000000000,60.000000000000,60.000000000000
22.783272562784,33.205680293995,41.370769369537
60.000000000000,60.000000000000,60.000000000000
31.973969748023,31.524333818109,23.628746916731
60.000000000000,60.000000000000,60.000000000000
48.437987791839,28.321636394764,3.727372716413
9.099579536577,30.866293202298,59.754668775595
60.000000000000,60.000000000000,60.000000000000
43.535259337867,18.414228659048,34.702244965509
0.000000000000,4.850405717507,1.995881756439
60.000000000000,60.000000000000,0.000000000000
60.000000000000,60.000000000000,60.000000000000
60.000000000000,60.000000000000,60.000000000000
60.000000000000,60.000000000000,60.000000000000
60.000000000000,23.374138403112,60.000000000000
60.000000000000,60.000000000000,60.000000000000
11.496568762192,17.895816881980,26.065821124081
60.000000000000,60.000000000000,60.000000000000
60.000000000000,60.000000000000,60.000000000000
7.297863422457,5.502483685191,45.954790808109
14.339069638031,19.081847460489,21.281108597302
60.000000000000,60.000000000000,60.000000000000
43.170190402196,60.000000000000,60.000000000000
39.798841904077,22.550582952434,32.375249311739
26.932264663480,58.062227601473,45.103678869131
60.000000000000,60.000000000000,60.000000000000
60.000000000000,60.000000000000,60.000000000000
3.520890143832,45.755499772533,31.096111027188
60.000000000000,60.000000000000,0.000000000000
20.848237561791,2.502854546065,31.584244615249
0.000000000000,0.309301900580,60.000000000000
52.022317674540,15.897021857528,56.035234112402
31.724782585872,19.822484476348,14.801773304889
60.000000000000,60.000000000000,0.000000000000
60.000000000000,60.000000000000,60.000000000000
33.503292769844,41.300662688377,26.324040770432
1.189363184023,56.346708875762,57.249158924517
60.000000000000,60.000000000000,0.000000000000
18.286678232091,19.602308945609,25.910578778975
60.000000000000,60.000000000000,60.000000000000
60.000000000000,60.000000000000,60.000000000000
24.930354151374,31.463143913457,52.587493695619
60.000000000000,60.000000000000,60.000000000000
60.000000000000,60.000000000000,0.000000000000
60.000000000000,60.000000000000,60.000000000000
60.000000000000,60.000000000000,60.000000000000
60.000000000000,60.000000000000,60.000000000000
19.725869932650,49.568470455638,20.535754712247
60.000000000000,60.000000000000,0.000000000000
60.000000000000,60.000000000000,60.000000000000
60.000000000000,60.000000000000,0.000000000000
60.000000000000,60.000000000000,60.000000000000
60.000000000000,60.000000000000,60.000000000000
7.005787937644,1.737951566858,0.000000000000
18.901905221303,36.654837420857,31.302850287115
8.797373701626,2.475025673653,0.625855823812
60.000000000000,60.000000000000,60.000000000000
20.943276814693,57.005304759660,10.965353819105
60.000000000000,60.000000000000,60.000000000000
26.896147482609,6.548495912532,40.906619293817
60.000000000000,60.000000000000,60.000000000000
0.000000000000,60.000000000000,60.000000000000
60.000000000000,60.000000000000,60.000000000000
28.954842372443,36.075426168322,22.805339200273
60.000000000000,60.000000000000,60.000000000000
33.433447356424,22.486128632898,43.569588280581
52.380359982744,15.745610073465,57.303393423322
60.000000000000,60.000000000000,60.000000000000
17.777576611401,59.958013013956,22.626531271763
60.000000000000,60.000000000000,60.000000000000
24.245609711081,33.779599935417,54.315376834872
60.000000000000,60.000000000000,60.000000000000
60.000000000000,60.000000000000,60.000000000000
49.009327627702,0.816307332876,32.769350507362
60.000000000000,60.000000000000,60.000000000000
60.000000000000,60.000000000000,60.000000000000
60.000000000000,60.000000000000,60.000000000000
60.000000000000,60.000000000000,60.000000000000
60.000000000000,60.000000000000,60.000000000000
47.616551454803,44.054913648296,43.400647543495
26.853833750765,39.094504040140,37.945272213705
20.815266252525,60.000000000000,22.441777983199
60.000000000000,60.000000000000,0.000000000000
60.000000000000,60.000000000000,0.000000000000
60.000000000000,60.000000000000,60.000000000000
60.000000000000,60.000000000000,60.000000000000
60.000000000000,60.000000000000,60.000000000000
49.607920582927,12.506497720505,40.629101770894
60.000000000000,60.000000000000,60.000000000000
16.654122202612,9.617158639618,41.337547765790
60.000000000000,60.000000000000,60.000000000000
29.559029719563,21.868421409206,36.865613467907
60.000000000000,60.000000000000,60.000000000000
16.707145092077,15.255244548709,52.816598920633
60.000000000000,60.000000000000,60.000000000000
60.000000000000,60.000000000000,60.000000000000
60.000000000000,60.000000000000,60.000000000000
60.000000000000,60.000000000000,60.000000000000
17.104131172122,43.422822932259,50.505408863572
60.000000000000,60.000000000000,60.000000000000
6.975419292112,12.090068084930,56.044351277139
60.000000000000,60.000000000000,60.000000000000
46.560143496285,24.951576225241,46.516873043887
34.292273559446,20.798346680080,27.697350480970
60.000000000000,60.000000000000,0.000000000000
60.000000000000,60.000000000000,60.000000000000
60.000000000000,60.000000000000,0.000000000000
21.900968695541,16.796462336541,37.254428908706
60.000000000000,60.000000000000,60.000000000000
22.279019722168,0.162617151792,31.230206433062
60.000000000000,60.000000000000,0.000000000000
23.171074776427,13.744640830543,2.566951706597
60.000000000000,60.000000000000,60.000000000000
60.000000000000,60.000000000000,60.000000000000
60.000000000000,60.000000000000,60.000000000000
21.393621422937,12.375906083906,18.825955830078
35.913160257190,31.190403096063,16.488634251315
25.770752891271,13.728201140188,33.571249102226
60.000000000000,60.000000000000,60.000000000000
29.029334766098,49.599554719066,38.622428501379
8.768631477549,22.335856722713,56.870931670395
60.000000000000,60.000000000000,60.000000000000
60.000000000000,60.000000000000,60.000000000000
60.000000000000,60.000000000000,60.000000000000
60.000000000000,60.000000000000,60.000000000000
1.485236491257,50.926779010921,59.712486664616
60.000000000000,44.867986353149,60.000000000000
27.173529887537,15.824315481384,0.328955575522
56.575368479387,52.410348832131,14.369895081937
60.000000000000,60.000000000000,60.000000000000
60.000000000000,60.000000000000,0.000000000000
58.267491438794,25.767376936722,55.911709032362
60.000000000000,60.000000000000,0.000000000000
60.000000000000,60.000000000000,60.000000000000
26.754596625169,27.339576985899,20.381726372126
26.027224735651,41.457036410415,32.576702831954
60.000000000000,60.000000000000,60.000000000000
60.000000000000,60.000000000000,60.000000000000
60.000000000000,60.000000000000,60.000000000000
60.000000000000,60.000000000000,60.000000000000
60.000000000000,60.000000000000,60.000000000000
60.000000000000,60.000000000000,0.000000000000
60.000000000000,60.000000000000,60.000000000000
60.000000000000,60.000000000000,60.000000000000
60.000000000000,60.000000000000,0.000000000000
37.092167300896,25.151047960642,6.699117604922
60.000000000000,60.000000000000,60.000000000000
24.826874044336,16.205494328600,18.270434642330
60.000000000000,60.000000000000,0.000000000000
60.000000000000,60.000000000000,60.000000000000
52.485747190833,38.110993265379,36.993446089326
60.000000000000,60.000000000000,60.000000000000
25.471812112955,32.052771439201,42.874057691461
60.000000000000,60.000000000000,60.000000000000
60.000000000000,60.000000000000,60.000000000000
60.000000000000,60.000000000000,60.000000000000
60.000000000000,60.000000000000,60.000000000000
60.000000000000,60.000000000000,60.000000000000
60.000000000000,60.000000000000,60.000000000000
60.000000000000,60.000000000000,60.000000000000
0.000000000000,1.077947630785,36.895222450012
60.000000000000,60.000000000000,60.000000000000
18.481828475811,2.493623685043,60.000000000000
60.000000000000,60.000000000000,60.000000000000
60.000000000000,60.000000000000,60.000000000000
60.000000000000,60.000000000000,60.000000000000
60.000000000000,60.000000000000,60.000000000000
60.000000000000,60.000000000000,60.000000000000
22.971757163645,60.000000000000,9.424282945722
60.000000000000,60.000000000000,60.000000000000
60.000000000000,60.000000000000,60.000000000000
34.337626520021,19.460463362998,54.826050912945
29.877522534940,44.160382178593,36.343913352522
26.643021060750,21.577797485532,3.589837405760
60.000000000000,60.000000000000,60.000000000000
40.193859842448,51.615807995729,46.463823241500
60.000000000000,60.000000000000,60.000000000000
60.000000000000,60.000000000000,60.000000000000
60.000000000000,60.000000000000,0.000000000000
30.878868333156,40.196815585557,1.023878239539
60.000000000000,60.000000000000,60.000000000000
19.494730163826,34.723751203453,19.664674418390
60.000000000000,60.000000000000,60.000000000000
60.000000000000,60.000000000000,60.000000000000
60.000000000000,60.000000000000,60.000000000000
60.000000000000,60.000000000000,60.000000000000
24.747698262360,30.504932203507,22.664256326049
60.000000000000,60.000000000000,60.000000000000
23.700115366345,4.349364444320,32.277926879180
14.273208891009,36.170238408541,51.272941362353
60.000000000000,60.000000000000,60.000000000000
60.000000000000,60.000000000000,60.000000000000
60.000000000000,22.800121680348,60.000000000000
60.000000000000,60.000000000000,60.000000000000
16.980373146844,18.181403968060,51.965211069609
60.000000000000,60.000000000000,60.000000000000
60.000000000000,60.000000000000,60.000000000000
60.000000000000,60.000000000000,60.000000000000
60.000000000000,60.000000000000,60.000000000000
60.000000000000,60.000000000000,60.000000000000
60.000000000000,60.000000000000,60.000000000000
24.264899612928,22.451072440443,45.201697455681
6.649580984593,14.858496145193,20.361233027246
24.203577254084,13.212824564242,13.389264710820
60.000000000000,56.212720684733,29.074883988994
40.330656943935,10.077111711202,24.054576877401
60.000000000000,59.269528433092,60.000000000000
25.675829211268,4.787877774166,13.017964410689
60.000000000000,60.000000000000,0.000000000000
27.649579097040,3.082598490542,22.567554228615
60.000000000000,60.000000000000,60.000000000000
18.941199868048,11.274452895391,49.783316592679
33.147864389735,25.364930549325,11.872855682681
19.988636763005,57.940720822998,39.672093041129
60.000000000000,60.000000000000,60.000000000000
60.000000000000,60.000000000000,60.000000000000
60.000000000000,60.000000000000,60.000000000000
46.489575900011,37.831283181687,51.759702163719
60.000000000000,60.000000000000,60.000000000000
22.158093033087,32.760699548163,22.576582762180
14.572420339471,29.458497110423,46.150465618732
60.000000000000,60.000000000000,60.000000000000
60.000000000000,60.000000000000,60.000000000000
60.000000000000,60.000000000000,60.000000000000
60.000000000000,8.682247497723,54.319983495246
4.448624977742,12.914737206995,24.606099582400
11.020452611258,44.477093899327,23.094050256462
60.000000000000,60.000000000000,60.000000000000
60.000000000000,60.000000000000,60.000000000000
60.000000000000,60.000000000000,60.000000000000
60.000000000000,60.000000000000,60.000000000000
60.000000000000,60.000000000000,60.000000000000
60.000000000000,60.000000000000,60.000000000000
29.818302477168,22.526771897167,39.931401582591
60.000000000000,60.000000000000,60.000000000000
13.031164615898,42.701148919640,9.715599434174
60.000000000000,60.000000000000,60.000000000000
60.000000000000,60.000000000000,60.000000000000
60.000000000000,60.000000000000,60.000000000000
59.744128508658,16.552934772478,28.206832011941
60.000000000000,60.000000000000,60.000000000000
26.383323693655,59.040610441231,45.821041719601
60.000000000000,60.000000000000,0.000000000000
60.000000000000,60.000000000000,60.000000000000
30.617389556295,46.603566884648,33.089890643103
60.000000000000,60.000000000000,60.000000000000
22.447776350706,9.359688773320,42.355938808015
57.077822622608,29.556933637964,54.052764736180
53.627028670572,0.916408156556,50.032936755303
4.854552548744,38.438979024166,23.085333079910
60.000000000000,60.000000000000,60.000000000000
54.748406238651,22.874830551416,17.091010146313
34.424498475926,17.980366203389,37.463211819950
60.000000000000,60.000000000000,60.000000000000
60.000000000000,60.000000000000,60.000000000000
44.279354271670,57.075627854393,43.501056108119
60.000000000000,60.000000000000,60.000000000000
33.358307611667,17.150478355660,18.930278558719
12.946006786994,11.354973896333,18.465235152384
60.000000000000,60.000000000000,60.000000000000
60.000000000000,60.000000000000,60.000000000000
30.984755692661,9.327216477668,57.287029600646
60.000000000000,60.000000000000,60.000000000000
60.000000000000,60.000000000000,60.000000000000
60.000000000000,60.000000000000,60.000000000000
40.559347370835,60.000000000000,42.034201080487
60.000000000000,60.000000000000,60.000000000000
60.000000000000,60.000000000000,60.000000000000
60.000000000000,60.000000000000,60.000000000000
14.175415651372,10.303808077393,9.817828354341
60.000000000000,60.000000000000,60.000000000000
60.000000000000,60.000000000000,60.000000000000
60.000000000000,60.000000000000,60.000000000000
60.000000000000,60.000000000000,60.000000000000
5.050146044790,41.429616324913,12.713654918629
60.000000000000,60.000000000000,60.000000000000
60.000000000000,60.000000000000,60.000000000000
40.696553145656,42.618487287121,53.131634332071
35.016585907759,37.512488839499,31.537358918579
60.000000000000,60.000000000000,60.000000000000
60.000000000000,60.000000000000,60.000000000000
60.000000000000,60.000000000000,60.000000000000
60.000000000000,60.000000000000,60.000000000000
60.000000000000,60.000000000000,60.000000000000
54.482915579134,56.182572737542,3.822432797100
26.814511276621,5.917903657164,28.644323179938
60.000000000000,60.000000000000,60.000000000000
60.000000000000,60.000000000000,60.000000000000
55.078139378157,19.083086703900,8.768385364826
29.773380081974,55.956101592700,57.889237135653
60.000000000000,60.000000000000,60.000000000000
26.124941786712,16.881454305476,43.844820479864
60.000000000000,60.000000000000,60.000000000000
60.000000000000,60.000000000000,60.000000000000
33.837065759781,25.714622773853,31.038416629259
22.675896624047,51.947629421700,45.444538712572
60.000000000000,60.000000000000,60.000000000000
56.000000000000,55.802414901307,60.000000000000
60.000000000000,60.000000000000,60.000000000000
42.255580904961,35.762271158282,19.210439653841
60.000000000000,60.000000000000,60.000000000000
60.000000000000,60.000000000000,60.000000000000
60.000000000000,60.000000000000,60.000000000000
60.000000000000,60.000000000000,60.000000000000
27.660678064589,51.875241894965,3.435642835271
60.000000000000,60.000000000000,60.000000000000
12.612312692033,59.867067137987,11.578360339177
32.217252648229,12.085682584505,28.099882984301
60.000000000000,60.000000000000,60.000000000000
60.000000000000,60.000000000000,60.000000000000
26.066898985484,1.194949914467,23.016168500663
60.000000000000,60.000000000000,60.000000000000
60.000000000000,60.000000000000,60.000000000000
40.198345819948,31.314289945630,13.785753507231
46.461539727225,25.547818361837,27.460070565393
28.392804556690,30.846154030946,42.829443833235
47.934188651337,46.633870388656,7.189107757602
14.966991272855,39.421538267928,5.966428670938
57.732753603094,2.499374024385,52.531833497553
60.000000000000,60.000000000000,60.000000000000
60.000000000000,60.000000000000,60.000000000000
60.000000000000,60.000000000000,60.000000000000
60.000000000000,60.000000000000,60.000000000000
60.000000000000,60.000000000000,60.000000000000
50.319904713416,10.591758087734,28.914176090841
57.823351706129,23.681442998123,46.300207104415
25.417867917125,8.239535526199,48.551874467567
60.000000000000,60.000000000000,60.000000000000
28.579360646764,17.716231567381,60.000000000000
0.000000000000,60.000000000000,60.000000000000
60.000000000000,60.000000000000,60.000000000000
60.000000000000,60.000000000000,60.000000000000
37.323011354605,28.740773208304,41.787385729822
37.269751738325,15.222633596143,55.230827004182
60.000000000000,60.000000000000,60.000000000000
6.168983549725,53.273453624723,20.842849670898
60.000000000000,60.000000000000,60.000000000000
12.986824875350,3.291974158645,14.990175242608
60.000000000000,60.000000000000,60.000000000000
60.000000000000,60.000000000000,60.000000000000
60.000000000000,60.000000000000,60.000000000000
60.000000000000,60.000000000000,60.000000000000
60.000000000000,60.000000000000,0.000000000000
9.969293276331,27.016165405395,40.579258163358
0.828296335540,38.734170971569,29.424638329560
60.000000000000,60.000000000000,60.000000000000
60.000000000000,60.000000000000,60.000000000000
60.000000000000,60.000000000000,60.000000000000
2.284005058726,58.751200649320,37.413139878111
60.000000000000,60.000000000000,60.000000000000
60.000000000000,60.000000000000,60.000000000000
32.733337761238,3.835143883465,30.332684649345
60.000000000000,60.000000000000,0.000000000000
60.000000000000,60.000000000000,60.000000000000
60.000000000000,60.000000000000,60.000000000000
44.369365346315,34.916150171834,10.300848475738
60.000000000000,60.000000000000,60.000000000000
60.000000000000,60.000000000000,60.000000000000
35.067466134025,16.772891718687,32.861968411310
59.572347997090,8.319289642129,58.436974480532
20.658448809118,16.029561383350,2.351062091392
60.000000000000,60.000000000000,60.000000000000
57.013809834137,45.728447655159,28.155986577551
60.000000000000,60.000000000000,60.000000000000
60.000000000000,60.000000000000,60.000000000000
60.000000000000,60.000000000000,60.000000000000
0.000000000000,0.000000000000,0.000000000000
35.865530711488,0.283835700177,14.946992802151
12.685164806942,11.630498969563,9.686291295843
41.651526065308,46.157981652635,37.789027743225
43.901058080455,58.062325934137,26.099957176776
48.817640289554,35.698670984233,33.431011096203
60.000000000000,60.000000000000,60.000000000000
41.074758458935,24.984577805355,45.955086585636
60.000000000000,60.000000000000,60.000000000000
60.000000000000,60.000000000000,60.000000000000
60.000000000000,60.000000000000,60.000000000000
35.746384034257,25.625243463469,57.087611379756
33.925565167955,14.556898342173,47.130273180105
60.000000000000,60.000000000000,60.000000000000
60.000000000000,60.000000000000,60.000000000000
49.574806159658,18.841464232375,39.733209093720
27.998483432592,52.406044789083,51.173373137075
60.000000000000,60.000000000000,60.000000000000
28.939346829499,37.565023663367,42.340020937288
33.850334868900,25.881313226597,27.054383078777
60.000000000000,60.000000000000,60.000000000000
60.000000000000,60.000000000000,60.000000000000
60.000000000000,60.000000000000,60.000000000000
60.000000000000,60.000000000000,60.000000000000
60.000000000000,60.000000000000,60.000000000000
28.177326702570,44.019436713824,6.338165689518
60.000000000000,8.412103972640,49.554426029340
47.088407462930,13.585222788305,39.397501963086
60.000000000000,60.000000000000,60.000000000000
60.000000000000,60.000000000000,60.000000000000
60.000000000000,60.000000000000,60.000000000000
49.315434518539,14.987950982193,36.838087248892
60.000000000000,60.000000000000,60.000000000000
23.672571377652,6.472687321931,31.213540824927
3.246365258951,31.318933049732,3.159509636711
34.658111567301,0.357375426948,18.757191872837
60.000000000000,60.000000000000,60.000000000000
60.000000000000,60.000000000000,60.000000000000
0.000000000000,0.000000000000,0.000000000000
28.074323654997,20.880178980406,23.056963581477
60.000000000000,60.000000000000,60.000000000000
60.000000000000,60.000000000000,60.000000000000
60.000000000000,60.000000000000,60.000000000000
60.000000000000,60.000000000000,60.000000000000
29.989946849175,25.107588194251,39.874642282327
60.000000000000,60.000000000000,60.000000000000
16.966592351521,6.931581541367,48.269871133129
60.000000000000,60.000000000000,60.000000000000
60.000000000000,60.000000000000,60.000000000000
60.000000000000,60.000000000000,60.000000000000
60.000000000000,60.000000000000,60.000000000000
8.196084276404,31.161638787180,34.985817515641
58.143097194850,22.899842880815,21.698398126200
60.000000000000,60.000000000000,60.000000000000
60.000000000000,60.000000000000,60.000000000000
60.000000000000,60.000000000000,60.000000000000
60.000000000000,60.000000000000,60.000000000000
60.000000000000,60.000000000000,60.000000000000
22.302836326702,11.451765456761,25.747974321018
28.809488131851,35.415130471188,22.620208451701
0.147603851291,20.629572245186,33.484069378468
29.412445154003,6.557663036435,10.291460538410
9.320510009760,19.685974255098,55.890944965252
15.214237533515,32.244027993354,17.790057996025
60.000000000000,60.000000000000,60.000000000000
36.506661355472,14.263277068502,56.928233360252
60.000000000000,60.000000000000,60.000000000000
60.000000000000,60.000000000000,60.000000000000
20.116045691704,6.382249282093,40.735012246919
22.338072745393,18.768731639860,49.507983932342
37.180671965915,21.897998444865,47.026228353930
60.000000000000,60.000000000000,60.000000000000
60.000000000000,60.000000000000,60.000000000000
47.808285418440,60.000000000000,60.000000000000
60.000000000000,60.000000000000,60.000000000000
60.000000000000,60.000000000000,60.000000000000
45.316670405988,45.873559277802,40.935035009827
37.050257720436,41.691359532872,38.440196977872
60.000000000000,60.000000000000,0.000000000000
60.000000000000,60.000000000000,60.000000000000
60.000000000000,60.000000000000,60.000000000000
60.000000000000,60.000000000000,0.000000000000
60.000000000000,60.000000000000,60.000000000000
14.010905681815,3.199931736556,37.861264394962
59.140380909897,21.987449432050,3.582647928487
60.000000000000,19.879222156259,13.397585371434
56.758610617301,46.160795057099,10.955269090257
60.000000000000,60.000000000000,60.000000000000
60.000000000000,60.000000000000,60.000000000000
16.014701011506,58.412846153900,57.198392331704
39.486927873778,29.761535352870,17.092830969585
33.891410861936,7.499541258246,29.000854171343
54.045442472814,44.381861250159,32.037597936792
29.815642877345,58.878331250803,58.404901942937
26.775849893484,51.380131603976,43.115918375460
60.000000000000,60.000000000000,60.000000000000
27.155750992511,44.095928992625,41.815382910872
60.000000000000,60.000000000000,60.000000000000
60.000000000000,60.000000000000,3.094201867908
8.517422761270,7.200178563813,21.630910960824
11.791252192496,14.210059997346,14.323237133621
40.428777474610,14.766803582381,60.000000000000
60.000000000000,60.000000000000,60.000000000000
60.000000000000,60.000000000000,60.000000000000
60.000000000000,60.000000000000,60.000000000000
60.000000000000,60.000000000000,60.000000000000
60.000000000000,60.000000000000,60.000000000000
60.000000000000,60.000000000000,60.000000000000
0.000000000000,60.000000000000,60.000000000000
60.000000000000,60.000000000000,60.000000000000
60.000000000000,60.000000000000,60.000000000000
60.000000000000,60.000000000000,60.000000000000
60.000000000000,60.000000000000,60.000000000000
60.000000000000,60.000000000000,60.000000000000
60.000000000000,60.000000000000,60.000000000000
60.000000000000,60.000000000000,60.000000000000
60.000000000000,60.000000000000,60.000000000000
60.000000000000,60.000000000000,60.000000000000
60.000000000000,60.000000000000,60.000000000000
26.818987810325,52.711179206943,42.067021125753
57.557817237749,5.281424646893,37.965910659527
60.000000000000,60.000000000000,60.000000000000
44.768059492283,8.209001382693,1.896183486476
4.425540791912,50.254601224327,37.910633750284
0.000000000000,60.000000000000,37.379968467902
60.000000000000,60.000000000000,60.000000000000
60.000000000000,60.000000000000,60.000000000000
39.201188849839,36.705503492424,0.095133509673
60.000000000000,60.000000000000,60.000000000000
48.057481691180,31.087082299774,12.678702498779
60.000000000000,60.000000000000,60.000000000000
22.957836280608,24.724058715729,37.692794388767
60.000000000000,60.000000000000,60.000000000000
60.000000000000,60.000000000000,60.000000000000
60.000000000000,60.000000000000,60.000000000000
60.000000000000,60.000000000000,60.000000000000
60.000000000000,60.000000000000,60.000000000000
42.207105481509,6.880638081268,13.504848609676
60.000000000000,60.000000000000,60.000000000000
60.000000000000,60.000000000000,60.000000000000
15.083022162053,49.370847989022,53.329456578832
20.428036873762,20.234450602450,30.317926062561
60.000000000000,60.000000000000,60.000000000000
14.959890519012,13.221907106114,12.184210863658
60.000000000000,60.000000000000,60.000000000000
60.000000000000,60.000000000000,60.000000000000
60.000000000000,21.304472340879,45.745388037890
23.078018937280,17.585789595863,35.103598463561
60.000000000000,60.000000000000,60.000000000000
60.000000000000,35.554800893988,38.617838338266
60.000000000000,60.000000000000,60.000000000000
47.933242656301,29.599880694621,7.949387517665
60.000000000000,60.000000000000,60.000000000000
60.000000000000,22.578742609667,39.896031130764
60.000000000000,60.000000000000,60.000000000000
60.000000000000,60.000000000000,60.000000000000
34.101406709724,41.102034138526,12.112742742281
60.000000000000,60.000000000000,60.000000000000
0.000000000000,60.000000000000,60.000000000000
60.000000000000,60.000000000000,60.000000000000
34.420870298420,17.017976327968,27.393516518111
60.000000000000,60.000000000000,60.000000000000
49.740273655722,50.029616798379,22.544807006336
60.000000000000,60.000000000000,60.000000000000
60.000000000000,60.000000000000,60.000000000000
60.000000000000,60.000000000000,60.000000000000
60.000000000000,60.000000000000,60.000000000000
60.000000000000,60.000000000000,60.000000000000
60.000000000000,60.000000000000,60.000000000000
60.000000000000,4.092132444997,60.000000000000
35.565981894137,39.659912202102,34.390733065986
37.747964367585,9.427531782757,11.864913328789
60.000000000000,60.000000000000,60.000000000000
60.000000000000,60.000000000000,60.000000000000
60.000000000000,60.000000000000,60.000000000000
60.000000000000,60.000000000000,60.000000000000
60.000000000000,60.000000000000,60.000000000000
60.000000000000,60.000000000000,60.000000000000
23.208535692028,39.178726385367,57.305574693356
60.000000000000,60.000000000000,60.000000000000
60.000000000000,0.000000000000,20.539257873137
60.000000000000,60.000000000000,60.000000000000
57.182076362835,11.042102779875,25.005792516762
31.125488220362,17.482005627713,57.960899433731
60.000000000000,60.000000000000,0.000000000000
1.494582318536,60.000000000000,0.000000000000
60.000000000000,60.000000000000,60.000000000000
60.000000000000,60.000000000000,60.000000000000
20.976113648078,0.074541924641,27.269970567632
60.000000000000,60.000000000000,60.000000000000
52.291847029369,42.429061242778,30.229374304019
57.653695848234,14.166001266222,26.267660035489
10.995459529875,50.801153784240,37.377806358840
60.000000000000,60.000000000000,60.000000000000
60.000000000000,60.000000000000,60.000000000000
48.678283654514,16.461245994246,2.459298013184
60.000000000000,60.000000000000,60.000000000000
60.000000000000,60.000000000000,60.000000000000
60.000000000000,60.000000000000,60.000000000000
60.000000000000,60.000000000000,60.000000000000
60.000000000000,60.000000000000,60.000000000000
40.379655744527,28.923645164192,50.561603587067
27.664839602634,35.750858650417,52.483990320255
49.756989791647,24.993944749814,34.372590183342
24.060931657670,31.366804768686,56.544607047534
60.000000000000,60.000000000000,60.000000000000
60.000000000000,60.000000000000,60.000000000000
60.000000000000,60.000000000000,60.000000000000
60.000000000000,60.000000000000,60.000000000000
60.000000000000,60.000000000000,60.000000000000
43.987380084950,38.438623859458,45.294241839193
44.040772418876,51.219609446826,27.640812197449
60.000000000000,60.000000000000,60.000000000000
43.259639922213,9.713984792031,22.628980273662
53.469620639502,9.744978359095,60.000000000000
60.000000000000,60.000000000000,60.000000000000
60.000000000000,60.000000000000,60.000000000000
60.000000000000,21.818671229276,27.103422507793
60.000000000000,60.000000000000,60.000000000000
42.618075984434,33.246753344952,49.756347740844
60.000000000000,60.000000000000,60.000000000000
7.194200114889,3.062492172566,5.256983414149
60.000000000000,60.000000000000,60.000000000000
38.293047574144,60.000000000000,28.417060025444
56.867272444675,46.463714854036,6.906753573117
29.918095695138,53.068559325532,0.143288066830
58.207165372872,49.889330856634,52.956844184869
60.000000000000,60.000000000000,60.000000000000
10.269752303883,42.555876306371,41.796676480645
4.962799319289,38.271295716245,50.078965557018
60.000000000000,48.614180310559,21.301744783498
60.000000000000,60.000000000000,60.000000000000
8.128782902341,23.923430701851,26.236841366759
59.461459054526,14.768620182360,1.608093510425
60.000000000000,60.000000000000,0.000000000000
60.000000000000,60.000000000000,60.000000000000
60.000000000000,60.000000000000,60.000000000000
60.000000000000,60.000000000000,60.000000000000
25.550242724054,4.743032898512,27.058409230546
55.000905186266,46.520107348973,3.671641474503
0.027675056489,25.832561560639,24.725087172287
25.088917908999,51.992282257222,31.412300191987
60.000000000000,60.000000000000,60.000000000000
0.576359559212,18.694617729760,32.731850073561
60.000000000000,60.000000000000,60.000000000000
60.000000000000,60.000000000000,60.000000000000
19.861504736977,37.242563718436,30.283731581248
47.855910659838,34.248823018199,6.871109558356
10.537766179297,14.915691689292,33.963433420416
60.000000000000,60.000000000000,60.000000000000
60.000000000000,60.000000000000,60.000000000000
60.000000000000,60.000000000000,28.952655683848
60.000000000000,60.000000000000,60.000000000000
60.000000000000,60.000000000000,60.000000000000
34.292426041660,12.170426498995,19.992066962134
28.869749222151,37.385829855324,42.295108088190
29.920733071767,22.143153733683,19.027303386135
60.000000000000,0.000000000000,47.706796945975
60.000000000000,60.000000000000,60.000000000000
60.000000000000,60.000000000000,60.000000000000
60.000000000000,60.000000000000,60.000000000000
59.468271769433,54.494966241626,14.185346036175
60.000000000000,60.000000000000,60.000000000000
60.000000000000,60.000000000000,60.000000000000
60.000000000000,60.000000000000,60.000000000000
40.751783518651,17.970349433026,2.343072909250
60.000000000000,60.000000000000,60.000000000000
26.187402512429,47.408657991945,42.969530788568
60.000000000000,60.000000000000,60.000000000000
60.000000000000,60.000000000000,60.000000000000
3.572400810533,38.045449835429,12.758538832060
60.000000000000,60.000000000000,60.000000000000
60.000000000000,60.000000000000,60.000000000000
20.217294753508,19.466961392227,60.000000000000
60.000000000000,60.000000000000,60.000000000000
60.000000000000,60.000000000000,60.000000000000
10.429595387098,39.806407962446,51.181620750932
60.000000000000,60.000000000000,60.000000000000
60.000000000000,60.000000000000,0.000000000000
60.000000000000,60.000000000000,0.000000000000
47.325525310600,54.868526598107,6.249273186025
60.000000000000,60.000000000000,60.000000000000
60.000000000000,60.000000000000,60.000000000000
60.000000000000,60.000000000000,60.000000000000
17.788903672867,56.688842824982,25.537498543924
60.000000000000,60.000000000000,0.000000000000
60.000000000000,60.000000000000,60.000000000000
60.000000000000,60.000000000000,60.000000000000
60.000000000000,60.000000000000,60.000000000000
38.378514212271,39.621648889577,2.503688577992
60.000000000000,60.000000000000,60.000000000000
11.948277481045,7.565896066669,16.365167752193
60.000000000000,60.000000000000,60.000000000000
44.998172191768,5.399662169549,26.737408476058
60.000000000000,60.000000000000,60.000000000000
60.000000000000,60.000000000000,60.000000000000
60.000000000000,60.000000000000,60.000000000000
60.000000000000,60.000000000000,60.000000000000
60.000000000000,60.000000000000,60.000000000000
16.256882577251,10.626973532833,53.342529702813
48.807474974559,20.993246025658,21.266578476889
49.359311122309,55.852941986680,3.424613662394
60.000000000000,60.000000000000,60.000000000000
60.000000000000,60.000000000000,60.000000000000
60.000000000000,60.000000000000,60.000000000000
60.000000000000,60.000000000000,60.000000000000
48.643526406474,42.934189538318,53.490745269463
2.126186380744,22.075731640362,56.328209774230
60.000000000000,60.000000000000,60.000000000000
60.000000000000,60.000000000000,60.000000000000
60.000000000000,60.000000000000,60.000000000000
60.000000000000,60.000000000000,60.000000000000
60.000000000000,60.000000000000,60.000000000000
60.000000000000,60.000000000000,60.000000000000
57.001549207274,20.047085272105,11.851745185578
6.102569725280,25.105713373179,0.858546933374
60.000000000000,60.000000000000,60.000000000000
60.000000000000,60.000000000000,60.000000000000
60.000000000000,60.000000000000,60.000000000000
60.000000000000,60.000000000000,60.000000000000
60.000000000000,60.000000000000,60.000000000000
60.000000000000,60.000000000000,60.000000000000
50.425494021396,45.303694122534,0.703347814174
21.922314853551,27.974561656406,1.946434842686
43.630656713706,28.437032007011,25.335825038313
2.328422482982,34.964210616140,47.898769102155
60.000000000000,60.000000000000,60.000000000000
47.339298833367,9.730661124101,46.938072349544
60.000000000000,60.000000000000,60.000000000000
23.472547960056,46.520189822423,3.805434265669
27.791545380607,57.530432245699,5.244134152560
60.000000000000,60.000000000000,60.000000000000
60.000000000000,60.000000000000,60.000000000000
22.190421808133,29.265803192874,28.798635730811
55.777431392061,60.000000000000,45.978639145394
34.743209245865,11.161322721350,18.147378386678
21.832565815596,0.000000000000,20.978880828185
60.000000000000,60.000000000000,60.000000000000
10.932983076395,13.519932819590,11.437733858850
45.424566870479,43.016922081506,37.724379791874
60.000000000000,60.000000000000,60.000000000000
60.000000000000,60.000000000000,60.000000000000
60.000000000000,60.000000000000,60.000000000000
25.273878726607,3.594073631215,40.166549562664
51.691114260233,24.679839286716,4.377875657713
15.935345673300,26.261501097495,41.270534462335
60.000000000000,60.000000000000,60.000000000000
11.358053078144,31.621876783834,19.212366944522
10.307890842500,17.425635183703,50.455125316960
60.000000000000,60.000000000000,60.000000000000
57.101397751847,36.655814231750,39.222444734403
60.000000000000,60.000000000000,60.000000000000
60.000000000000,60.000000000000,60.000000000000
60.000000000000,60.000000000000,60.000000000000
60.000000000000,60.000000000000,60.000000000000
36.559203328767,29.580987864418,5.106731681529
0.000000000000,33.861581818749,60.000000000000
60.000000000000,60.000000000000,60.000000000000
9.160972184325,60.000000000000,1.146458533738
0.000000000000,60.000000000000,60.000000000000
16.087281219774,29.069190842087,29.988404562219
25.503310827985,32.445440655657,25.709235099974
60.000000000000,60.000000000000,60.000000000000
60.000000000000,60.000000000000,60.000000000000
60.000000000000,60.000000000000,60.000000000000
60.000000000000,60.000000000000,60.000000000000
8.903643847935,10.276440844156,37.206339657507
60.000000000000,60.000000000000,60.000000000000
60.000000000000,60.000000000000,60.000000000000
60.000000000000,60.000000000000,60.000000000000
60.000000000000,60.000000000000,60.000000000000
60.000000000000,60.000000000000,60.000000000000
60.000000000000,60.000000000000,60.000000000000
16.549391060689,48.442779863376,52.324740550597
60.000000000000,60.000000000000,60.000000000000
0.901437513617,37.780294740166,2.720129617983
60.000000000000,60.000000000000,0.000000000000
60.000000000000,60.000000000000,60.000000000000
60.000000000000,60.000000000000,0.000000000000
18.265444565413,18.380141149322,43.902492756835
60.000000000000,60.000000000000,60.000000000000
60.000000000000,60.000000000000,60.000000000000
54.745001153114,26.438666807554,60.000000000000
60.000000000000,60.000000000000,60.000000000000
20.999912672717,60.000000000000,60.000000000000
60.000000000000,60.000000000000,60.000000000000
35.561227789315,7.341716294196,13.547049713449
48.014541636412,5.131853671901,33.949465559532
60.000000000000,60.000000000000,60.000000000000
24.108952504212,20.756611313685,30.833430977965
60.000000000000,60.000000000000,60.000000000000
60.000000000000,60.000000000000,60.000000000000
60.000000000000,60.000000000000,60.000000000000
60.000000000000,60.000000000000,60.000000000000
45.031555907117,25.806152945919,60.000000000000
56.527641341177,21.457754961362,15.646971579461
31.545899838491,25.259825644699,34.464798870241
16.699896389045,7.152890384047,60.000000000000
40.063626975717,36.227241832016,18.892157860355
60.000000000000,60.000000000000,60.000000000000
60.000000000000,60.000000000000,60.000000000000
60.000000000000,60.000000000000,60.000000000000
9.783611538529,26.784680342192,22.790831888396
60.000000000000,60.000000000000,60.000000000000
60.000000000000,60.000000000000,60.000000000000
60.000000000000,60.000000000000,60.000000000000
30.261677481689,19.274233205623,60.000000000000
60.000000000000,60.000000000000,60.000000000000
60.000000000000,60.000000000000,60.000000000000
60.000000000000,49.398899307175,34.543021245648
60.000000000000,60.000000000000,60.000000000000
60.000000000000,60.000000000000,60.000000000000
60.000000000000,60.000000000000,60.000000000000
60.000000000000,60.000000000000,60.000000000000
60.000000000000,60.000000000000,60.000000000000
60.000000000000,60.000000000000,60.000000000000
60.000000000000,60.000000000000,60.000000000000
47.859491358809,6.451811818892,41.038007797585
60.000000000000,60.000000000000,60.000000000000
60.000000000000,60.000000000000,60.000000000000
60.000000000000,60.000000000000,60.000000000000
0.878619429212,59.957705277234,25.852774875648
60.000000000000,60.000000000000,60.000000000000
60.000000000000,60.000000000000,60.000000000000
60.000000000000,60.000000000000,60.000000000000
60.000000000000,60.000000000000,60.000000000000
60.000000000000,60.000000000000,60.000000000000
53.369562237655,1.784230767497,16.358811505141
60.000000000000,60.000000000000,60.000000000000
26.351059044981,41.202500095187,58.277163690255
49.414567484624,33.314718834995,14.791496884505
47.784955910798,29.092942191151,17.559189955640
60.000000000000,60.000000000000,60.000000000000
60.000000000000,44.439201980958,60.000000000000
60.000000000000,60.000000000000,60.000000000000
60.000000000000,60.000000000000,60.000000000000
37.585067082828,53.172698392888,14.556855295006
60.000000000000,60.000000000000,60.000000000000
0.000000000000,32.194436881740,60.000000000000
60.000000000000,60.000000000000,60.000000000000
38.167697526313,60.000000000000,0.000000000000
60.000000000000,60.000000000000,60.000000000000
60.000000000000,60.000000000000,60.000000000000
60.000000000000,60.000000000000,60.000000000000
60.000000000000,60.000000000000,60.000000000000
60.000000000000,60.000000000000,60.000000000000
49.568762046597,2.730115306456,20.956529986782
0.064266560208,11.057602670002,60.000000000000
60.000000000000,60.000000000000,60.000000000000
54.584121642549,5.601653662639,41.915651278381
60.000000000000,60.000000000000,60.000000000000
51.772956032761,55.688179945329,44.038598009157
60.000000000000,60.000000000000,60.000000000000
60.000000000000,60.000000000000,60.000000000000
60.000000000000,60.000000000000,60.000000000000
60.000000000000,60.000000000000,60.000000000000
4.615504474881,3.950375028880,2.192221861920
22.947052151312,32.165124770438,32.026102797103
31.832809767009,15.157659464897,14.583639851560
60.000000000000,60.000000000000,60.000000000000
34.682539904288,49.779349480352,42.292385283260
57.127069795037,60.000000000000,45.413036528029
60.000000000000,60.000000000000,60.000000000000
50.552577200566,27.354463343434,40.534067911493
60.000000000000,60.000000000000,60.000000000000
4.520710346903,15.838476387358,8.020101903806
48.298640700312,58.693076301878,36.120115888675
60.000000000000,60.000000000000,60.000000000000
60.000000000000,60.000000000000,60.000000000000
53.811655897075,25.206425054950,8.945126559554
28.597813230873,46.170065676993,41.270459935472
60.000000000000,60.000000000000,60.000000000000
46.824802172780,23.550959942096,43.730583833376
50.693435643521,2.267551469026,20.457840166947
60.000000000000,60.000000000000,60.000000000000
60.000000000000,60.000000000000,60.000000000000
1.159088571594,0.638266895434,60.000000000000
47.303489479661,20.391343163966,45.581324486278
60.000000000000,60.000000000000,60.000000000000
60.000000000000,60.000000000000,60.000000000000
60.000000000000,60.000000000000,60.000000000000
60.000000000000,60.000000000000,60.000000000000
24.111831692325,58.755351603022,2.312527729471
54.937627298721,2.583854537738,8.663791892595
60.000000000000,60.000000000000,60.000000000000
60.000000000000,60.000000000000,60.000000000000
60.000000000000,60.000000000000,60.000000000000
60.000000000000,60.000000000000,60.000000000000
47.000914872687,26.687184394733,2.586520117669
60.000000000000,60.000000000000,60.000000000000
60.000000000000,60.000000000000,0.000000000000
60.000000000000,60.000000000000,60.000000000000
60.000000000000,60.000000000000,60.000000000000
60.000000000000,60.000000000000,60.000000000000
60.000000000000,60.000000000000,0.000000000000
33.492219485913,11.378191604827,38.847012610509
60.000000000000,60.000000000000,60.000000000000
52.376489977556,33.280178723489,40.406640786159
0.000000000000,60.000000000000,60.000000000000
51.013321321302,1.669269227676,14.544415554458
60.000000000000,60.000000000000,60.000000000000
10.686430428879,32.525891979903,33.772957188413
60.000000000000,60.000000000000,60.000000000000
60.000000000000,60.000000000000,60.000000000000
60.000000000000,18.921381816030,17.651874592164
53.489572003944,16.148781632096,55.291171975466
60.000000000000,60.000000000000,0.000000000000
60.000000000000,60.000000000000,60.000000000000
60.000000000000,60.000000000000,0.000000000000
60.000000000000,60.000000000000,60.000000000000
60.000000000000,60.000000000000,60.000000000000
60.000000000000,60.000000000000,0.000000000000
60.000000000000,60.000000000000,60.000000000000
56.022509159618,53.297006246699,26.870060205166
60.000000000000,60.000000000000,0.000000000000
60.000000000000,60.000000000000,60.000000000000
60.000000000000,60.000000000000,60.000000000000
56.318970954835,11.489035815309,19.734327049345
60.000000000000,60.000000000000,60.000000000000
31.990290743273,26.860008758354,8.462613408871
60.000000000000,60.000000000000,0.000000000000
0.000000000000,60.000000000000,60.000000000000
52.202994773760,57.871581796029,9.079535321943
60.000000000000,60.000000000000,0.000000000000
0.000000000000,60.000000000000,60.000000000000
52.854797181033,54.632690864215,31.988138136834
60.000000000000,49.444317350439,1.468138060775
60.000000000000,60.000000000000,0.000000000000
59.960331603556,26.573643802198,13.921657394230
60.000000000000,49.563214403060,60.000000000000
40.555520470323,16.882917561114,54.107591846958
60.000000000000,60.000000000000,60.000000000000
57.060810106488,11.256852960429,31.030936806188
60.000000000000,60.000000000000,60.000000000000
60.000000000000,60.000000000000,60.000000000000
60.000000000000,60.000000000000,60.000000000000
60.000000000000,60.000000000000,60.000000000000
46.818492364211,14.450549889364,39.043974137381
19.775170709294,54.480716024264,57.769324777493
60.000000000000,60.000000000000,60.000000000000
60.000000000000,60.000000000000,60.000000000000
41.974985242630,39.663350686384,40.642039263557
45.397471142653,45.964263719478,32.144083674301
9.200485294530,52.890480112087,33.960128472530
53.056458412988,46.530861138249,52.679496849260
52.202145719902,33.120853190919,28.442610163014
31.493331335316,5.487727505233,31.528432484327
57.969065508700,26.062218955414,7.368626052403
60.000000000000,60.000000000000,60.000000000000
46.467259991232,39.337914347835,18.576391848647
60.000000000000,60.000000000000,60.000000000000
60.000000000000,60.000000000000,0.000000000000
60.000000000000,60.000000000000,0.000000000000
3.247236311947,13.960561194531,34.410586832394
60.000000000000,60.000000000000,60.000000000000
60.000000000000,60.000000000000,60.000000000000
60.000000000000,60.000000000000,60.000000000000
51.607094951932,21.216002007698,8.646141271796
27.821450069936,19.592554757201,12.761726468389
22.327114326674,28.244973133880,55.852554764278
60.000000000000,60.000000000000,60.000000000000
60.000000000000,60.000000000000,0.000000000000
30.707783156524,33.153833621726,0.202605420544
60.000000000000,60.000000000000,60.000000000000
17.131896521981,43.661868383330,4.247719196001
59.257173942516,56.267413893600,6.763178513719
60.000000000000,60.000000000000,60.000000000000
8.812986914327,30.582276383014,52.129472596905
60.000000000000,60.000000000000,0.000000000000
60.000000000000,60.000000000000,60.000000000000
60.000000000000,60.000000000000,60.000000000000
60.000000000000,60.000000000000,0.000000000000
60.000000000000,60.000000000000,0.000000000000
52.414254383436,29.755877383662,46.277237099407
60.000000000000,60.000000000000,0.000000000000
60.000000000000,60.000000000000,60.000000000000
60.000000000000,60.000000000000,60.000000000000
60.000000000000,60.000000000000,60.000000000000
60.000000000000,60.000000000000,60.000000000000
60.000000000000,60.000000000000,60.000000000000
46.424077958003,47.494296676763,11.937269401411
31.024021427075,0.277470962979,27.384747916605
50.298030835265,16.802631858178,3.413326551711
60.000000000000,60.000000000000,60.000000000000
60.000000000000,60.000000000000,60.000000000000
56.256670986081,8.103146198330,9.111500335183
54.391456948334,10.366783397198,11.022607117325
60.000000000000,60.000000000000,60.000000000000
60.000000000000,60.000000000000,60.000000000000
60.000000000000,60.000000000000,60.000000000000
60.000000000000,60.000000000000,0.000000000000
60.000000000000,60.000000000000,60.000000000000
60.000000000000,60.000000000000,60.000000000000
60.000000000000,60.000000000000,60.000000000000
10.337094682752,56.163292060696,38.623372633320
60.000000000000,60.000000000000,60.000000000000
60.000000000000,60.000000000000,60.000000000000
56.092134729207,38.114447676490,11.293548800449
60.000000000000,60.000000000000,60.000000000000
60.000000000000,60.000000000000,60.000000000000
60.000000000000,60.000000000000,60.000000000000
60.000000000000,60.000000000000,60.000000000000
0.000000000000,60.000000000000,60.000000000000
60.000000000000,60.000000000000,60.000000000000
32.427542428130,13.659649463157,59.388908800481
60.000000000000,60.000000000000,60.000000000000
60.000000000000,60.000000000000,60.000000000000
52.604344501034,56.983697882589,12.601515921135
60.000000000000,60.000000000000,60.000000000000
17.713218860975,21.616165826606,60.000000000000
60.000000000000,60.000000000000,60.000000000000
60.000000000000,60.000000000000,0.000000000000
60.000000000000,60.000000000000,60.000000000000
60.000000000000,60.000000000000,60.000000000000
60.000000000000,60.000000000000,60.000000000000
60.000000000000,60.000000000000,60.000000000000
50.493712801356,28.899815984879,44.659424553126
60.000000000000,60.000000000000,60.000000000000
36.825031163428,47.647890780406,51.106044820339
60.000000000000,60.000000000000,60.000000000000
60.000000000000,60.000000000000,60.000000000000
21.402918903800,33.587625533823,11.556344110880
60.000000000000,60.000000000000,60.000000000000
0.000000000000,60.000000000000,60.000000000000
60.000000000000,60.000000000000,60.000000000000
60.000000000000,60.000000000000,0.000000000000
60.000000000000,60.000000000000,60.000000000000
60.000000000000,60.000000000000,60.000000000000
21.512355536599,55.238057447849,19.209432656253
60.000000000000,60.000000000000,60.000000000000
1.693662337390,60.000000000000,37.784209362083
16.259338261556,52.769117547441,21.127493202827
60.000000000000,60.000000000000,60.000000000000
60.000000000000,60.000000000000,60.000000000000
60.000000000000,60.000000000000,60.000000000000
19.361707734203,60.000000000000,12.990766447194
60.000000000000,60.000000000000,0.000000000000
25.571928127395,54.779727642010,27.036069428461
60.000000000000,60.000000000000,60.000000000000
60.000000000000,60.000000000000,60.000000000000
60.000000000000,60.000000000000,60.000000000000
24.428973730654,0.427167573925,40.059516366875
60.000000000000,60.000000000000,0.000000000000
45.555320884725,12.942831837434,4.451024990926
60.000000000000,60.000000000000,60.000000000000
60.000000000000,60.000000000000,0.000000000000
60.000000000000,60.000000000000,60.000000000000
58.118790557398,57.157412689333,23.248070000778
60.000000000000,60.000000000000,60.000000000000
60.000000000000,60.000000000000,60.000000000000
60.000000000000,60.000000000000,60.000000000000
21.067042665493,44.173661833076,22.314328739968
60.000000000000,60.000000000000,60.000000000000
56.593256509564,33.142957453593,58.961089343670
43.845625888914,12.729520104838,37.312504260353
55.299872030799,24.944094775522,0.336609701675
60.000000000000,60.000000000000,60.000000000000
32.980115567772,38.203959368463,18.457480668555
60.000000000000,60.000000000000,60.000000000000
60.000000000000,60.000000000000,60.000000000000
53.205631893014,36.446371189367,8.273042451669
60.000000000000,60.000000000000,60.000000000000
38.370180063156,9.656450054638,60.000000000000
60.000000000000,60.000000000000,0.000000000000
60.000000000000,60.000000000000,0.000000000000
53.285523801389,26.983633678066,57.113192656944
23.490095165200,49.719043925966,26.652439055364
60.000000000000,60.000000000000,60.000000000000
60.000000000000,60.000000000000,60.000000000000
2.870407322022,4.490884955510,34.568309899722
60.000000000000,60.000000000000,0.000000000000
60.000000000000,60.000000000000,0.000000000000
60.000000000000,60.000000000000,60.000000000000
6.875112814852,32.925443825464,32.417138738727
60.000000000000,60.000000000000,60.000000000000
