x,y,z
46.898354639604,20.384333306959,9.560976516906
8.105961409934,35.011321086500,33.400163362746
1.743533700718,20.061839738714,55.506180805930
51.561800096942,44.576127429423,8.062042092993
25.267272475632,17.315596101269,44.757295661566
60.000000000000,60.000000000000,60.000000000000
24.157463178762,11.735998324132,28.800519002392
2.880486606146,34.044154139861,34.722582709033
60.000000000000,60.000000000000,60.000000000000
59.937977751890,30.153352462278,33.232626711461
8.435852188292,36.712934758702,39.420140276766
60.000000000000,60.000000000000,60.000000000000
47.258104448186,58.726534212132,14.412640987899
2.850689880120,29.621507461296,54.961638833206
31.331671623404,51.244811478292,4.628250001002
60.000000000000,60.000000000000,0.000000000000
7.370672826598,9.316952498474,51.909438071954
32.519369255506,34.928517607315,34.288387762026
60.000000000000,60.000000000000,0.000000000000
38.890390502750,29.406960816512,20.100864995732
60.000000000000,60.000000000000,60.000000000000
26.309352036313,49.634817892238,35.137819724824
9.769124920229,52.083029434251,8.177500627954
30.774333463897,22.062691240007,11.618247076823
3.758939122338,34.561105632082,51.887326200094
46.474755362628,55.168141768523,13.152033397567
60.000000000000,60.000000000000,60.000000000000
60.000000000000,60.000000000000,0.000000000000
0.560711117670,58.004588571821,36.834145719178
11.605200075903,1.087690358265,51.091132940514
0.272293516963,46.476138869867,47.205750937345
60.000000000000,60.000000000000,60.000000000000
2.885196212939,4.494638389632,2.725555106452
0.613201359698,38.089741312435,18.678690064017
60.000000000000,60.000000000000,60.000000000000
60.000000000000,60.000000000000,0.000000000000
60.000000000000,60.000000000000,60.000000000000
6.242325831578,19.173052345786,35.412526453081
1.192843311750,10.330861011951,41.436923945160
60.000000000000,60.000000000000,60.000000000000
22.379495299591,35.265960952777,19.725722136392
60.000000000000,60.000000000000,0.000000000000
7.229625110325,55.003279375149,14.895799091308
14.759552820514,26.774059146980,13.931999842644
23.354666305620,51.374909106033,57.290918778397
9.773067187373,53.513069971849,12.397583256273
7.039505564021,52.959555349593,6.383322610571
24.199350875479,24.002459833080,40.379409639334
45.929859890368,59.298066341342,54.524197737212
60.000000000000,60.000000000000,60.000000000000
1.719755819682,37.213272476663,49.687080681509
60.000000000000,60.000000000000,60.000000000000
3.575474115423,9.730823254460,52.149562858545
11.984147320717,41.000251655444,32.205131951427
37.227968827485,6.777079297129,8.838311310323
60.000000000000,60.000000000000,60.000000000000
60.000000000000,60.000000000000,60.000000000000
0.000000000000,60.000000000000,60.000000000000
60.000000000000,60.000000000000,0.000000000000
19.013411721550,5.817367544163,25.384148560505
60.000000000000,60.000000000000,60.000000000000
47.828404498661,43.676520383775,33.870077887974
60.000000000000,60.000000000000,60.000000000000
55.434972729358,40.542590243266,1.021627784802
2.912930120904,37.352758867676,56.198999897644
0.000000000000,60.000000000000,60.000000000000
1.441666461286,36.690473435057,50.577057874994
8.146070067756,26.906952147521,13.198806172733
35.136208707035,27.779674867449,21.297862869476
60.000000000000,60.000000000000,60.000000000000
60.000000000000,60.000000000000,60.000000000000
60.000000000000,60.000000000000,60.000000000000
60.000000000000,60.000000000000,60.000000000000
60.000000000000,60.000000000000,0.000000000000
22.320120194822,25.143177858534,58.371477864718
60.000000000000,60.000000000000,60.000000000000
60.000000000000,60.000000000000,60.000000000000
60.000000000000,60.000000000000,60.000000000000
47.029862032775,17.578814301213,60.000000000000
60.000000000000,60.000000000000,0.000000000000
60.000000000000,60.000000000000,60.000000000000
2.110652826532,8.401274869701,36.804151835288
8.702139846080,37.858684821978,6.964982367374
4.800295758840,34.543003704784,15.568493346537
35.606710666586,27.457746808590,27.829366899200
5.374279580504,38.556391302433,30.256868967420
23.705256148425,16.679985482170,40.390420181729
60.000000000000,60.000000000000,60.000000000000
50.536839209504,10.805308708709,48.574629688816
60.000000000000,60.000000000000,60.000000000000
60.000000000000,60.000000000000,60.000000000000
60.000000000000,60.000000000000,60.000000000000
60.000000000000,60.000000000000,0.000000000000
1.227942600260,21.694720231681,28.877068351207
1.967954754169,17.668616441139,14.982166446432
60.000000000000,60.000000000000,0.000000000000
2.505859197522,24.260730158223,46.427323218124
0.687382721994,17.561618724879,31.916174355642
2.139794505432,55.700079507805,39.182711872369
13.699260612966,40.115162572620,13.711531048761
6.699217607596,55.348243908131,36.211092032108
6.854822186864,59.568622205320,26.651640902772
60.000000000000,60.000000000000,60.000000000000
60.000000000000,60.000000000000,60.000000000000
60.000000000000,48.167756237087,23.221447885969
60.000000000000,60.000000000000,60.000000000000
60.000000000000,60.000000000000,60.000000000000
38.046348244004,41.637945918695,12.645856159285
21.443376257675,30.351947415274,4.819515625490
60.000000000000,60.000000000000,60.000000000000
60.000000000000,60.000000000000,60.000000000000
60.000000000000,60.000000000000,60.000000000000
60.000000000000,60.000000000000,60.000000000000
19.586580886857,26.575424074250,39.994336022455
60.000000000000,60.000000000000,60.000000000000
60.000000000000,60.000000000000,0.000000000000
60.000000000000,60.000000000000,0.000000000000
15.821866523350,41.136829381194,56.396396343740
59.013545032109,13.873665520974,16.285834966455
4.300804868704,39.062009436228,13.486775582537
60.000000000000,60.000000000000,0.000000000000
60.000000000000,60.000000000000,60.000000000000
39.251794361888,23.621784988642,44.190093268405
9.899346620992,32.584805533455,26.841758597650
60.000000000000,60.000000000000,60.000000000000
60.000000000000,60.000000000000,60.000000000000
19.707979509812,22.837819151074,0.189702838566
9.222332641953,32.675692300746,41.603763636321
6.236598363250,10.882303706692,9.223488729290
18.584799939807,2.318609159755,23.123038711838
60.000000000000,60.000000000000,60.000000000000
4.276679301896,27.076998585613,33.169860697321
47.451220950774,45.868205759196,49.100098265656
12.902989137348,42.384384304911,24.958374028398
16.764744552188,46.820590922713,36.854648101745
60.000000000000,60.000000000000,60.000000000000
60.000000000000,60.000000000000,60.000000000000
16.049713065160,60.000000000000,11.383170825453
12.756450971200,7.545435589380,1.769393593038
60.000000000000,60.000000000000,0.000000000000
21.106684024163,60.000000000000,15.754120179197
19.525744785258,37.719471068946,33.609607275685
60.000000000000,60.000000000000,60.000000000000
1.555087153639,33.480223483215,21.380232424071
60.000000000000,60.000000000000,60.000000000000
26.131709154502,28.690218013641,15.092553742368
14.175884764866,8.109133123469,26.252968306320
47.670557575033,5.208660656317,49.201555052342
30.441132671454,19.879958831623,40.801253710508
60.000000000000,60.000000000000,60.000000000000
12.985396347422,56.374080956498,4.244404294528
60.000000000000,60.000000000000,60.000000000000
20.478544410879,14.285431628558,38.429590104758
14.559944196959,17.158318881457,16.600954812384
60.000000000000,60.000000000000,60.000000000000
12.663955304299,35.125795314899,21.901968715943
4.830174634396,40.812695500694,7.726552739032
60.000000000000,60.000000000000,0.000000000000
5.243821567359,12.099598978704,3.535158827601
60.000000000000,60.000000000000,0.000000000000
15.558374772058,60.000000000000,39.378636823956
60.000000000000,60.000000000000,0.000000000000
24.393011648508,48.395242018709,4.544402869173
60.000000000000,60.000000000000,60.000000000000
60.000000000000,60.000000000000,60.000000000000
60.000000000000,60.000000000000,0.000000000000
54.844631380538,27.749223126172,60.000000000000
60.000000000000,60.000000000000,60.000000000000
50.436479929188,17.859405838796,15.280953337695
60.000000000000,60.000000000000,60.000000000000
60.000000000000,60.000000000000,0.000000000000
10.487348266522,34.385672695283,38.318571844658
60.000000000000,60.000000000000,60.000000000000
11.571734866477,29.483175328699,21.390627326559
3.769771825865,29.831774228367,16.480393540332
60.000000000000,60.000000000000,0.000000000000
60.000000000000,60.000000000000,60.000000000000
54.154664850805,37.709632246956,5.126763634318
22.223454797243,7.038658821089,59.678579413883
8.973648530437,38.814526248213,37.967385778398
60.000000000000,60.000000000000,60.000000000000
60.000000000000,60.000000000000,60.000000000000
60.000000000000,60.000000000000,60.000000000000
60.000000000000,60.000000000000,60.000000000000
60.000000000000,60.000000000000,60.000000000000
32.758935884472,14.875485660499,12.644551306179
60.000000000000,60.000000000000,60.000000000000
60.000000000000,60.000000000000,0.000000000000
60.000000000000,60.000000000000,60.000000000000
60.000000000000,60.000000000000,60.000000000000
60.000000000000,60.000000000000,60.000000000000
60.000000000000,60.000000000000,60.000000000000
7.152692282825,46.999958889941,51.763129339160
10.589166989266,35.285950341704,36.581020870225
52.024127341819,32.998139410809,46.559016781911
4.927241027218,23.493057578693,50.590751737737
9.068472651148,41.849055845822,55.792358269464
21.477247540005,2.421635977390,12.017887656616
60.000000000000,60.000000000000,60.000000000000
60.000000000000,60.000000000000,60.000000000000
60.000000000000,60.000000000000,60.000000000000
0.000000000000,60.000000000000,60.000000000000
60.000000000000,60.000000000000,60.000000000000
60.000000000000,60.000000000000,0.000000000000
20.350465824445,15.997729900188,11.126220972870
60.000000000000,60.000000000000,60.000000000000
52.872373799203,51.654271235052,8.493425644833
13.524766244866,53.179940410924,21.873651336928
10.973153825222,8.697729964200,12.738028516600
51.662083246849,3.360360245736,46.671685826756
31.438343145878,13.049438892626,42.587834422805
60.000000000000,60.000000000000,60.000000000000
7.336012865438,13.437977565389,56.622348311907
60.000000000000,60.000000000000,60.000000000000
53.569038324397,43.192412368066,34.110387410270
60.000000000000,60.000000000000,60.000000000000
6.741641716397,32.183552909564,55.287103305749
30.375503055646,41.313494042872,2.199435233214
47.396046561756,57.388116793867,30.699059629373
60.000000000000,60.000000000000,60.000000000000
60.000000000000,60.000000000000,0.000000000000
8.052808929908,45.464962996537,16.723707426233
36.795981180869,13.822517883594,0.317012495847
60.000000000000,60.000000000000,60.000000000000
60.000000000000,60.000000000000,60.000000000000
41.267970479077,20.997249896687,16.806258767052
60.000000000000,60.000000000000,60.000000000000
60.000000000000,60.000000000000,60.000000000000
60.000000000000,60.000000000000,60.000000000000
47.998768420757,4.464144568282,38.911033740959
45.404134267634,14.078543228042,51.862117316530
55.647612363207,54.566359206352,32.935407741694
12.424805943266,54.398595483130,24.194829106367
60.000000000000,60.000000000000,60.000000000000
60.000000000000,60.000000000000,60.000000000000
60.000000000000,60.000000000000,60.000000000000
48.393607995045,45.856856972153,31.653244047653
43.094843852041,19.708821871061,46.990479361881
24.175609008163,22.025973087694,20.089810126541
60.000000000000,60.000000000000,60.000000000000
60.000000000000,60.000000000000,60.000000000000
2.005119448026,20.946522485152,22.560178067238
12.632080237630,55.859067121662,20.301338388245
60.000000000000,60.000000000000,60.000000000000
8.329257785550,56.222647472974,17.184994702715
13.738297564943,13.923984711196,27.474674983181
9.535193869760,50.127683170982,23.334853522392
60.000000000000,60.000000000000,0.000000000000
7.634745071948,46.986405270981,57.200048038629
47.100619552025,27.872914129778,40.913669534670
60.000000000000,60.000000000000,60.000000000000
22.579368601292,7.506794335781,47.414588693850
18.310563655408,13.513891059195,21.586504235742
2.488950437798,32.473609486485,29.008048470051
12.160709404623,5.616934484755,13.825931190733
60.000000000000,60.000000000000,60.000000000000
11.595217735548,52.202268831682,18.408875354783
17.289002623180,22.118698632895,32.868681998802
50.694495616601,25.661103830778,54.059016456968
59.605805744381,30.271436918703,49.686384491745
60.000000000000,60.000000000000,60.000000000000
60.000000000000,60.000000000000,0.000000000000
60.000000000000,60.000000000000,60.000000000000
60.000000000000,60.000000000000,60.000000000000
60.000000000000,60.000000000000,60.000000000000
60.000000000000,60.000000000000,60.000000000000
3.658127254979,6.239544819413,4.076662669584
60.000000000000,60.000000000000,60.000000000000
60.000000000000,60.000000000000,60.000000000000
4.351104473700,13.116086595909,60.000000000000
60.000000000000,60.000000000000,0.000000000000
7.844361161172,22.042276132823,9.891154283772
60.000000000000,60.000000000000,0.000000000000
10.541812382985,33.564243196194,29.354581069663
2.968032451135,40.425771982314,11.432992433783
9.650989447520,17.298391755183,18.453243588359
1.800220679756,41.881908654569,5.278472290438
6.572925862026,41.854599092910,44.728038092796
35.481030985252,41.984619395377,40.209153498560
60.000000000000,60.000000000000,60.000000000000
60.000000000000,60.000000000000,60.000000000000
9.259990386205,42.576634036652,26.840327461484
60.000000000000,60.000000000000,60.000000000000
27.688928072439,40.978425516116,38.727368074773
11.278293279031,48.856618041190,49.468188735919
60.000000000000,60.000000000000,60.000000000000
5.444003405790,37.493077182035,26.486979289679
21.044553945582,54.243293976422,44.913071725448
60.000000000000,60.000000000000,0.000000000000
60.000000000000,60.000000000000,60.000000000000
11.118582100112,24.420614058202,29.662521779593
60.000000000000,60.000000000000,0.000000000000
60.000000000000,60.000000000000,60.000000000000
60.000000000000,60.000000000000,0.000000000000
60.000000000000,60.000000000000,60.000000000000
60.000000000000,60.000000000000,60.000000000000
10.036189045488,50.340435218703,45.175584677764
60.000000000000,60.000000000000,0.000000000000
45.480126043593,39.321646475820,27.825460452520
60.000000000000,60.000000000000,60.000000000000
29.721103602167,17.561699443186,41.160464844857
21.092003293968,29.428768867186,32.968981767971
60.000000000000,60.000000000000,60.000000000000
41.159649278023,60.000000000000,19.381287969952
60.000000000000,60.000000000000,60.000000000000
12.819633115527,21.804234468006,22.065461841040
48.894076788160,60.000000000000,60.000000000000
60.000000000000,60.000000000000,60.000000000000
60.000000000000,60.000000000000,60.000000000000
60.000000000000,60.000000000000,60.000000000000
60.000000000000,60.000000000000,60.000000000000
11.697711434669,28.665551328463,45.381391751267
60.000000000000,60.000000000000,60.000000000000
60.000000000000,60.000000000000,0.000000000000
11.434554839488,51.545196998937,47.628903096895
15.762327589141,44.565800130509,29.782543042139
60.000000000000,60.000000000000,60.000000000000
60.000000000000,60.000000000000,60.000000000000
60.000000000000,60.000000000000,0.000000000000
60.000000000000,60.000000000000,0.000000000000
35.432919921294,30.059539181290,6.638438989884
1.336325853280,5.357037871144,13.889747779655
60.000000000000,60.000000000000,0.000000000000
60.000000000000,60.000000000000,0.000000000000
40.201522759990,54.563409176427,52.829186017045
60.000000000000,60.000000000000,60.000000000000
6.248906104690,51.325843408148,58.717030889894
60.000000000000,60.000000000000,0.000000000000
45.131546500271,58.110945385683,13.369776576510
60.000000000000,60.000000000000,0.000000000000
31.527666393173,40.983602611518,18.545007039089
51.358136843686,22.744980947241,45.545364111737
60.000000000000,60.000000000000,60.000000000000
60.000000000000,60.000000000000,0.000000000000
56.711590450218,24.744675961293,27.088225292385
39.545342160314,49.270744413392,36.305225458354
14.921018533293,1.308582753395,38.707724330347
60.000000000000,60.000000000000,60.000000000000
15.110825398407,46.718549732185,50.400857013968
60.000000000000,60.000000000000,60.000000000000
60.000000000000,60.000000000000,60.000000000000
60.000000000000,60.000000000000,60.000000000000
60.000000000000,60.000000000000,60.000000000000
60.000000000000,60.000000000000,23.797937377268
0.740978991790,25.508801215208,56.558650725149
60.000000000000,60.000000000000,0.000000000000
56.284692722694,25.042969741502,54.472487331655
60.000000000000,60.000000000000,0.000000000000
14.897343324443,30.919203935663,25.041990020777
60.000000000000,60.000000000000,0.000000000000
44.720901916832,10.809261206086,28.608032312436
60.000000000000,60.000000000000,0.000000000000
11.032600300691,41.394193246394,60.000000000000
8.127289120676,23.900855683364,39.672347174999
24.982067939661,33.824475350302,8.053651559113
60.000000000000,60.000000000000,60.000000000000
60.000000000000,60.000000000000,60.000000000000
60.000000000000,60.000000000000,60.000000000000
14.686127263571,53.795483467232,18.806728367723
1.881809399807,7.406159520309,54.555801415446
60.000000000000,60.000000000000,60.000000000000
60.000000000000,60.000000000000,60.000000000000
60.000000000000,60.000000000000,60.000000000000
27.904822980549,50.866491018356,27.267208514482
60.000000000000,60.000000000000,60.000000000000
60.000000000000,60.000000000000,60.000000000000
11.637058398138,13.167085258021,36.814680795239
60.000000000000,60.000000000000,60.000000000000
23.285847549860,6.786748989496,24.536095334507
7.570131285694,43.228568560178,43.021883037294
10.880332814045,10.848270241032,24.706700943192
56.496522696070,31.916042087832,28.396137413388
60.000000000000,60.000000000000,60.000000000000
60.000000000000,60.000000000000,60.000000000000
29.110855490270,21.337550834094,57.583725838805
23.572778445445,0.979889486329,30.750603978067
60.000000000000,60.000000000000,60.000000000000
56.454394715096,7.449946480533,0.646851489331
19.427288608807,18.361957184726,44.426005420018
60.000000000000,60.000000000000,60.000000000000
12.418776016286,38.093364198609,1.946726900977
13.459368425813,30.299483235044,24.870621341071
12.441017063274,28.808473980601,8.152088201321
60.000000000000,60.000000000000,60.000000000000
60.000000000000,60.000000000000,60.000000000000
16.115940207996,28.204785742028,40.329424707384
13.053779985835,2.805035056580,32.389152059570
60.000000000000,60.000000000000,60.000000000000
12.284751023186,4.645404213262,31.959217285137
0.000000000000,56.238541003120,60.000000000000
60.000000000000,60.000000000000,60.000000000000
60.000000000000,60.000000000000,0.000000000000
1.718168445654,45.314316959941,54.284346741385
12.993455985701,26.339107107825,26.655701305253
60.000000000000,60.000000000000,60.000000000000
15.789175280619,29.226885430675,21.180423029179
21.022994461975,34.818235154429,27.236633288959
16.093137309789,24.895486624863,27.665938166543
60.000000000000,60.000000000000,60.000000000000
60.000000000000,0.000000000000,60.000000000000
60.000000000000,60.000000000000,60.000000000000
1.219874942199,48.838264527110,53.857297417139
60.000000000000,60.000000000000,60.000000000000
20.528833603078,24.412077392599,40.728319686138
20.981906831631,5.909515930913,52.436605512856
13.807890924542,28.118954981331,32.720879644094
19.307539030075,55.215966110204,41.833368622903
60.000000000000,60.000000000000,60.000000000000
60.000000000000,60.000000000000,60.000000000000
60.000000000000,60.000000000000,60.000000000000
60.000000000000,60.000000000000,60.000000000000
12.653345613189,36.635084062055,39.017910042659
2.251311553995,42.642349867773,58.779745872452
0.000000000000,0.000000000000,0.000000000000
18.087669487467,16.633606471220,27.199690503168
60.000000000000,60.000000000000,60.000000000000
10.473675891921,13.462562523631,42.662655697406
6.259700576625,51.697696669941,39.915122778804
17.148644721509,9.992417533583,29.863738792406
52.448067957911,37.758317385020,23.472183283783
56.899304400331,44.425552900946,31.258285369038
11.913909809745,13.284133372862,30.047425605165
17.275847194982,23.642101469220,46.313021752280
13.154292144726,10.973626695015,34.868147860430
51.664517917616,37.827469245584,54.356653863448
60.000000000000,60.000000000000,0.000000000000
16.789363454182,58.721695821018,5.085846303161
15.388983380184,40.508380415253,43.457450450201
60.000000000000,60.000000000000,60.000000000000
15.279446545399,42.150528810861,36.305332806512
26.442421530490,23.089589599149,37.921491039954
8.809282666895,29.135037506447,10.302491933700
60.000000000000,60.000000000000,60.000000000000
37.714829955664,18.707858746853,36.605575077650
60.000000000000,60.000000000000,60.000000000000
60.000000000000,60.000000000000,0.000000000000
46.836367351986,18.920483970626,40.919332809651
60.000000000000,60.000000000000,0.000000000000
60.000000000000,60.000000000000,60.000000000000
25.621994106636,37.762204488921,27.209991249342
25.590683817701,33.079472279705,45.154541812102
60.000000000000,60.000000000000,60.000000000000
60.000000000000,60.000000000000,60.000000000000
60.000000000000,60.000000000000,60.000000000000
34.919488684069,52.805865368477,16.242513336004
29.350586894921,8.090382259194,39.839150109638
28.405285985372,24.664963599573,52.528125683387
0.000000000000,0.000000000000,0.000000000000
57.558074803168,58.348964969046,14.119576595436
9.468954918423,53.389942406512,33.305471595222
60.000000000000,60.000000000000,60.000000000000
39.780330596731,42.953494834570,6.713447926535
2.761167083430,16.724506859970,7.361350594984
56.502682762439,14.983486240435,42.057520919810
60.000000000000,60.000000000000,60.000000000000
37.573487754311,5.057895179513,12.751848998816
60.000000000000,60.000000000000,60.000000000000
20.176239847185,44.603674731785,39.382653187717
21.709366750079,4.878400985518,48.633862940243
16.409093878952,12.085167457266,42.972505416400
58.592243399253,27.677542132203,35.533906668569
60.000000000000,60.000000000000,60.000000000000
23.476288181917,45.976817142664,1.844350596550
60.000000000000,60.000000000000,60.000000000000
15.753386554653,37.196977775761,52.686596334390
13.291464807472,32.372468728425,49.652189134738
60.000000000000,60.000000000000,60.000000000000
9.962318814652,28.222756652421,34.711131969160
0.000000000000,4.850160052231,1.996104429077
60.000000000000,60.000000000000,0.000000000000
30.652358878149,33.006998898485,58.936358918144
60.000000000000,60.000000000000,60.000000000000
60.000000000000,38.101277729464,10.692826302644
49.076225394681,20.372582132643,41.810007793896
57.548149415454,18.490105077699,9.482322012752
14.268077747169,21.845713624324,24.857439306313
60.000000000000,60.000000000000,60.000000000000
60.000000000000,60.000000000000,60.000000000000
12.129220792604,53.802000040584,31.547404737668
14.856544494436,19.288066429013,21.449366295430
34.669173051438,27.623789681340,23.958917128006
60.000000000000,45.020401233399,19.514589483563
15.969316383446,27.432170743218,5.511308397048
7.035687102626,40.232247533486,59.331242852413
60.000000000000,60.000000000000,60.000000000000
60.000000000000,60.000000000000,60.000000000000
27.964049344576,26.489593738374,60.000000000000
60.000000000000,60.000000000000,0.000000000000
52.734746817613,43.727765553702,10.155578406500
0.000000000000,0.311387605805,60.000000000000
49.754381419568,15.004032509602,18.627796543261
25.601559347871,22.334220233321,17.096479949371
60.000000000000,60.000000000000,0.000000000000
60.000000000000,60.000000000000,60.000000000000
14.510708540595,37.558088977384,5.076756784124
28.005584878228,2.533579062985,29.954296834669
60.000000000000,60.000000000000,0.000000000000
21.901257061052,23.830404599384,27.299899043821
60.000000000000,60.000000000000,60.000000000000
60.000000000000,60.000000000000,60.000000000000
23.524823088714,33.186802575893,48.270532662626
60.000000000000,60.000000000000,60.000000000000
60.000000000000,60.000000000000,0.000000000000
60.000000000000,60.000000000000,60.000000000000
60.000000000000,60.000000000000,60.000000000000
60.000000000000,60.000000000000,60.000000000000
21.497110825977,55.949262837284,57.994083653016
60.000000000000,60.000000000000,0.000000000000
60.000000000000,60.000000000000,60.000000000000
60.000000000000,60.000000000000,0.000000000000
60.000000000000,60.000000000000,60.000000000000
23.920965177766,49.338077773338,30.272897402139
6.958105189298,39.375100746388,0.000000000000
22.383153648549,36.398382473728,31.170213987780
46.501803564655,22.861462377291,32.509946137284
60.000000000000,60.000000000000,60.000000000000
22.067408479431,57.075499883774,10.513102713462
60.000000000000,60.000000000000,60.000000000000
24.051831588498,16.143305313959,3.328137965093
60.000000000000,60.000000000000,60.000000000000
0.000000000000,60.000000000000,1.011245222535
60.000000000000,60.000000000000,60.000000000000
25.571042540002,34.706076085720,16.296598321041
60.000000000000,60.000000000000,60.000000000000
45.093736404146,27.449260810428,54.975363178809
12.187233671156,28.242572425767,6.072215241371
60.000000000000,60.000000000000,60.000000000000
19.508623382727,53.510347705535,18.545657935455
60.000000000000,60.000000000000,60.000000000000
24.138425666851,58.256799006490,9.394322689748
60.000000000000,60.000000000000,60.000000000000
60.000000000000,60.000000000000,60.000000000000
19.790764339148,17.626563726407,4.163173154381
60.000000000000,60.000000000000,60.000000000000
60.000000000000,60.000000000000,60.000000000000
39.230870981322,19.432218677021,21.962340390555
60.000000000000,60.000000000000,60.000000000000
60.000000000000,60.000000000000,60.000000000000
39.691914246867,17.043163921680,56.767585090876
24.499084413567,36.426475125396,37.767057702654
22.519212035798,59.632756879870,28.156353662036
60.000000000000,12.851397710150,0.000000000000
60.000000000000,60.000000000000,0.000000000000
24.585575659056,0.003601085851,57.681537608985
60.000000000000,60.000000000000,60.000000000000
5.134042774811,11.537910354385,42.217858353685
14.462789723840,60.000000000000,3.350365431773
60.000000000000,60.000000000000,60.000000000000
54.454335252919,10.895646939483,16.138892509018
60.000000000000,60.000000000000,60.000000000000
35.418651249048,19.961043679253,13.141101638353
60.000000000000,60.000000000000,60.000000000000
18.487703425287,16.905322115017,51.658219092790
60.000000000000,60.000000000000,60.000000000000
60.000000000000,60.000000000000,60.000000000000
19.635265796115,53.772064055890,5.443756185391
60.000000000000,60.000000000000,60.000000000000
22.064439547880,41.448275992518,30.314919397426
60.000000000000,60.000000000000,60.000000000000
11.244785988177,15.681742498688,50.998547394243
60.000000000000,60.000000000000,60.000000000000
48.690385511770,32.337662243713,40.859489869976
19.809900129054,35.854839970777,17.766542652879
60.000000000000,60.000000000000,0.000000000000
60.000000000000,60.000000000000,60.000000000000
60.000000000000,60.000000000000,0.000000000000
21.818396008833,17.060010495453,37.598014461310
60.000000000000,60.000000000000,60.000000000000
22.329039669588,0.088573028153,31.478520708653
60.000000000000,60.000000000000,0.000000000000
20.749163290414,9.297446659722,26.821310431051
60.000000000000,60.000000000000,60.000000000000
60.000000000000,60.000000000000,60.000000000000
20.784316456848,7.715463911621,30.710868056364
21.574965652793,11.333578461902,17.525231434159
34.538413107265,44.335304071699,50.203932949829
40.428145795360,46.660610844455,53.022339382164
60.000000000000,60.000000000000,60.000000000000
20.986205571197,10.329411628780,47.862672958383
31.156821424389,27.782298913098,24.243178203596
60.000000000000,60.000000000000,60.000000000000
60.000000000000,60.000000000000,60.000000000000
60.000000000000,60.000000000000,60.000000000000
60.000000000000,20.036066550528,30.344985301466
18.288327544552,50.964053189042,49.342275174023
26.723907243194,6.223039843138,17.642324869629
45.748366048803,59.381375043166,32.727489493303
7.948675671251,57.929360790443,21.484618521368
60.000000000000,60.000000000000,12.016498959327
60.000000000000,60.000000000000,0.000000000000
29.243916456411,58.341555593449,29.650101713969
60.000000000000,60.000000000000,0.000000000000
12.471679680894,10.565745379911,32.452569864945
25.322487282548,27.160496545846,20.364487771461
24.458442164375,43.931115150639,31.380912216548
27.168262006426,5.480751048622,46.883172394360
60.000000000000,60.000000000000,60.000000000000
60.000000000000,60.000000000000,60.000000000000
60.000000000000,60.000000000000,60.000000000000
60.000000000000,60.000000000000,60.000000000000
60.000000000000,60.000000000000,0.000000000000
60.000000000000,60.000000000000,60.000000000000
0.964389022655,34.758327892590,49.969873698449
60.000000000000,60.000000000000,0.000000000000
46.845671724910,45.320609744644,14.553708916807
7.396472981801,30.502227446876,27.518418084895
22.578962117779,16.054954458770,24.115597317301
60.000000000000,60.000000000000,0.000000000000
60.000000000000,60.000000000000,60.000000000000
6.333832959645,17.005278290698,42.183553436980
60.000000000000,60.000000000000,60.000000000000
29.603283035075,30.356930422345,43.532402391699
60.000000000000,60.000000000000,60.000000000000
60.000000000000,60.000000000000,60.000000000000
60.000000000000,60.000000000000,60.000000000000
60.000000000000,60.000000000000,60.000000000000
60.000000000000,60.000000000000,60.000000000000
60.000000000000,60.000000000000,60.000000000000
34.143342944075,2.913959594741,3.434698159455
22.002386837093,41.814898868725,37.683360335844
38.007451927018,15.848918027283,1.634021920142
32.101379992726,2.514420356497,60.000000000000
60.000000000000,60.000000000000,60.000000000000
60.000000000000,60.000000000000,60.000000000000
60.000000000000,60.000000000000,60.000000000000
60.000000000000,60.000000000000,60.000000000000
60.000000000000,60.000000000000,60.000000000000
22.391938212205,44.806342936891,16.886177873728
60.000000000000,60.000000000000,60.000000000000
60.000000000000,60.000000000000,60.000000000000
34.685572332527,59.149125363486,7.806908969476
28.746648015164,42.400076984653,36.121234267153
29.228852578365,36.582815572596,17.558378267171
60.000000000000,60.000000000000,60.000000000000
53.605040977279,32.322300488543,38.950872181468
60.000000000000,60.000000000000,60.000000000000
60.000000000000,60.000000000000,60.000000000000
60.000000000000,60.000000000000,0.000000000000
31.582182819456,51.455457973381,52.493123068351
60.000000000000,60.000000000000,60.000000000000
32.975359577099,25.741114052575,10.437317788910
55.636810336885,26.162038050103,30.076327456771
60.000000000000,60.000000000000,60.000000000000
60.000000000000,60.000000000000,60.000000000000
60.000000000000,60.000000000000,60.000000000000
21.355735958150,29.428369012014,33.561265296733
60.000000000000,60.000000000000,60.000000000000
26.616355513375,12.483981523224,29.027836077727
24.023525946339,5.093607853534,51.653650548715
60.000000000000,60.000000000000,60.000000000000
60.000000000000,60.000000000000,60.000000000000
2.211941308476,0.882258862004,7.518969577391
60.000000000000,60.000000000000,60.000000000000
56.853140225180,10.218285546617,48.640263415853
60.000000000000,60.000000000000,60.000000000000
60.000000000000,60.000000000000,60.000000000000
60.000000000000,60.000000000000,60.000000000000
39.419299678624,11.483839100943,32.824112877283
60.000000000000,60.000000000000,60.000000000000
60.000000000000,60.000000000000,60.000000000000
28.095790849284,12.697670292068,6.975810575026
47.771059078117,0.942409961914,16.672683999843
24.433251254233,13.605368349081,11.256875467855
60.000000000000,56.250720177920,29.358546596698
4.484589019098,48.449309148962,21.395530129284
38.477005420283,10.892626096115,9.387719833575
25.932494992068,13.029182346375,16.636779661850
60.000000000000,60.000000000000,0.000000000000
19.218637356634,59.233692888532,13.185680247723
60.000000000000,37.965079587744,60.000000000000
25.502372331678,30.895080435715,53.195921184992
39.265174216400,60.000000000000,12.188559017151
24.857884998472,21.358729937408,47.704533939460
60.000000000000,60.000000000000,60.000000000000
60.000000000000,60.000000000000,60.000000000000
37.320227763018,29.005816459220,44.199733806968
24.485567565179,9.552060004514,34.673445650443
60.000000000000,60.000000000000,60.000000000000
44.165675507295,54.915763126136,46.037739300500
33.310130064312,20.677588446097,44.832884171263
60.000000000000,60.000000000000,60.000000000000
60.000000000000,60.000000000000,60.000000000000
60.000000000000,60.000000000000,60.000000000000
22.361512749242,35.927429413400,16.214051472648
11.681554630488,39.348216062405,21.857900737166
23.598158163451,21.262029473414,28.936949942461
29.577503425695,14.184697776526,25.269833828360
60.000000000000,60.000000000000,60.000000000000
60.000000000000,60.000000000000,60.000000000000
3.683785224674,3.875892222440,58.630909287612
33.162070288340,34.826729588601,33.956516555742
60.000000000000,60.000000000000,60.000000000000
49.964894268600,10.053859461704,45.113198995524
14.485667740774,2.554547366828,52.905230998388
45.758222511920,45.813604584448,30.607109076496
60.000000000000,60.000000000000,60.000000000000
60.000000000000,60.000000000000,60.000000000000
60.000000000000,60.000000000000,60.000000000000
15.617169829067,2.238407876160,37.488921017183
60.000000000000,60.000000000000,60.000000000000
30.198439709546,56.881291723426,40.367547887709
60.000000000000,60.000000000000,0.000000000000
3.655047343196,38.021706364872,3.139982707682
30.323578481822,42.365649498076,28.357910903204
60.000000000000,60.000000000000,60.000000000000
5.127698119391,8.560490430114,11.920253950348
43.643049340263,39.872229499079,50.495825369155
32.677371387842,23.443631970966,39.609079204597
35.548119925742,37.348497062651,35.938183474419
53.324904797064,12.246042726899,32.173756114197
23.370554065435,23.736471082862,41.573773209529
34.218114979723,39.281871418294,43.617845353911
37.709152659008,50.523942272316,39.556002358823
60.000000000000,60.000000000000,60.000000000000
22.940800717883,50.275814094282,24.277667036896
60.000000000000,60.000000000000,60.000000000000
32.187075443352,15.884442448089,18.950697339161
12.338179362667,51.906332629189,49.055759926285
48.719428095758,21.868279516301,38.025037350809
60.000000000000,60.000000000000,60.000000000000
30.883778892150,12.746637745857,58.281450556164
60.000000000000,60.000000000000,60.000000000000
14.380744842987,41.792723350998,49.802609958929
60.000000000000,60.000000000000,60.000000000000
22.104824920838,27.184781788788,14.420352107069
60.000000000000,60.000000000000,60.000000000000
16.017045920191,12.585238832622,45.037594756186
16.782070361085,34.008796064653,23.610186895359
32.068356603335,27.970328909452,25.768212082771
60.000000000000,60.000000000000,60.000000000000
60.000000000000,60.000000000000,60.000000000000
44.088397366755,29.365855019305,38.181167274945
1.362595535525,56.118698942803,20.214293339206
6.037409926157,36.763774279413,17.603164962701
60.000000000000,60.000000000000,60.000000000000
60.000000000000,60.000000000000,60.000000000000
17.488092336583,60.000000000000,44.164359618085
35.485627021196,30.675900106214,22.017224788929
60.000000000000,60.000000000000,60.000000000000
60.000000000000,60.000000000000,60.000000000000
60.000000000000,60.000000000000,60.000000000000
60.000000000000,60.000000000000,60.000000000000
60.000000000000,60.000000000000,60.000000000000
15.820664306154,40.411957063859,5.948632311711
13.838058684097,22.653607949830,7.367745791165
50.479405269931,57.009645913832,60.000000000000
60.000000000000,60.000000000000,60.000000000000
21.048754534150,22.140809921383,47.207973932919
31.042747392355,55.527902626914,57.983427067746
23.883605126916,3.703826067139,60.000000000000
1.496129520483,43.345382991512,55.186931535318
60.000000000000,60.000000000000,60.000000000000
41.190490868996,60.000000000000,23.369209472228
31.080538891566,24.480329433261,29.344586074160
28.963047904421,39.129708240807,14.064051871899
60.000000000000,60.000000000000,60.000000000000
1.168377601033,56.762581403027,20.743876980183
26.756277054242,51.069639954979,14.616473685658
27.050366038213,13.501987905854,4.512980433419
60.000000000000,60.000000000000,60.000000000000
60.000000000000,60.000000000000,60.000000000000
60.000000000000,60.000000000000,60.000000000000
60.000000000000,60.000000000000,60.000000000000
35.294152382483,33.680920392303,26.075752297716
31.595466767784,46.200246680370,51.467622286319
49.046987918584,30.519260110805,26.295826813933
7.080541338124,49.000719415552,46.303293152419
60.000000000000,60.000000000000,60.000000000000
21.384322334039,34.850624202668,2.906951223047
26.709998155511,11.523014005990,27.445205682794
60.000000000000,60.000000000000,60.000000000000
60.000000000000,60.000000000000,60.000000000000
58.589776373965,4.663681535335,15.495334155532
41.593574028596,27.823022989647,28.946974449672
29.064614932752,30.408611910960,44.114702676634
10.950536359791,10.095007050961,23.153134700486
32.485257975647,46.336567933753,28.058025977497
45.159888086564,13.865163831949,19.845704984223
60.000000000000,60.000000000000,60.000000000000
60.000000000000,60.000000000000,60.000000000000
25.768564268979,21.198793883176,23.735349815593
60.000000000000,60.000000000000,60.000000000000
60.000000000000,60.000000000000,60.000000000000
47.872521407529,20.009266692391,33.554567190760
26.644208235544,12.249881396614,23.767980054413
24.364163099637,13.718999334507,41.991091667160
60.000000000000,60.000000000000,60.000000000000
27.250848244229,30.920928895327,33.301921752828
0.000000000000,60.000000000000,60.000000000000
60.000000000000,60.000000000000,60.000000000000
37.267378680356,45.213990785658,1.385263690615
35.869254045865,27.247287568298,39.543801272352
29.961914550887,16.664688153417,1.192410783814
60.000000000000,60.000000000000,60.000000000000
31.602621746065,54.087171545246,20.942365190327
60.000000000000,60.000000000000,60.000000000000
2.510458146286,25.645509342768,52.883722583247
3.715167870446,60.000000000000,12.866356313898
60.000000000000,60.000000000000,60.000000000000
60.000000000000,60.000000000000,60.000000000000
60.000000000000,60.000000000000,60.000000000000
60.000000000000,60.000000000000,0.000000000000
33.421084600945,34.618709063646,49.652971904326
4.873449013988,49.063906396405,36.685248262918
19.323823509757,39.402462997075,18.536633415218
60.000000000000,60.000000000000,60.000000000000
60.000000000000,60.000000000000,60.000000000000
30.378442231188,37.679601612233,31.822407070953
60.000000000000,60.000000000000,60.000000000000
60.000000000000,60.000000000000,60.000000000000
32.231156366303,4.456102214891,31.267816498834
60.000000000000,60.000000000000,0.000000000000
14.841946834747,31.069684817734,58.307087971940
60.000000000000,60.000000000000,60.000000000000
20.500044329789,37.230586476430,30.670286899439
35.452044201715,19.951766051597,35.251128961557
60.000000000000,60.000000000000,60.000000000000
33.206718491176,15.669540270319,55.169736408888
41.677715252971,20.513118962766,39.177017864538
35.317907066109,55.183034584264,44.309253055345
60.000000000000,18.660295823907,60.000000000000
39.967459103008,50.743634816722,35.267875740697
60.000000000000,60.000000000000,60.000000000000
60.000000000000,60.000000000000,60.000000000000
27.037943828537,33.222037593800,30.747637460498
0.000000000000,0.000000000000,0.000000000000
35.766637575137,0.249699660090,14.774760676314
54.711252635940,23.662097944232,25.113260847825
32.241169611151,43.173616213554,9.156883917919
51.362983723164,35.940871479614,14.847769223832
20.138072916716,50.001238226821,38.428462857446
60.000000000000,60.000000000000,60.000000000000
60.000000000000,55.555976618640,6.108710055546
16.757457654525,24.484008469745,26.664274109511
58.766357912673,22.614394498437,44.350997257048
40.935598439143,41.073150095418,30.916056833540
35.713480394763,26.006807374728,57.138870052592
14.887060641401,44.537019498066,46.282398724528
60.000000000000,60.000000000000,60.000000000000
60.000000000000,60.000000000000,60.000000000000
41.995392325914,7.700533920553,15.152020203345
32.138083931452,39.195655098764,37.192669938315
60.000000000000,60.000000000000,60.000000000000
29.939056440289,36.662289638614,40.911021916452
41.614152168854,1.271850657469,50.459346674426
60.000000000000,60.000000000000,60.000000000000
1.099984417114,33.321379263366,19.675235187872
60.000000000000,60.000000000000,60.000000000000
29.114351479047,30.045037588439,6.373868412788
60.000000000000,60.000000000000,60.000000000000
8.551383974421,57.021085809956,7.795868197584
26.107377941913,2.553975232956,5.604373429164
28.275197176385,49.092187274449,15.201460685969
60.000000000000,60.000000000000,60.000000000000
50.104741649709,57.944934654210,27.234887021586
60.000000000000,60.000000000000,60.000000000000
10.851931552812,43.487535075649,30.101442956491
60.000000000000,60.000000000000,60.000000000000
36.986144591283,6.842724645095,29.296064310095
34.068987568420,32.584324432637,42.647784655932
34.811983331670,0.049572255633,19.994039278587
60.000000000000,60.000000000000,60.000000000000
60.000000000000,60.000000000000,60.000000000000
0.000000000000,0.000000000000,0.000000000000
21.735506923034,10.112851487116,52.789856332162
60.000000000000,60.000000000000,60.000000000000
60.000000000000,60.000000000000,60.000000000000
60.000000000000,60.000000000000,60.000000000000
60.000000000000,60.000000000000,60.000000000000
13.916655819857,37.263920499459,19.116291021891
43.666610551317,1.318743015153,58.269814945289
43.634330280644,41.096034569617,44.769930828202
11.595243537475,10.998700582380,13.711443357692
44.975469578820,24.957002939156,43.063616870813
36.230660167629,32.225825766566,41.553409887009
60.000000000000,60.000000000000,60.000000000000
13.139121327262,32.066236898400,43.465064831380
36.677748380088,30.546347541426,25.579593918647
60.000000000000,60.000000000000,24.916130755563
60.000000000000,60.000000000000,60.000000000000
28.167377581688,24.608036276621,39.252461107269
60.000000000000,60.000000000000,60.000000000000
33.964239354708,34.789690998332,15.204333985349
39.889709401309,52.475432898715,26.949145094968
30.411988090318,34.848228940529,24.181019517387
30.387685755676,36.913216277065,34.487716277414
46.015525753621,59.433408267927,55.103135686910
44.351305074045,1.096220836574,48.717045140768
33.860151606828,4.799679627628,23.710993901899
60.000000000000,60.000000000000,60.000000000000
38.979616968350,60.000000000000,40.096388638550
60.000000000000,60.000000000000,60.000000000000
60.000000000000,60.000000000000,60.000000000000
45.000583152632,45.580339866834,50.319653009149
44.175075238279,56.366605859031,56.218160326534
38.503846105476,23.193825755039,38.088537306641
60.000000000000,60.000000000000,60.000000000000
60.000000000000,60.000000000000,60.000000000000
22.587539938237,42.555893306378,32.941492666116
60.000000000000,60.000000000000,60.000000000000
60.000000000000,60.000000000000,60.000000000000
42.266905650564,42.145147962526,41.779266008618
32.700012668357,27.372268977469,26.899441712430
60.000000000000,60.000000000000,0.000000000000
60.000000000000,60.000000000000,60.000000000000
50.077602017613,29.136556523378,29.868417368855
60.000000000000,60.000000000000,0.000000000000
60.000000000000,60.000000000000,60.000000000000
15.579636360377,8.407922886308,34.216712169495
8.307002278486,47.585711649028,12.900964389720
2.160306231943,20.304080917889,1.362647099861
51.112615579860,16.148531993026,35.934487600351
60.000000000000,60.000000000000,60.000000000000
19.891938990633,59.444970528493,55.496658060979
23.549065125250,47.406569808824,11.418696735512
39.855437616039,28.033381639482,25.274032309648
34.693946752813,19.262187185950,30.827882981701
42.089459475887,24.958810813299,28.571660982403
28.931160323015,27.214808115418,26.826087804566
38.758870056677,38.889914574543,12.619826123131
40.856413702404,1.608578095661,31.640668673796
16.370178535102,8.011021347119,58.246634093022
60.000000000000,60.000000000000,60.000000000000
47.084538223460,42.813210054248,35.093348277194
15.509221241056,6.754695242810,58.127999974208
49.502849714561,40.231594314071,19.861335205017
40.534092620443,7.735011690922,31.480637846557
60.000000000000,60.000000000000,60.000000000000
60.000000000000,60.000000000000,60.000000000000
60.000000000000,60.000000000000,60.000000000000
60.000000000000,60.000000000000,60.000000000000
59.461156650758,32.729528187093,42.008068843332
60.000000000000,60.000000000000,60.000000000000
0.000000000000,60.000000000000,60.000000000000
60.000000000000,60.000000000000,60.000000000000
60.000000000000,60.000000000000,60.000000000000
60.000000000000,60.000000000000,60.000000000000
60.000000000000,60.000000000000,60.000000000000
60.000000000000,60.000000000000,60.000000000000
60.000000000000,60.000000000000,60.000000000000
60.000000000000,60.000000000000,60.000000000000
60.000000000000,60.000000000000,60.000000000000
4.218434091947,17.262241996429,20.300844364080
60.000000000000,60.000000000000,60.000000000000
60.000000000000,29.239895243378,49.737173453034
35.199140602267,21.874574491397,24.508126399280
33.134664372597,4.501294595004,40.382609458614
10.848145987535,32.315510581928,45.442164445607
38.125826466249,36.965789362228,12.238541257770
0.000000000000,60.000000000000,53.008161236651
24.583679610505,49.438034306167,2.827508944320
16.730370535442,57.527659957050,0.351775761380
39.063761039357,36.901839825047,0.022152916139
60.000000000000,60.000000000000,60.000000000000
41.535051818564,18.428706196970,10.960125853805
60.000000000000,60.000000000000,60.000000000000
31.839921119184,60.000000000000,18.001079735610
60.000000000000,60.000000000000,60.000000000000
34.642420472165,14.249119293999,57.507901618466
60.000000000000,60.000000000000,60.000000000000
45.876824172733,55.412064093527,12.556471535859
60.000000000000,60.000000000000,60.000000000000
36.929213557925,10.244573710054,45.449601381438
41.649516120064,4.292391654949,12.205977681229
37.884316681004,15.507573965093,58.659196925045
18.972069852201,11.503168740190,33.613472949001
28.752375317386,19.550301610262,25.374554208693
60.000000000000,60.000000000000,60.000000000000
38.017070416635,17.580595037323,3.997087783602
60.000000000000,60.000000000000,60.000000000000
60.000000000000,60.000000000000,60.000000000000
32.843407393659,40.667020097623,27.941818202855
36.808133919156,29.344511778521,28.797698166399
60.000000000000,48.113037831474,50.976440034803
32.529349070333,22.711541553644,5.335344115545
60.000000000000,60.000000000000,60.000000000000
38.815387045717,54.982110802119,4.512422109256
60.000000000000,60.000000000000,60.000000000000
0.131387912619,55.258832281942,20.076293865273
60.000000000000,60.000000000000,60.000000000000
60.000000000000,60.000000000000,60.000000000000
35.417198749334,39.469322142326,13.444038907661
60.000000000000,60.000000000000,60.000000000000
0.000000000000,60.000000000000,60.000000000000
60.000000000000,60.000000000000,60.000000000000
36.963050304747,35.853421583658,36.529001584024
60.000000000000,60.000000000000,60.000000000000
44.896629693010,25.038174209803,5.836448860750
25.253369986433,60.000000000000,1.929883146700
60.000000000000,60.000000000000,60.000000000000
60.000000000000,60.000000000000,60.000000000000
60.000000000000,60.000000000000,60.000000000000
60.000000000000,60.000000000000,60.000000000000
37.267434350561,30.299801156260,25.736254034131
37.000247182957,1.347555431792,19.276805606197
35.963507033381,39.583053638282,34.285351967630
37.939607152638,9.222712177755,11.967136630872
60.000000000000,60.000000000000,60.000000000000
60.000000000000,60.000000000000,60.000000000000
24.110466741104,51.019947310366,28.252290778863
60.000000000000,60.000000000000,60.000000000000
60.000000000000,60.000000000000,60.000000000000
60.000000000000,60.000000000000,60.000000000000
18.241252964959,37.546455209459,45.647516032967
60.000000000000,60.000000000000,60.000000000000
60.000000000000,0.000000000000,20.539275798100
25.570355313209,7.991435640398,34.157362382466
51.595967909661,26.987430512409,52.486031997643
37.895622289470,11.452814494365,45.489475410394
60.000000000000,60.000000000000,0.000000000000
1.488660250773,60.000000000000,0.000000000000
60.000000000000,60.000000000000,60.000000000000
60.000000000000,60.000000000000,60.000000000000
29.569954222881,4.848298885957,13.008310261924
60.000000000000,60.000000000000,60.000000000000
7.124548873752,47.120467475233,25.009964373942
21.397510267539,57.075435776133,16.119286022092
32.332699425991,11.145768366751,58.913300106736
60.000000000000,60.000000000000,60.000000000000
60.000000000000,60.000000000000,60.000000000000
45.481206809689,23.978920614669,1.500947246736
60.000000000000,60.000000000000,60.000000000000
60.000000000000,60.000000000000,60.000000000000
60.000000000000,60.000000000000,60.000000000000
60.000000000000,60.000000000000,60.000000000000
45.401152714258,24.336578217750,25.560724760458
41.267465800600,29.435927822217,49.154755507609
12.628441115571,5.320810006081,47.862923610697
42.475552803319,9.470804912853,18.256515012546
55.358349741484,41.956155585572,6.806399415410
60.000000000000,60.000000000000,60.000000000000
60.000000000000,60.000000000000,60.000000000000
39.745507258758,51.842445272939,27.058594551396
25.727571686919,12.187356668350,43.681407675117
60.000000000000,60.000000000000,60.000000000000
44.569417809712,43.620751594654,58.697069292546
42.464098662327,13.604030239623,28.568918857062
60.000000000000,60.000000000000,60.000000000000
43.196807690494,10.020225330750,22.574543005638
41.283463973842,25.783504362886,24.243967157673
60.000000000000,60.000000000000,60.000000000000
41.735341793278,26.747567498249,21.376707144127
19.732713857251,7.743100990641,4.628764390682
36.313693852698,23.032919266303,28.803058205725
43.083188003931,36.591329528009,49.443099597606
60.000000000000,60.000000000000,60.000000000000
5.918219675420,23.084771433695,57.220904069715
60.000000000000,60.000000000000,60.000000000000
5.248511466739,30.515955543875,51.373440943787
54.929606339884,36.351082830234,39.795012517240
36.508462978417,13.557830989594,8.926726235224
54.764698527275,18.071750644583,40.634106153351
60.000000000000,60.000000000000,60.000000000000
27.368156638066,25.441145348388,49.177058138998
30.095435924497,41.833457066474,5.887386321226
12.254978358975,43.114096104649,52.824576295854
60.000000000000,60.000000000000,60.000000000000
31.657294321495,23.064240854479,13.762493402361
48.453650645680,54.516416154256,38.629469639586
60.000000000000,60.000000000000,0.000000000000
60.000000000000,60.000000000000,60.000000000000
60.000000000000,60.000000000000,60.000000000000
60.000000000000,60.000000000000,60.000000000000
15.675395657556,41.499028551210,13.370061883616
48.246723677313,18.560139405374,29.194232744034
25.289456983760,31.902331528546,35.180322277476
42.102559883761,16.525426324220,2.679475825989
60.000000000000,60.000000000000,60.000000000000
35.250757743438,41.311526669845,53.435883585534
60.000000000000,60.000000000000,60.000000000000
60.000000000000,60.000000000000,60.000000000000
45.582459343958,38.952227466881,35.354911036335
51.068664496335,52.740352634318,29.478145057409
51.384606350422,33.861587679187,21.812874637010
60.000000000000,60.000000000000,60.000000000000
60.000000000000,12.507969729642,27.049885997099
47.353109270078,33.062443587434,54.638325655936
60.000000000000,60.000000000000,60.000000000000
60.000000000000,60.000000000000,60.000000000000
47.526821458185,42.371496641192,39.440758040507
15.561480736979,24.444838442556,39.987819527425
34.772603258631,21.660247226818,21.346215673789
32.484752063670,55.013542677714,7.219491448320
60.000000000000,60.000000000000,60.000000000000
60.000000000000,60.000000000000,60.000000000000
60.000000000000,60.000000000000,60.000000000000
37.425439100194,34.451883217510,26.597677659114
60.000000000000,60.000000000000,60.000000000000
60.000000000000,60.000000000000,60.000000000000
60.000000000000,60.000000000000,60.000000000000
41.116773069063,20.289424499024,3.390356219766
60.000000000000,60.000000000000,60.000000000000
28.458980289507,23.278042795958,39.212350293620
60.000000000000,60.000000000000,60.000000000000
37.816964911245,6.895500787165,26.598082683594
20.653719757425,33.731645271946,38.468704727622
60.000000000000,60.000000000000,60.000000000000
60.000000000000,60.000000000000,60.000000000000
38.696180014783,10.799757231658,25.560930202482
60.000000000000,60.000000000000,60.000000000000
60.000000000000,60.000000000000,60.000000000000
40.134458562754,31.726732911074,25.001122437481
60.000000000000,60.000000000000,60.000000000000
60.000000000000,60.000000000000,0.000000000000
60.000000000000,60.000000000000,0.000000000000
17.866668353660,1.678648633705,59.054594456455
60.000000000000,60.000000000000,60.000000000000
4.342487539046,29.043753824307,1.872719980897
60.000000000000,60.000000000000,60.000000000000
45.317362373941,44.080944441876,33.221378365532
60.000000000000,60.000000000000,0.000000000000
60.000000000000,60.000000000000,60.000000000000
43.545297829649,49.030513567953,50.013710746327
9.376013554253,18.817347544614,25.979492780034
42.355432745298,42.573081220719,3.831073648007
60.000000000000,60.000000000000,60.000000000000
47.535230678028,25.219869179497,27.885061388644
60.000000000000,60.000000000000,60.000000000000
44.741058343365,18.977130591413,26.376068864876
60.000000000000,60.000000000000,60.000000000000
60.000000000000,60.000000000000,60.000000000000
49.693910220561,16.816745797765,30.274692707761
60.000000000000,60.000000000000,60.000000000000
60.000000000000,60.000000000000,60.000000000000
36.367658857100,4.551439966178,54.103289253663
48.279088730087,21.112581682408,21.592890767374
48.146025651790,50.279364535572,5.010426026380
26.316587313860,30.379729568487,52.502811111839
60.000000000000,60.000000000000,60.000000000000
60.000000000000,60.000000000000,60.000000000000
60.000000000000,60.000000000000,60.000000000000
33.869942740319,15.097101899528,39.668911649504
40.777696236110,25.594699300108,18.070342835543
46.128605165541,41.268794217438,28.152497819844
60.000000000000,60.000000000000,60.000000000000
60.000000000000,60.000000000000,60.000000000000
60.000000000000,60.000000000000,60.000000000000
56.094391529104,21.149614721332,28.518255972241
60.000000000000,60.000000000000,60.000000000000
41.874336209199,30.204549360214,32.103142264476
52.383822498816,52.880981980044,42.363842255580
60.000000000000,60.000000000000,60.000000000000
60.000000000000,60.000000000000,60.000000000000
10.667603889603,21.472164236454,35.643596545769
44.436243793316,42.620554195284,0.667087967915
60.000000000000,60.000000000000,60.000000000000
60.000000000000,60.000000000000,60.000000000000
54.078264441268,49.847202281375,0.011617305050
48.016854167544,42.045381097804,43.556559512165
43.187984135654,26.928122440555,22.733048849739
48.047033518668,25.883062753512,9.642438871066
60.000000000000,60.000000000000,60.000000000000
6.876806498234,36.277874869384,49.764701593562
33.402789784005,48.600331003350,28.506061270909
29.482106156258,49.686985927470,46.251978758779
42.060313401128,23.602375486142,23.976168308284
60.000000000000,60.000000000000,60.000000000000
60.000000000000,60.000000000000,60.000000000000
9.555524289743,22.358186765861,3.396671866154
48.637958028643,7.902862825927,14.877928141700
48.397922251150,57.514505891169,51.072227325544
40.714661406644,36.869861953232,21.825675971402
60.000000000000,60.000000000000,60.000000000000
27.617926654034,25.941345888924,39.845074689928
47.294405966271,53.467715777980,44.334663515343
60.000000000000,60.000000000000,60.000000000000
60.000000000000,60.000000000000,60.000000000000
60.000000000000,60.000000000000,60.000000000000
16.718146251140,47.325160099480,21.862258588238
23.822407520062,17.274928037565,47.728731359156
30.718640772956,11.368966098998,1.354501403180
46.165928029873,26.644552229835,34.119519293418
26.068301283367,9.846512492454,30.550240159055
7.097652024070,42.136642719154,4.908454211982
60.000000000000,60.000000000000,60.000000000000
49.453007062424,33.828104500915,42.413502145625
60.000000000000,60.000000000000,60.000000000000
60.000000000000,60.000000000000,60.000000000000
60.000000000000,60.000000000000,60.000000000000
60.000000000000,60.000000000000,60.000000000000
22.613946089045,29.936006572161,46.177216462973
60.000000000000,33.860452832784,20.536153467937
60.000000000000,60.000000000000,60.000000000000
42.395808415805,45.029940018229,25.160653802285
0.000000000000,60.000000000000,60.000000000000
28.846590091473,48.033950932085,52.687285975688
38.817489928334,48.856005092887,30.603976526749
60.000000000000,60.000000000000,33.580977379891
60.000000000000,60.000000000000,60.000000000000
60.000000000000,60.000000000000,60.000000000000
60.000000000000,60.000000000000,60.000000000000
36.278780573846,42.350098829419,46.779183695374
60.000000000000,60.000000000000,60.000000000000
44.465552835125,27.773940845606,38.955760429472
8.124097097788,28.369331930891,11.471699857398
60.000000000000,60.000000000000,60.000000000000
60.000000000000,60.000000000000,60.000000000000
60.000000000000,60.000000000000,60.000000000000
35.383986688769,10.405272457593,47.218327566245
33.806751472644,10.015891163705,29.133847816613
37.876887192179,39.608140003143,5.935685162165
60.000000000000,60.000000000000,0.000000000000
35.973306631877,16.764486709626,23.755862225686
60.000000000000,60.000000000000,0.000000000000
36.552794452754,11.879636564524,33.914945546917
60.000000000000,60.000000000000,60.000000000000
38.292261795812,35.938913083412,60.000000000000
32.346467842473,35.927646698161,51.553010887317
60.000000000000,60.000000000000,60.000000000000
12.214256352928,15.544676049066,57.953530733580
60.000000000000,60.000000000000,60.000000000000
41.836446268482,17.082668820460,16.222433770304
48.833999447845,3.174936676437,30.784765577540
60.000000000000,60.000000000000,60.000000000000
48.157826413252,14.793761583585,42.022057793821
41.086270167269,51.611455287273,15.928332659870
51.386632031312,0.237811235661,42.423994207265
60.000000000000,60.000000000000,60.000000000000
60.000000000000,60.000000000000,60.000000000000
60.000000000000,35.794358688975,25.141073511895
18.885059891596,21.578822037245,41.582401204910
54.417003413377,26.770703911603,21.373197774425
15.230474298271,27.802432581139,49.743095323567
44.523303745884,40.508996961659,15.157603451782
60.000000000000,60.000000000000,60.000000000000
60.000000000000,60.000000000000,60.000000000000
60.000000000000,60.000000000000,60.000000000000
29.275536731527,9.182337847649,33.624743650797
60.000000000000,60.000000000000,60.000000000000
60.000000000000,60.000000000000,60.000000000000
60.000000000000,60.000000000000,60.000000000000
9.268698449129,9.795928283538,1.061387790974
52.060598848586,28.650826061379,0.603530466932
15.060868127741,53.500111683822,27.114219527585
53.396843412548,49.189973577453,26.827450607809
60.000000000000,60.000000000000,60.000000000000
48.001202413700,36.450774223939,0.474895515411
60.000000000000,60.000000000000,60.000000000000
30.418966282884,26.166457594382,20.604306937608
60.000000000000,60.000000000000,60.000000000000
60.000000000000,60.000000000000,60.000000000000
60.000000000000,60.000000000000,60.000000000000
49.014328506858,3.651121814748,42.466872179379
60.000000000000,60.000000000000,60.000000000000
60.000000000000,60.000000000000,60.000000000000
55.015429524087,58.988581758545,25.448924362109
38.012374392999,59.721562361673,50.154144715225
60.000000000000,60.000000000000,60.000000000000
36.093822366606,29.270447133133,48.755738469614
60.000000000000,60.000000000000,60.000000000000
60.000000000000,60.000000000000,60.000000000000
60.000000000000,60.000000000000,60.000000000000
52.621758303892,3.407152405186,19.974160823023
56.324324333553,10.212551551135,0.773562234010
5.302665179187,5.706037191713,36.086145590374
49.905970000046,34.126790002468,19.152481375650
59.050080319061,34.792335307073,1.063763573089
60.000000000000,51.627229533693,60.000000000000
52.112254101583,34.960964182680,54.476329166413
44.717313283588,25.080428860681,38.617823280608
60.000000000000,60.000000000000,60.000000000000
46.675774797403,47.600207554672,25.772063903533
60.000000000000,60.000000000000,60.000000000000
0.000000000000,32.214683705995,60.000000000000
60.000000000000,60.000000000000,60.000000000000
47.086844405681,60.000000000000,0.000000000000
60.000000000000,60.000000000000,60.000000000000
33.149144522909,6.001459758169,3.561511590342
60.000000000000,60.000000000000,60.000000000000
60.000000000000,60.000000000000,60.000000000000
60.000000000000,60.000000000000,60.000000000000
59.935325517507,23.474436483261,33.297498749502
14.300414818696,2.176658001400,28.178962017070
60.000000000000,60.000000000000,60.000000000000
46.886532994905,51.423637629644,42.096094518439
60.000000000000,60.000000000000,60.000000000000
51.999710977269,54.275842485575,41.654503691704
60.000000000000,60.000000000000,60.000000000000
15.713099128760,60.000000000000,25.618906484223
37.311415980725,19.174911946469,60.000000000000
50.461410488457,7.903646608481,10.925064147696
44.786907713896,25.366032488758,12.925282419397
23.951868911495,0.858320502114,3.232795154315
29.902854318119,12.564971750767,23.786154783487
60.000000000000,60.000000000000,60.000000000000
38.513691003357,26.058217205682,36.353626340643
49.149709811078,24.572716910639,22.591404613310
60.000000000000,60.000000000000,60.000000000000
49.341076425505,32.998095882141,34.087252437047
60.000000000000,60.000000000000,60.000000000000
40.181369749841,8.616128444957,9.725985715724
40.600181782161,38.868106273704,24.217668646721
60.000000000000,60.000000000000,60.000000000000
60.000000000000,60.000000000000,60.000000000000
18.657990416859,45.179849703548,32.501650608320
4.762835328502,17.116386865935,16.302130387923
60.000000000000,60.000000000000,60.000000000000
35.484864009567,11.757563351649,56.675884767211
50.375948204475,41.217805351483,45.048604873716
60.000000000000,60.000000000000,60.000000000000
60.000000000000,60.000000000000,60.000000000000
60.000000000000,60.000000000000,19.886078488915
17.311417258175,37.659592476494,5.871779323884
60.000000000000,60.000000000000,60.000000000000
60.000000000000,60.000000000000,60.000000000000
35.852970474460,15.543833413622,47.902937702723
60.000000000000,60.000000000000,60.000000000000
55.284750304844,36.462695535503,27.218190120844
55.397593952430,1.679937285637,8.584172192900
60.000000000000,60.000000000000,60.000000000000
60.000000000000,60.000000000000,60.000000000000
60.000000000000,60.000000000000,60.000000000000
53.014281301284,18.069474498176,10.349102568179
1.026633217922,26.116020581703,30.739957955522
60.000000000000,60.000000000000,60.000000000000
60.000000000000,60.000000000000,0.000000000000
4.214040463189,5.650218939364,57.131792396525
60.000000000000,60.000000000000,60.000000000000
44.118104827382,34.959813762945,36.480227645934
60.000000000000,60.000000000000,0.000000000000
53.073428441998,30.185596133360,45.877366844607
60.000000000000,60.000000000000,60.000000000000
52.083106329707,32.216477789292,39.215155561504
0.000000000000,60.000000000000,60.000000000000
6.886358957678,21.149276874973,29.616274886741
60.000000000000,60.000000000000,60.000000000000
34.486065234516,43.973608571391,50.613761332351
60.000000000000,60.000000000000,60.000000000000
60.000000000000,60.000000000000,60.000000000000
44.703529833736,47.137617966133,46.700339568254
53.581157578261,16.327101472141,54.747137993653
60.000000000000,60.000000000000,0.000000000000
60.000000000000,60.000000000000,60.000000000000
60.000000000000,60.000000000000,0.000000000000
60.000000000000,60.000000000000,60.000000000000
60.000000000000,60.000000000000,60.000000000000
60.000000000000,60.000000000000,0.000000000000
60.000000000000,60.000000000000,60.000000000000
56.403274949528,50.075027952551,27.200448933911
60.000000000000,60.000000000000,0.000000000000
2.844198195553,60.000000000000,30.418146525600
60.000000000000,60.000000000000,60.000000000000
53.429144510658,21.445881015379,26.382300742705
60.000000000000,10.115728966519,36.461009091701
48.359137024515,50.258709995665,27.856537662521
60.000000000000,60.000000000000,0.000000000000
0.000000000000,60.000000000000,60.000000000000
57.784647525390,24.328819465344,26.813331988358
60.000000000000,60.000000000000,0.000000000000
0.000000000000,60.000000000000,60.000000000000
55.341998339364,49.011471308700,36.959106530434
40.629952926087,16.922415276606,28.289929276246
60.000000000000,60.000000000000,0.000000000000
53.783742589407,20.791703266558,21.417029161441
54.628385798868,31.154323324276,11.937817016876
58.653241716105,34.308531030756,37.097800422228
60.000000000000,60.000000000000,60.000000000000
33.358160667602,46.466824935183,15.164291242035
60.000000000000,60.000000000000,60.000000000000
29.803101345455,33.120804140147,7.363023266646
42.040156515786,30.856944782813,10.359354320798
60.000000000000,60.000000000000,60.000000000000
48.875383979730,18.900292611112,42.964538192235
55.544073821306,1.952604772342,3.518337941173
60.000000000000,60.000000000000,60.000000000000
60.000000000000,60.000000000000,60.000000000000
53.975926637029,10.849842743381,35.074379520126
53.766661350142,39.378097523123,28.358061370704
40.085055249288,44.040866877958,59.802739404776
32.794746601106,47.905762856108,41.844816110055
58.267380032655,0.701025328525,2.062484222257
1.744793866774,10.568485118311,26.488430956109
56.048611643690,27.207015471862,7.758936443985
60.000000000000,60.000000000000,60.000000000000
30.752194086687,14.300710023066,15.150305678289
60.000000000000,48.269162164964,24.701535443154
60.000000000000,60.000000000000,0.000000000000
60.000000000000,60.000000000000,0.000000000000
52.544530733530,52.381553407933,19.449531739465
60.000000000000,60.000000000000,60.000000000000
60.000000000000,60.000000000000,60.000000000000
60.000000000000,60.000000000000,60.000000000000
32.337214921551,9.600297596042,57.211584944983
35.596367850911,23.562575826129,16.429991705387
56.202261109028,32.778315010299,16.364412752887
60.000000000000,60.000000000000,60.000000000000
60.000000000000,60.000000000000,0.000000000000
12.042724499415,5.257799812738,45.049708952458
56.730373828647,57.191962173551,16.585499806452
21.218873850722,45.941411535234,50.887749307873
59.677641954759,58.815230869442,25.947443438022
60.000000000000,60.000000000000,60.000000000000
43.216375605617,29.825954596516,29.362513126951
60.000000000000,60.000000000000,0.000000000000
60.000000000000,60.000000000000,60.000000000000
49.832426465053,24.583903767091,24.461842444746
60.000000000000,60.000000000000,0.000000000000
60.000000000000,60.000000000000,0.000000000000
53.731120682791,28.811529134082,50.577529842620
60.000000000000,60.000000000000,0.000000000000
60.000000000000,60.000000000000,60.000000000000
6.249291562559,43.996336936620,26.422251046370
60.000000000000,2.240664844744,60.000000000000
60.000000000000,60.000000000000,60.000000000000
60.000000000000,60.000000000000,60.000000000000
4.511836946419,2.370102285394,38.341834960408
42.564714542308,0.327569686709,14.300831850925
9.462870515714,52.297135477492,38.112456278458
2.157808886502,4.356342646720,24.396235918663
45.603924333897,20.693498676596,0.761536713439
57.073947188303,11.074285014607,4.843538139576
57.868165948560,13.997373666557,13.928532695341
60.000000000000,60.000000000000,60.000000000000
41.801254583468,46.584371854948,33.415835973716
60.000000000000,60.000000000000,60.000000000000
60.000000000000,60.000000000000,0.000000000000
60.000000000000,60.000000000000,60.000000000000
60.000000000000,60.000000000000,60.000000000000
57.889028063082,9.228563973954,7.303114605764
3.406912483629,21.516323149964,32.662959298757
60.000000000000,60.000000000000,60.000000000000
60.000000000000,60.000000000000,60.000000000000
56.371462355069,37.157846174317,10.291974035615
60.000000000000,60.000000000000,60.000000000000
60.000000000000,60.000000000000,60.000000000000
60.000000000000,60.000000000000,60.000000000000
60.000000000000,60.000000000000,60.000000000000
0.000000000000,60.000000000000,30.647788051128
60.000000000000,60.000000000000,60.000000000000
53.615836536379,4.435716320588,31.558708032646
51.563562947454,51.477981433352,25.916081798101
60.000000000000,60.000000000000,60.000000000000
54.932808820927,58.273481061138,13.239461297661
60.000000000000,60.000000000000,60.000000000000
19.149338692920,27.511228708458,31.575548606433
60.000000000000,60.000000000000,60.000000000000
60.000000000000,60.000000000000,0.000000000000
60.000000000000,60.000000000000,60.000000000000
60.000000000000,60.000000000000,60.000000000000
7.198916164571,18.801683403324,23.111328664877
60.000000000000,60.000000000000,60.000000000000
50.401984642911,37.419067568662,28.558992584646
23.701802723112,35.764492686175,45.049418871675
16.100102295690,4.365532535849,40.582705393058
60.000000000000,60.000000000000,60.000000000000
60.000000000000,60.000000000000,60.000000000000
35.108288182557,16.952301346690,10.779958474575
46.105141693832,22.480271265034,22.118910494776
17.633507670812,10.821667885664,27.153557250624
60.000000000000,60.000000000000,60.000000000000
3.600758990295,49.484102109095,54.949737704956
60.000000000000,60.000000000000,60.000000000000
60.000000000000,60.000000000000,60.000000000000
60.000000000000,0.235308270317,16.615387453016
60.000000000000,60.000000000000,60.000000000000
53.620029857172,4.384077736852,60.000000000000
16.103358924973,0.323319946372,33.418085716378
52.785778062138,33.067122722188,30.431198090042
54.028499604091,31.650387675874,55.866210728331
42.693651087104,33.019788717884,49.217108242453
53.627399864856,7.182584571013,19.526284198277
60.000000000000,60.000000000000,0.000000000000
38.435874643601,51.545931569560,26.499803021811
60.000000000000,60.000000000000,60.000000000000
60.000000000000,60.000000000000,60.000000000000
60.000000000000,60.000000000000,60.000000000000
22.882612622893,36.619712680181,32.834241556291
60.000000000000,60.000000000000,0.000000000000
51.614240907984,55.940099938684,55.560154078773
60.000000000000,60.000000000000,60.000000000000
60.000000000000,60.000000000000,0.000000000000
60.000000000000,60.000000000000,60.000000000000
57.795651601309,58.522977674504,20.835688784541
60.000000000000,60.000000000000,60.000000000000
60.000000000000,60.000000000000,60.000000000000
60.000000000000,60.000000000000,60.000000000000
45.425504461916,23.620432565705,18.034002716753
59.209402622061,22.366235338247,52.322480687239
58.012517685960,43.129948942493,4.772147937873
35.167621927399,55.551393006608,4.827599083871
56.352743644693,25.475278528153,0.833131498083
60.000000000000,60.000000000000,60.000000000000
57.471109852202,19.716952285344,27.669385087520
60.000000000000,60.000000000000,60.000000000000
57.440949175382,11.901578212120,25.060203356244
56.553787345324,31.890926827399,17.542112369041
55.956286736674,16.475502225224,5.467664688605
21.767902546150,10.932927008598,60.000000000000
60.000000000000,60.000000000000,0.000000000000
60.000000000000,60.000000000000,0.000000000000
53.987207960380,52.968150335608,2.150672884895
18.212563597229,53.073236166634,38.114624644033
30.777171755686,34.611745037517,50.200936921476
60.000000000000,60.000000000000,60.000000000000
39.023596977620,60.000000000000,28.462022141606
60.000000000000,60.000000000000,0.000000000000
60.000000000000,60.000000000000,0.000000000000
60.000000000000,60.000000000000,60.000000000000
51.048663186502,21.586957562359,42.648822422775
60.000000000000,60.000000000000,60.000000000000
