x,y,z
0.610734357961,44.983489420574,5.717308283537
3.174406976224,32.167216217343,34.505526734072
2.728320494223,22.119073590547,52.422019163951
21.863588955766,46.882369872503,38.412463536910
2.683375351156,15.663633669592,24.278557244053
60.000000000000,60.000000000000,60.000000000000
2.852889787462,4.982274538455,27.339994232318
1.128198802009,31.533443166493,28.257545494692
1.743854166573,2.869846487957,18.509448369690
0.436426993210,24.387608636628,25.172673103015
4.142789923021,26.469243897831,48.233867054297
3.276414123187,20.117445568398,37.643707467834
0.091478205437,9.258144385850,22.939361716169
48.254233608855,30.525876113978,47.273331190064
0.590935016170,19.736995711439,22.395540861955
60.000000000000,60.000000000000,0.000000000000
3.738345244823,12.043340319828,47.272894396157
14.437004918759,20.811255284025,37.644381685684
60.000000000000,60.000000000000,0.000000000000
0.092169446400,32.173759628223,34.088030803779
5.134103563282,40.285619379122,6.461744828409
49.359738342542,30.451334165121,7.908601320549
1.816119937848,57.320440279861,21.662337920017
11.085169666370,4.247436450190,58.244482499433
3.923240340333,34.571302561683,51.934953406062
13.890753160504,56.112867984405,6.065665487104
0.270062014916,57.091577840719,57.820174497817
60.000000000000,60.000000000000,0.000000000000
1.064575504110,57.816671205039,34.933454716580
1.328149374782,22.322485536884,33.532864166567
0.074007156211,46.096680401757,43.330554812518
4.939759197297,30.857146159417,33.310634069982
2.968196574449,4.149089884621,3.207034264408
2.977843449298,35.215171848938,21.826152712699
1.210001899866,4.469216861913,41.267821530960
60.000000000000,60.000000000000,0.000000000000
60.000000000000,60.000000000000,60.000000000000
2.724753357375,26.444245886177,30.266800662692
0.889853973388,11.895580558071,42.881153031433
27.645757769201,30.710876021380,41.514024721316
3.813965676767,45.724656323455,7.701494849433
60.000000000000,60.000000000000,0.000000000000
15.682119293190,11.390665308683,41.767708998009
6.866915598466,30.179866995842,19.692182376765
3.869349806714,45.338599060359,57.469105898943
3.459866137210,37.806330859184,40.188560145766
0.908670308017,27.009991768593,26.607118951421
9.357797412019,30.611630451354,31.359447839211
8.143853334449,59.716952011344,4.570726780848
9.096009771688,44.423853022863,37.462842497586
2.594956661210,39.235939442061,50.622119635219
60.000000000000,60.000000000000,60.000000000000
3.402441198891,9.522704001035,51.887486316080
30.204324761890,40.836171473491,3.623294081053
3.640521470614,27.845606660428,14.932053815913
3.855001720634,37.129402609075,34.086486385629
0.514733017986,28.650796719899,47.066655566636
0.000000000000,60.000000000000,60.000000000000
60.000000000000,60.000000000000,0.000000000000
2.602116959171,21.344603276066,33.253737745262
40.900778783239,6.562497145755,16.797947081014
2.931772088359,40.668292958554,21.183079561797
31.676060240132,31.997707854480,32.606751741807
2.847586304876,21.153098683150,20.215372759685
3.104184611024,37.684706072592,55.829723018781
0.000000000000,60.000000000000,60.000000000000
0.796293336803,18.502533732038,12.593667401080
1.824084148451,26.039749680843,15.964138964779
40.392720361655,32.212423575804,24.549952141660
48.632142386013,1.582375329327,15.796998665722
3.838845506660,8.313283932244,7.904442390435
60.000000000000,60.000000000000,60.000000000000
12.766961608725,60.000000000000,60.000000000000
60.000000000000,60.000000000000,0.000000000000
1.666435855262,49.454489053175,33.120577308417
2.796804911700,32.727337698538,26.067741115942
1.264945059578,28.167542337893,33.500524138498
3.763515252973,36.732025852338,31.472557506389
31.268553917727,11.652550600274,60.000000000000
60.000000000000,60.000000000000,0.000000000000
60.000000000000,60.000000000000,60.000000000000
0.977085127712,38.326662380168,38.118314164844
3.881346936802,37.119243400612,3.987732435114
1.361049393822,33.287550108265,19.931083315408
2.234230503369,14.044179922745,36.726703626224
3.846330813595,32.710876473320,31.600119383947
1.850541633968,7.247356875804,14.181886566995
60.000000000000,60.000000000000,60.000000000000
4.516312505194,39.837261692757,51.706542666806
0.013697738987,33.998383317766,25.775319634973
0.629675347676,41.941961751172,35.691551707366
6.859237745633,27.914786938385,24.053533427566
3.418017479143,28.944716479765,2.888590557490
0.516543123005,23.793946238749,29.630575508418
0.750540382639,24.088750387390,13.790160356090
60.000000000000,60.000000000000,0.000000000000
2.349282901301,25.118448316009,44.665980648528
0.991551466699,24.398270303481,33.095105435018
2.109694774426,54.007641161578,39.326086601248
2.370241699197,20.145659088656,23.883321543876
6.630539557104,55.279793124810,36.399922622416
4.053832253065,29.278999526208,34.862424712192
4.361631188265,1.558778995787,51.727231513728
4.687289904856,34.334994034484,25.351341219788
7.728701500911,43.705822078679,23.806786404509
60.000000000000,60.000000000000,60.000000000000
5.942027097465,47.630253040963,47.134187905073
4.182513910588,30.749660070492,26.127049489204
10.706993779990,33.663143312326,3.134291187803
24.057830013672,32.755756257570,27.615009858198
7.105754321867,7.805339761784,22.287906597973
60.000000000000,60.000000000000,60.000000000000
8.119654261739,23.681414004606,3.255891363331
9.664214865744,32.224463120852,29.350154105009
60.000000000000,60.000000000000,60.000000000000
60.000000000000,60.000000000000,0.000000000000
60.000000000000,60.000000000000,0.000000000000
7.041096400596,25.548671270247,31.407546722390
4.914285579310,17.933726255088,41.952349068552
4.970027326121,37.280106936081,18.206340038721
60.000000000000,60.000000000000,0.000000000000
7.874541594779,39.630574256331,36.646566701538
11.487263487475,0.508831454751,53.079790427939
6.759654356326,32.804435109560,23.115255652286
5.991859483876,4.657690465280,30.387976254324
4.348213193932,58.999162715392,20.147998903899
5.211018823189,12.564846881168,14.918294795592
5.355773579548,35.982088026786,36.953674912718
6.027687873540,10.917430231505,9.071332193461
6.753117877349,19.599154532824,22.486328203209
7.300929874613,25.244984634196,12.883208434563
7.411278989066,33.300713549962,35.914070886194
4.130052244903,57.716675513653,21.975175365988
7.136333718928,41.661402568666,27.787794851166
4.096892116412,5.802742831528,59.011309315361
4.014366152103,28.629337792204,32.351012893762
5.326059878538,27.471267867294,5.785708425826
9.833764728824,52.625917343373,11.973565034594
6.364836849582,23.887157784403,5.771204182573
60.000000000000,60.000000000000,0.000000000000
4.078463452222,23.701625971272,44.843736633977
1.850515481610,34.111913462379,22.319527839548
6.390919839041,30.014555347081,34.626899514630
6.438195366435,24.233190947761,25.590383617762
6.205605975656,49.659044691895,6.002657806944
6.437526203961,28.952752035504,10.968615170775
7.810394261487,11.279066358888,25.140388395336
3.022588104092,24.094238145763,24.432894285397
11.516101750152,53.987775623394,7.139503565439
23.983707156355,28.354119776255,60.000000000000
6.628535267022,49.350943908191,35.837193038700
7.007046354548,34.345848470881,31.013868330678
7.814739436749,59.727472598867,38.904058579115
10.231267135340,20.863896673859,21.845163065561
0.558765558986,31.454157362258,11.835112382403
7.984643458266,34.351038998715,21.565801241534
6.827496707780,39.968529695919,3.432254045315
60.000000000000,60.000000000000,0.000000000000
5.177529551952,11.444661819133,3.129840280957
60.000000000000,60.000000000000,0.000000000000
5.596678525502,4.342792960931,18.807440093256
60.000000000000,60.000000000000,0.000000000000
6.570241040131,41.421103818773,32.059876172853
60.000000000000,47.689381255284,60.000000000000
7.642889848684,19.517976127845,59.599402794680
2.607064109838,24.948962373760,33.658946407884
4.971908410995,18.263987311349,53.610719994413
20.441802753507,23.672419842809,3.384467291047
2.547864444454,31.423615457707,45.357924228987
60.000000000000,60.000000000000,12.546198169339
60.000000000000,60.000000000000,0.000000000000
8.040305962818,28.354005526364,38.727319381498
7.800764557370,5.275260424238,14.137450110776
8.543152612971,31.731969909315,20.768152829247
4.698035061999,29.699690316956,17.784493617871
60.000000000000,60.000000000000,0.000000000000
8.692314584020,6.598088633398,20.924902026972
3.858043128686,26.117837837137,25.378158261516
6.739654112223,7.509738985154,34.652222816507
4.456577734433,35.629597065568,33.575125803822
10.140464777014,53.717546644939,39.589704462752
60.000000000000,15.070419084807,16.657608921617
4.003621311561,14.415175671651,5.582906341612
15.507839755514,47.200941203047,28.972979118398
3.860096640504,31.948083393327,43.509862663949
6.003014875510,29.560873296327,20.385000957087
7.920617866634,27.873827496453,15.826119134995
60.000000000000,14.031402752676,0.000000000000
9.995416706265,28.581138728220,2.110260308497
4.069402617321,26.703225949003,37.997553414001
41.660907876135,26.161515075324,60.000000000000
20.335575759872,24.536578291849,44.363414487465
6.392316583395,46.823468329769,54.552281227733
10.402271985895,27.258646247149,35.091359431671
13.569296832605,9.423933586942,46.734880353765
5.538787462658,23.915252072946,41.823097941120
0.626114743108,13.605357409904,4.267864120934
7.888348630873,27.761996350456,28.190528159269
9.312997649840,41.626357241317,48.286679331475
6.041492041939,37.758070867172,24.372273407292
60.000000000000,60.000000000000,60.000000000000
16.944891329720,18.642049001791,52.363125629462
10.114573591695,41.051238888138,51.119390466366
51.830917365530,14.207948558979,3.690855140088
8.947994573206,12.121807400509,24.056942129431
8.099845337702,33.575862968376,33.885550130652
9.004050291016,30.254971565079,6.902159352858
33.853158110769,48.599127061499,16.467449927059
8.304368718636,11.981410977956,12.971880934753
10.113471515765,39.613643936985,31.098042427289
9.774887494832,50.765940721316,58.509232005444
47.128359766903,46.322657856968,11.030031410656
13.513996250647,33.887516469824,47.993570665999
60.000000000000,4.808393821811,51.840958634745
11.471886939013,15.737703746981,22.483327328626
10.884066521456,32.265063715229,29.579410105662
8.212870284561,30.942598545505,55.128904543249
11.082953258995,23.733943568732,21.047058224505
11.678164153322,54.792222062203,57.984970774231
9.357466089565,19.791774879336,32.969747873933
60.000000000000,60.000000000000,0.000000000000
12.312563632744,35.892538657174,24.402377107850
9.200519557919,11.370182696725,28.420433029257
26.307360460015,54.342802933683,0.273676348843
60.000000000000,20.169613343629,5.572409351626
11.012999957321,25.173005656469,29.947862822767
27.638733509185,48.390054357133,41.921240585573
26.845665781624,37.923042021653,43.327248141345
10.926041639929,23.995049467762,43.509319343625
57.645231012668,29.532000502672,44.692378397868
18.066567226682,6.688307463545,43.608440206273
8.415599267792,41.258647830095,16.297853978316
7.921546755766,54.404002196926,47.271804037819
8.069238342742,24.166070927358,32.180346312771
11.023427464153,7.208783032985,17.062938553818
17.107153607904,37.859078679326,5.090071861180
10.353181823321,43.897922048571,21.477145524632
16.481112521559,31.942618727265,14.963956866862
11.508543324588,34.916519314571,28.301661654235
4.327984624476,12.450590387531,43.612748160798
9.448673564054,3.841585353758,28.572983744379
5.515932483286,21.498829702220,24.444319538027
11.765909811955,55.168778262942,20.017985401502
36.111930549686,4.546084984908,43.108304034522
9.582220293325,55.085063993065,17.375553335960
10.759572692479,19.357235201926,25.320212668594
9.796999028120,51.453872403993,24.447163078721
60.000000000000,60.000000000000,0.000000000000
2.584589780046,51.069455682267,37.983623236944
13.571812696443,8.538737186339,21.501224794126
10.505157616428,59.386224739262,20.981820936244
12.381346183385,43.432244263710,36.824070523601
11.152871503415,48.956054633784,27.019462877251
6.628809901373,33.504802776833,27.189573213131
11.947709036540,5.309185596782,14.363892233380
60.000000000000,60.000000000000,60.000000000000
8.755796055535,51.257248944103,19.319726297945
11.926833647338,25.636872886894,33.661467564005
9.687863608173,2.129332758419,40.824036156529
14.519330171064,51.421449449806,38.028363649373
38.263505711882,60.000000000000,60.000000000000
60.000000000000,60.000000000000,0.000000000000
33.361133874645,23.653073694069,56.251551607992
26.371084426381,35.796604238152,14.453468340989
58.934851561643,27.405533110445,21.431015704309
60.000000000000,60.000000000000,60.000000000000
8.393245740275,14.269797750782,27.823192205176
8.133259727509,21.331284475234,35.967126809481
26.558454833902,60.000000000000,60.000000000000
15.806189767804,29.395079026439,34.469399496307
60.000000000000,60.000000000000,0.000000000000
7.319336296112,34.768143593427,19.736060402577
60.000000000000,9.753928328593,0.000000000000
10.434483910353,30.464457955473,26.180816443750
11.939995128159,9.962292661839,2.844305032202
7.873415090371,26.485517899611,22.791037505170
9.503487860797,42.672651878404,11.364688771181
8.053175878206,32.491769811854,25.233615921480
10.085335510712,37.993287779008,42.375443797956
0.043829099907,56.755401217473,27.464484144732
58.968586481693,5.313139611539,40.742443533365
8.990559988565,39.856426764695,23.896947147514
8.142806973081,51.663667326115,6.992719917637
7.377409272484,22.684494518298,38.237193024953
10.245702595681,49.080388361521,49.518319343963
46.732428820284,54.270396866906,6.917246361626
9.993942535763,48.726796976090,17.432702082903
10.232498048532,42.889619539103,29.733565418198
60.000000000000,60.000000000000,0.000000000000
3.935197424625,27.153647569581,48.057620192152
10.428616719030,25.944980762179,37.521777063632
60.000000000000,60.000000000000,0.000000000000
8.393744010201,51.731185733564,35.590031133434
60.000000000000,60.000000000000,0.000000000000
3.273814252052,6.206415664478,11.122307157503
12.992762378567,34.611466615223,37.855968048265
11.490345099005,48.507773325697,44.862825425758
60.000000000000,60.000000000000,0.000000000000
11.664806673153,31.895727532353,50.338523813046
18.014119808696,31.234285138428,50.829362177459
14.473380268142,15.797575939681,37.715424734803
13.035026674856,19.773209043207,37.112540403146
13.202148606559,19.973490373008,45.507088828450
17.325295216700,19.098480982833,41.602374680773
15.331023878916,41.124151843680,24.389936937958
12.161915619702,21.968056767758,22.933260912372
3.292722129104,30.378921654659,30.769042520121
14.816638494487,26.022767173710,32.371463244754
13.345754787874,49.214594961115,23.592171110891
60.000000000000,60.000000000000,60.000000000000
60.000000000000,60.000000000000,60.000000000000
13.293934707195,25.469258513327,40.995669963703
15.327681020379,52.743958769212,24.673363534968
60.000000000000,60.000000000000,0.000000000000
2.538338412605,52.204846975418,40.930593353370
13.237500045312,39.153984843596,27.406654432576
60.000000000000,60.000000000000,60.000000000000
17.111013993068,39.423037067804,34.049690332916
32.028120872195,18.193684050715,23.521345024735
60.000000000000,60.000000000000,0.000000000000
14.264374561593,53.566542650483,12.909951554149
15.849565926580,33.667806539677,32.700017316248
60.000000000000,60.000000000000,0.000000000000
60.000000000000,60.000000000000,0.000000000000
14.000838457561,4.868924388623,47.202591718969
60.000000000000,60.000000000000,60.000000000000
12.187548265508,43.576206226827,49.192953759644
60.000000000000,60.000000000000,0.000000000000
15.771668727957,37.252379296462,17.708489355584
60.000000000000,60.000000000000,0.000000000000
15.793725153195,44.005750535157,9.016371100843
12.057960359321,27.097186042948,24.432458808459
22.449235970381,33.579187377210,17.107583000241
60.000000000000,60.000000000000,0.000000000000
14.580767520876,8.248408809310,35.231796389459
41.090136847229,55.272405931857,6.061027872857
15.164325073383,0.274369477562,37.837341076086
14.961194023765,22.840756768618,20.183395075270
15.191529448278,47.720712952113,49.607468265489
10.153387893958,23.134099055002,34.814809496683
12.458893622897,40.976010704192,8.121902833858
25.848412456178,36.612837594338,44.111955131244
13.271400360234,3.394773600744,8.045182623401
4.364622465495,43.561451539803,58.384551506431
13.123528258559,0.355847498727,28.431200458713
60.000000000000,60.000000000000,0.000000000000
13.989910027719,32.650887815008,23.781173978667
60.000000000000,60.000000000000,0.000000000000
14.570766584338,32.190596531560,29.842053128694
60.000000000000,60.000000000000,0.000000000000
14.469283531355,9.438055964206,6.157458217062
60.000000000000,60.000000000000,0.000000000000
18.544199966510,39.732931038701,12.621756183445
13.201721043235,29.762943289085,30.756619203509
11.823628497271,24.123493306727,14.594861711279
60.000000000000,60.000000000000,60.000000000000
15.644344877116,3.462644518530,35.786989060400
60.000000000000,60.000000000000,60.000000000000
15.099022652452,53.684264482618,17.949692273935
14.389264508131,29.271228757413,37.563152623980
22.575533053415,60.000000000000,14.168737074329
60.000000000000,60.000000000000,60.000000000000
15.389536686420,20.898733157606,35.814608534295
20.959762363464,30.852267086814,22.996182988219
15.195454308559,53.145422214823,52.718866721352
10.247461730877,39.909630559290,29.480287629557
10.535901115209,15.558761517762,22.905950833087
13.874933380887,15.922812184728,31.750588374609
12.807920391641,20.166928332679,10.179320778398
17.183571939578,29.014435818983,30.747615303417
14.878120484868,22.611156177710,29.823966801870
2.864876614428,13.633858641644,42.890163657173
11.856444696730,9.144500977624,32.644341902605
2.025399640937,21.975421163283,34.579735554210
14.930662828599,50.481139226012,47.495950016110
12.863908151671,25.753880892275,20.649677938019
15.712884939224,19.330722444183,1.253868993029
38.022156037418,8.190504786444,27.230619709591
14.986104482874,7.759173518901,42.661559007732
13.809952052145,37.672680898971,32.700421793261
13.986521753382,37.182727078919,2.955156021600
15.808118745684,29.134975369743,26.103010852425
12.312150676291,28.890975575425,8.457963446614
60.000000000000,60.000000000000,60.000000000000
12.947901967229,6.940647815930,56.037958373839
15.604053193445,26.680644452371,39.426478096220
37.075636034920,29.752770184967,43.854795219957
60.000000000000,60.000000000000,60.000000000000
12.094394026959,2.635555832707,30.386520780556
13.095385387717,34.954872332818,28.607302698789
45.586536880146,56.860621030536,28.319249012840
60.000000000000,60.000000000000,0.000000000000
14.133591031133,57.137377641092,16.804754893207
14.263708435352,26.571911273576,28.259668861764
12.796458985010,33.449745544173,35.492889460217
13.059962752112,28.738567309523,21.365913334622
15.824637884721,0.000816062395,14.493415926680
14.579175545027,24.417569287455,35.095985325403
12.207939217487,20.783888934140,55.825310494631
11.520099401983,33.570871395188,26.099920538452
16.416829453565,26.203000356446,8.411559197701
11.143243090601,20.804710791687,35.357942000728
17.472630714389,59.939433230093,49.915209298009
19.718952575639,25.683554024496,37.212333913094
18.891833404430,2.768076159321,39.092407871138
15.768573936121,29.002659921060,35.961113859849
19.159018944637,55.555268820970,46.473092745104
32.815038721349,27.944935414757,32.018332532588
19.101696104885,25.721288090984,34.626854223893
17.585661373072,32.896632257745,33.744397217080
42.323509087235,49.003594129047,2.359015045714
17.008240594048,32.337469515551,40.207399377787
19.124050831669,7.198097113133,5.147264104756
16.645488011355,34.331521762200,21.063214856177
17.314970933171,15.802588369386,26.674246595272
60.000000000000,60.000000000000,60.000000000000
17.669044595884,48.815353677971,4.468451211037
20.468571619153,33.038319955095,22.232423145193
17.260071179819,8.478860317574,29.860253412325
14.193817498180,43.833380687582,7.460155903482
2.849727749707,55.353085145451,4.945908327688
22.373979545531,30.353206376503,18.873944241698
17.308625846492,24.976545302960,38.017728690174
15.586338025593,20.321653841213,32.968446618427
19.104705023207,35.717275598182,29.037396091617
60.000000000000,60.000000000000,0.000000000000
16.142281566462,58.766443112295,6.235893643783
14.920219523935,37.135720002407,40.086914669550
16.824202641839,50.196294652101,51.896909717034
16.582557741066,38.941157185762,36.004697184354
21.500371255582,23.027619773201,37.741958194987
18.791822655872,26.867223636138,27.395967840697
18.224242999620,45.621755207639,32.397721365350
16.622149007914,35.671406460285,25.190572070656
15.744372279866,9.294597120907,53.187831630486
60.000000000000,60.000000000000,0.000000000000
16.158125145649,17.783636220270,53.367838995213
60.000000000000,60.000000000000,0.000000000000
9.581621852245,51.370053833006,48.115050748924
21.760654056961,39.223795268909,26.811542293384
18.064719890886,19.403137193912,48.137588601099
33.530577485841,13.496552785597,52.784272853131
19.958713979822,44.788391578005,48.808803414415
60.000000000000,60.000000000000,60.000000000000
47.812856238607,17.819217439602,26.380678525535
10.703103344167,45.690316431858,52.953229923044
16.936114647187,14.050703238532,23.669391050660
17.545493355467,36.346459867523,20.357143389409
15.619431294862,22.323856323509,37.638820094716
20.776041349937,34.903987320111,34.341228217760
18.385116765567,19.514408662060,51.174444487646
23.893531455559,31.792618529577,22.292892605929
19.157782344861,28.475108109700,2.043195065853
18.956935821921,22.452689685884,34.504505969245
60.000000000000,60.000000000000,60.000000000000
24.342667215859,23.185817287497,32.475277308238
17.913665855943,14.195946205990,52.899980552747
16.222492814265,20.347620809297,39.367791667665
17.442782977831,59.023348477057,53.679496202160
20.293504624856,25.141055764108,31.661288531333
16.330408766889,36.309992673078,3.788926584723
18.956710296685,36.472646228309,34.231473994956
16.031059871746,37.764610773668,7.818314238623
16.615976690479,31.839881088767,26.725547996210
16.834028618251,37.932252440651,51.602115575356
19.021703147937,35.855014171257,40.641994595297
17.537249324911,17.739578816086,56.837923926637
16.037353210494,35.243558382335,31.309695238931
5.610860739635,18.629339474234,47.989669601364
60.000000000000,60.000000000000,0.000000000000
19.609237116066,44.066307665012,59.119579616204
17.134712042006,21.633955049050,31.019919051410
18.699275529093,40.899286002049,42.573088529082
17.864719982255,30.051365781155,37.281980843978
17.055522019016,41.593152493855,31.492915611933
18.036388308889,25.494043750725,22.954449062888
60.000000000000,60.000000000000,60.000000000000
16.575752134503,27.560727017738,22.590014813089
19.310663364661,38.114998623845,44.782790596001
16.012440027504,19.926803252567,20.911231175729
17.761449580267,5.401880030998,9.334063206410
16.966879167673,42.759816462151,28.572637784514
16.084252832244,6.742151516197,10.252754670029
17.828450817975,40.083479870442,32.817217470371
18.249850644417,24.085004807158,2.352361091234
19.209517997437,25.670244746268,25.744457969032
8.477973085977,41.242677986525,18.675884828101
60.000000000000,60.000000000000,0.000000000000
17.442477754738,48.221911258267,43.603194273822
43.621644703278,53.708658765977,40.959391807170
18.713802726481,10.211527963897,47.208528064210
20.059099898652,25.134038822004,24.202261595108
60.000000000000,60.000000000000,0.000000000000
60.000000000000,60.000000000000,60.000000000000
18.735324801949,41.553607665875,3.201012681789
18.643513315134,18.702421246986,23.736815694034
60.000000000000,60.000000000000,0.000000000000
19.567441174900,22.639579288392,29.838231888335
4.450310436252,36.103378944020,37.555000775690
60.000000000000,60.000000000000,60.000000000000
21.984144783243,35.353612578608,41.718764362709
23.065335687919,32.550943657943,38.098155510083
60.000000000000,16.882304778789,0.000000000000
60.000000000000,60.000000000000,60.000000000000
30.920445468783,37.205881805772,23.039617699506
23.923334291232,0.487414672604,52.213070473225
22.263308132933,37.995782097482,6.176931291492
60.000000000000,60.000000000000,0.000000000000
23.363987215610,3.685498249330,44.631044078592
60.000000000000,60.000000000000,0.000000000000
22.798680511655,57.603137282611,45.222877664923
23.118296385219,41.338109970496,37.413265460850
6.958123190236,43.126113769566,0.000000000000
23.775669151344,36.605402883334,31.834164981706
20.664192380386,45.647724447572,57.954686667439
20.080501619461,26.748962527724,20.327651575049
22.401162727134,57.547722853979,9.589199531203
19.364038162855,28.912822271036,34.760860312144
20.251807742864,45.149011901172,45.321727329745
3.366325172125,60.000000000000,10.989188326425
14.994453033771,17.235644180150,33.980592896033
60.000000000000,60.000000000000,60.000000000000
21.317537157719,32.210547456715,9.065477227694
19.799080560669,32.561883139129,37.285290731958
21.818767231898,5.050326962357,4.083349159037
23.441368822040,22.814715588348,40.147960379928
20.415773457278,14.333744697046,23.078617225159
21.034113392574,42.661825899036,24.197005771985
60.000000000000,60.000000000000,60.000000000000
21.086205719443,30.896754714603,20.269261188296
21.718604496565,9.217761821213,9.745539009697
58.806342630664,0.009526296143,49.280080239453
20.780845298414,41.071005842039,54.687237879939
20.005354116751,18.915811794990,31.515922883478
60.000000000000,60.000000000000,60.000000000000
27.009905558392,30.253592458484,37.247948137144
20.971253180565,35.765678475630,9.412292637288
23.719632197924,33.678804592648,33.622349056239
23.940436834951,9.138816597243,37.703168970755
22.375995787725,36.572053005454,37.281255443626
23.692300499691,57.796265038043,28.479612262182
60.000000000000,44.002487314485,0.000000000000
60.000000000000,60.000000000000,0.000000000000
19.401933890455,32.963749631768,25.073456979523
23.436714936873,10.421571993643,51.767324505916
28.078999144029,27.078208855067,28.140983828994
21.100961720122,55.807943159327,23.712952312977
21.978385512384,22.900202481350,33.493492805289
20.859515600095,14.205692082773,44.257904528782
45.102637698953,17.229081208111,9.772291018041
22.970211586846,30.644513179587,35.603800088819
60.000000000000,60.000000000000,60.000000000000
21.919047107905,17.837233082938,50.190154786735
26.556771185488,36.422764506466,38.583697584045
20.540300577296,1.606430084049,14.060408119334
23.628201578763,28.699140280157,26.791378969371
20.314532352280,32.089935313650,7.274122796950
20.878135308174,38.174412678438,31.759845033501
40.422977480777,16.953571840103,26.643457176367
20.661085574532,20.827798852962,28.039176673114
7.213655045017,59.346571212866,31.105485613978
21.050404953802,38.313437041160,27.775343984779
20.465887432905,56.450866755271,39.839463806243
60.000000000000,60.000000000000,0.000000000000
22.321577997236,22.864303611577,50.542982438480
5.563492538373,9.653370318363,43.603181940694
21.675678640092,17.434238093270,37.781419669673
19.324798170712,36.717944908936,32.848117714051
22.450193437447,0.338640232568,31.876256367725
60.000000000000,60.000000000000,0.000000000000
20.502025410853,8.543550522520,26.674984673627
44.494357050857,40.061853342666,44.377626156991
20.842417574508,12.739810958226,52.160144055635
22.462859877661,26.194181854150,25.254513672446
21.283895912100,10.745352653647,17.388845458938
22.352854152135,21.919763622184,19.729338546984
22.949809333594,32.723708175098,44.245010593384
3.303367481597,55.664723298108,5.752497327583
23.645439641950,8.698224501529,46.664534594574
24.700662390166,22.339498830366,29.145526938094
21.275807467738,29.785087024767,13.491151602009
20.829680363182,28.391698421471,31.054878331012
20.622475929771,43.529160880097,11.560200257541
57.089354051356,27.494585744644,34.904630377089
20.240792250477,41.559239749739,8.613823437959
19.052111198965,22.887112251758,37.167582748664
20.113314544949,51.129938793331,22.526175058695
48.666988274236,26.193301873367,57.844735635076
22.324206633910,34.399837949108,57.087520368677
60.000000000000,60.000000000000,0.000000000000
23.254717495687,2.237278914750,20.056774819721
60.000000000000,60.000000000000,0.000000000000
21.133094557166,7.751942615387,38.790087507340
23.170073774588,27.898906628169,20.958108869950
23.206027251270,45.304585756714,30.480192522722
44.918490327022,51.710337565006,25.275002341314
12.524376827118,35.548405933605,34.508601389024
21.464897124028,21.522360859740,24.051851327454
18.117513909308,57.909819551479,7.772892779859
60.000000000000,20.254926266843,5.609827107754
60.000000000000,60.000000000000,0.000000000000
41.485580479615,40.940892790118,37.146108052988
25.648873155475,19.236040839890,48.056584947715
60.000000000000,60.000000000000,0.000000000000
24.472721319793,4.405049488614,24.888103890224
3.720898652275,22.189989297484,6.278746956366
24.832842345590,19.748827070256,25.920094311575
60.000000000000,60.000000000000,0.000000000000
24.455115436758,40.861602579629,55.200036753144
17.705828477598,29.823285528896,40.161554160803
60.000000000000,60.000000000000,60.000000000000
27.522971951723,27.575671490382,41.960338294105
60.000000000000,60.000000000000,24.139290953899
60.000000000000,60.000000000000,60.000000000000
17.742003994270,9.770886710631,24.859898355869
31.685255627057,26.628447970415,41.284554572096
26.880664995345,6.638261208746,13.993396635179
28.939425821991,8.812914449147,45.743749016813
27.021438435026,21.945525716703,1.555434302278
23.722664804402,40.075792399421,37.078814473507
27.084393414995,9.182502547846,17.336787188959
53.927543064889,10.069526776193,41.255978326461
25.023123451354,39.843356164444,42.273363375248
60.000000000000,60.000000000000,60.000000000000
29.206058382400,37.355953325268,51.671858421398
26.467610481755,34.647717718597,35.886557598574
12.759016329001,36.410650466754,35.965632790306
27.699623152689,36.643955346109,31.469452125008
26.342867558321,16.934508115233,0.268231307230
60.000000000000,60.000000000000,60.000000000000
53.210403602797,30.227572616544,43.392495873953
26.779403552690,39.456034263789,36.386442378242
27.798630157102,36.467206924739,16.978594503435
60.000000000000,60.000000000000,60.000000000000
26.808135266082,12.281476245355,28.179505347518
3.718560506155,0.445503165372,22.454857016577
25.879264340058,51.923555184086,25.101747060426
60.000000000000,60.000000000000,10.948080916354
24.238517755752,22.296068233374,56.594214040175
60.000000000000,60.000000000000,60.000000000000
25.281593835376,36.241205544073,8.653093576674
55.936073718965,12.503621847604,26.575839138678
24.198592687049,34.514977358756,16.815232154479
60.000000000000,1.103359622306,60.000000000000
26.436450452510,15.630000298916,3.504508950148
24.507136476623,27.729626724487,34.285442589179
20.748580880181,12.610836125724,49.124985712373
25.517403779807,27.530228536599,23.975917246639
24.023158235919,5.029403389576,51.226784993248
60.000000000000,60.000000000000,60.000000000000
49.290823795327,12.733216975826,52.964480730054
29.104366615542,22.454499646053,20.335042141420
26.977791754026,7.862632909604,37.345642464122
27.341228297761,28.404934611761,25.576091247221
54.049714546415,53.834797959586,41.416437973066
25.950791833149,26.544692514680,31.867672271276
27.099861101610,39.714697750843,22.645973825730
25.549583072837,34.792845521061,24.508547719948
56.133981211484,4.783675599736,5.008516806958
60.000000000000,60.000000000000,60.000000000000
26.411406930158,18.211333065140,12.838705986466
9.488601970379,30.453728586690,13.716503011017
24.974941235639,15.142108688046,11.714907384287
15.572498708184,25.659510572989,10.443994036854
27.865685717401,7.810109039567,49.475401909340
26.619629826343,29.863033170151,34.087091639865
25.881435531263,17.325020532003,18.794677940501
27.433474761667,34.030807081917,22.336302788686
43.319595979041,11.324486068187,9.919555409840
24.289505266459,28.278908414985,39.542300875202
24.833490592842,31.282076282482,54.522504281733
25.530569526760,19.876348635095,36.803781025931
29.428696486481,39.164725608183,2.794424883063
60.000000000000,60.000000000000,60.000000000000
25.736071089059,50.759104723872,20.883433132421
57.892246105592,15.867201207606,45.641327280365
24.673382824737,9.288662580980,35.067733352625
23.519792719962,22.335825663609,19.921642411948
27.829715371209,39.257655113506,48.622400290661
24.753211481392,22.087265058436,39.771149417522
60.000000000000,60.000000000000,60.000000000000
27.220706255989,20.145800010938,33.402307466413
39.550454307796,45.582068107022,49.129476956078
24.503675746106,32.180632006577,28.442875951816
25.411314954511,58.007754775417,14.215131823809
27.480283394622,21.703207127159,27.937857373592
26.150275680902,11.858803454451,24.244657977907
60.000000000000,8.333949844516,24.509678378164
26.995391099605,20.634309516813,10.252559463607
23.945787697599,32.469730593216,34.310615897206
27.717155670023,54.314723327785,52.965167222324
60.000000000000,60.000000000000,60.000000000000
38.166606959298,12.275546514944,0.660730566910
24.610855266828,28.924183393193,27.373481254259
27.647604305601,48.884089022387,57.621904785980
51.027125810965,38.234038835864,1.327493113285
24.301476927406,33.572643191337,42.491455960970
60.000000000000,60.000000000000,60.000000000000
53.183164587027,53.780454424187,9.490645577554
42.415110196619,6.703614223596,7.867955846317
30.241863151533,56.973014844959,40.253886633443
60.000000000000,60.000000000000,0.000000000000
30.518961181877,58.243481458383,48.001306116831
30.760517178844,39.487038914229,27.492902672370
33.680468836045,33.242890589171,25.353919597062
45.132395144244,44.426822815227,22.950399949147
28.392996992712,3.473493615790,45.879164884222
31.542930916079,21.283522574851,38.163618771964
29.364498139918,18.119748838514,5.692847992477
31.768464507491,30.631915030959,17.087734460241
28.968654473163,22.276078210988,56.355116448790
31.957802232985,35.139868693005,40.852544671918
30.685186865341,55.231530155785,7.763454181219
30.197254997503,24.122478940550,60.000000000000
30.282126807796,45.568642344614,1.925209966477
25.603053884674,5.811367575614,60.000000000000
31.719988765558,15.509203989841,18.737039782266
32.223354628053,42.392563710879,38.457383268551
30.441008089989,58.849874279454,18.080509315880
60.000000000000,60.000000000000,60.000000000000
29.963677167994,14.149959794354,58.654729430081
31.744915237728,21.539320792016,23.662419889053
29.437149842374,46.211409109040,15.890057227458
44.834199731504,15.290344888027,25.503219850451
30.527857774202,4.673701675839,20.349818416746
60.000000000000,60.000000000000,60.000000000000
31.943437014022,45.101801138612,57.499917246208
30.581316321523,34.952626180556,38.286668054888
31.527295577167,29.914129436649,34.789240797952
60.000000000000,60.000000000000,60.000000000000
30.765876999480,21.232775657198,2.802851007285
31.599017907923,22.988923588631,20.220834378481
29.593332218164,29.931370083635,40.290459103460
28.064547248472,31.258919411063,23.388221536694
60.000000000000,60.000000000000,60.000000000000
30.892202234062,39.191396407546,31.393678837141
30.745815882780,8.944364044884,40.929500715203
32.938446726590,26.901099224438,25.033611309810
28.889376213809,34.653330941187,16.485785938186
60.000000000000,60.000000000000,60.000000000000
60.000000000000,38.798416956108,44.953089517097
60.000000000000,60.000000000000,60.000000000000
51.833120745271,18.533340309387,2.664561071779
30.903432991112,19.601279489529,31.285831614613
41.997679309344,53.454968298490,56.550270942073
3.471549860634,2.640358732729,3.585839748634
28.728768365290,18.441770630052,22.599218905311
60.000000000000,28.100546589066,1.767060657841
31.200687534025,55.848029321634,58.141170500533
31.021781696773,33.686602892937,32.970831499457
29.954094639037,45.186076134628,6.077084844358
60.000000000000,60.000000000000,60.000000000000
31.785487388591,58.094471717751,24.411285295678
28.955940732581,23.104248034612,27.350733471473
29.034714245390,39.183065271118,13.796259277771
60.000000000000,60.000000000000,60.000000000000
28.931063318278,48.492816920800,41.795041746371
28.894611223109,30.988401800271,37.426471212968
30.981973861259,18.966863551750,47.377119090372
60.000000000000,60.000000000000,60.000000000000
60.000000000000,60.000000000000,60.000000000000
27.399418772131,36.707787794645,34.517687676913
60.000000000000,60.000000000000,60.000000000000
33.206703854230,33.912030636201,28.460389576000
29.206165209930,52.998610169744,48.432706226335
35.298446529003,27.760143860862,24.522860925825
30.136179407404,17.394853368002,59.994780737211
31.281928965193,30.263304508879,26.593268772434
29.042378049071,41.227910730344,52.275414146473
29.842225980701,22.191813654568,34.504903501768
60.000000000000,60.000000000000,60.000000000000
60.000000000000,60.000000000000,60.000000000000
27.260036043826,14.027084504242,7.239211537608
28.352917340120,27.795754404401,33.951225119020
31.529274127106,31.174186250876,47.057432150174
20.469799592818,20.742847786267,39.982273068726
31.228451479976,45.630466050310,26.083833973084
35.499506431125,25.893172983070,44.151738839551
28.135458804304,9.713402529924,50.670678049280
33.506422829242,21.857695770105,26.769287788489
28.196449969509,22.145057949262,23.680107055663
60.000000000000,60.000000000000,60.000000000000
29.450268696498,57.590236533400,14.133300922625
28.026271084510,28.761127848315,37.342245188085
28.187842019211,16.244935875126,21.250571976377
28.052227586255,18.158632743010,38.176086396848
25.147826798629,32.475379692539,26.203323460620
28.508804860915,31.716687122466,32.932381693083
60.000000000000,60.000000000000,60.000000000000
22.754124842212,22.324945622198,35.839436591761
27.562505599121,46.548354791286,25.709770320453
33.026209675650,24.551212276517,36.475737285615
29.667882166349,17.962292237932,1.665846685560
60.000000000000,60.000000000000,60.000000000000
27.954975514946,52.557224616750,24.899124297993
30.793311396646,36.598241437385,30.592025899567
25.586561293078,59.527162017980,18.359295454448
1.392475362436,44.397095047362,60.000000000000
31.140964724117,37.002169102533,18.108277680558
28.028784882380,26.224834399416,32.824329340196
60.000000000000,14.504313657663,53.877017618624
60.000000000000,60.000000000000,0.000000000000
31.686244732597,37.655376583390,47.240297447233
39.442777269637,11.699567525884,12.639203277087
34.430456416608,0.499786147275,25.553291128827
51.442386775912,60.000000000000,30.109695645961
22.442030790221,33.723477092298,14.040645531465
33.412279956100,39.854026807259,41.031845134408
60.000000000000,60.000000000000,58.908137014862
60.000000000000,60.000000000000,60.000000000000
32.002628541678,4.548873543866,31.810120499200
60.000000000000,60.000000000000,0.000000000000
34.094173720696,5.267214453190,47.644044669101
32.501897216527,41.038345118691,23.768199719948
32.855527160585,15.388273446551,33.815755607372
32.996986732207,22.330044229621,34.014384128146
60.000000000000,60.000000000000,60.000000000000
32.930159609674,35.848450608267,30.963316676797
33.077317801116,34.631563375796,33.194969980491
36.185832756705,31.331221098084,32.795977138332
54.099916491926,16.726588228090,44.062666061459
34.558805356693,38.790561658037,33.736215084815
32.882441099800,53.691697479409,49.053614218680
36.658662994608,26.324545241915,29.259205821849
32.102984107374,30.535136864930,54.571238858744
0.000000000000,0.000000000000,0.000000000000
35.870750586636,0.469676875020,14.600998861430
42.677923432109,44.152996714382,46.260356598411
32.130096418227,43.173835924492,9.183870109626
35.887829626249,29.821302422957,33.014356876935
34.549300654001,0.380045404477,31.323168710892
60.000000000000,60.000000000000,60.000000000000
12.044453403854,9.093375254280,12.382716775278
24.592116900126,16.577970823740,47.034871643019
31.273227658340,16.759119464107,4.375704295675
34.609594982601,33.460820635217,37.780547781565
35.610546779114,26.018244274121,56.816631808572
14.124686994650,54.895414767055,60.000000000000
3.317705137243,60.000000000000,60.000000000000
34.147251824355,30.016631174253,20.656981896682
31.912352256099,52.994584720843,29.414106576017
32.608656453470,37.642083522074,35.290746135674
31.976316622200,24.159818655592,45.254878148648
31.576360676818,35.089436883394,38.990702541549
32.287706579429,24.613448576756,27.495729851959
60.000000000000,60.000000000000,60.000000000000
31.451904124045,0.019977169676,22.847889415654
13.633917780701,49.168193538242,36.599492568651
31.571532265888,48.404025887338,3.647392264112
34.250594382320,30.981052021404,28.459385288361
34.093328820104,59.846532790064,51.752638500181
43.904260353101,27.924121263737,20.378815511684
35.141910436058,47.260493313801,12.415047203598
60.000000000000,60.000000000000,60.000000000000
33.294921326922,57.914502560437,13.709913510921
60.000000000000,60.000000000000,60.000000000000
35.385507763878,59.922398684440,58.073406643845
34.513357450245,28.514247591773,28.991844003081
35.982716745150,10.281568284059,24.771728493639
28.714583687321,28.725498614742,28.553297923693
34.781677333728,0.479261074799,21.845924311850
1.064231008156,50.018309314996,56.003052376608
52.672882615292,60.000000000000,60.000000000000
0.000000000000,0.000000000000,0.000000000000
35.165737112140,38.008595713215,47.325945164081
25.479529941377,41.714965905469,32.186920730451
34.393597800640,16.606230669404,40.955630618531
33.571457458075,30.422075014787,36.131084756388
32.365468880193,31.878333459382,32.425642717949
31.314349039151,0.978438971850,41.358143314979
33.528573751459,16.861155202037,50.257203868792
39.448876556853,8.039151222131,44.383147183449
30.325712195698,46.262199342324,16.326184603867
35.643100472000,27.693929614689,40.175937305384
34.283824012532,11.218584113644,32.314630978928
29.821737885680,39.144254802161,37.302656440054
32.313243479778,22.537139874379,17.023470676515
35.547965349631,36.267813067384,37.343729831260
32.400206723268,40.176640619046,52.644229574419
31.464435492503,26.258008498940,37.600451891703
60.000000000000,27.705685170892,4.844002167244
29.719543697038,20.906331639259,35.443193053981
33.140822739446,35.196755136781,15.772780472377
50.532373546465,16.296480132942,43.886558574477
33.180041503303,34.258785394011,26.969865332966
15.081390482891,7.824911290892,35.547772379803
34.919297399560,53.592398295093,27.124844537508
38.768367723744,28.929242809596,37.778599779010
58.307317223158,57.143309939190,19.726522036900
17.321316482099,60.000000000000,17.591213469672
23.761807729938,29.982913700558,50.396110394384
60.000000000000,60.000000000000,60.000000000000
35.846693677397,23.182987201548,43.011668393923
43.956408149643,34.414245777558,7.557248800822
35.128102808081,56.403534317259,53.203934561671
36.745365023836,26.405587742148,32.674729696961
19.814425546462,51.863943531654,51.235361899320
32.658789386417,41.187952897231,29.824450032752
35.900652982643,25.740912619957,21.509744854340
36.377937282698,20.000831859601,28.947652629228
38.179290659642,17.601974639391,41.608938380967
39.153104498123,38.547485979081,40.365342461492
37.821063007881,17.221889926813,46.623320241022
60.000000000000,60.000000000000,0.000000000000
57.268177334374,35.304756920567,2.218518834056
42.901030104563,31.275894888107,31.885727550766
60.000000000000,60.000000000000,0.000000000000
60.000000000000,60.000000000000,60.000000000000
57.517903879790,26.534021791649,28.193487077653
41.754774153750,28.342727535166,25.025767711406
38.869792167832,47.230498562891,7.891437244107
40.031271911026,27.829918412344,19.580301515234
60.000000000000,60.000000000000,60.000000000000
39.673673499801,21.488385592370,35.171803874281
40.008180155541,45.018945433270,5.273133626021
39.306882870763,27.411340255842,28.325697339856
35.788994402439,35.911437113759,32.226816205693
39.283135159443,27.287747595073,23.558457117087
39.871498059047,12.513226609161,49.866136896397
36.937850055915,32.801607576098,38.529931969370
39.734151186333,24.569298828805,21.803894745721
40.133000882573,34.872550183564,40.091673407106
37.671539489522,1.439817017468,22.799727744977
38.009518692197,34.834693017129,29.676236872268
35.833821379045,4.191607780205,40.417401348590
39.760812287583,35.929917004790,27.558418890090
39.882204910012,15.913847457631,31.493393388846
40.606582559018,39.475280012005,33.124058101104
38.530845978889,58.958077208449,40.900168639493
35.521381544551,19.830905434385,40.321980173569
38.128288814609,40.630783367397,59.942968675410
39.789612811791,32.223436756274,27.826624350749
60.000000000000,60.000000000000,60.000000000000
0.000000000000,60.000000000000,60.000000000000
42.710214838519,15.122509617968,20.599922167287
60.000000000000,60.000000000000,60.000000000000
36.507567391927,43.030051086767,12.676894625435
48.530736741842,45.617489919263,50.154490818181
38.250589665113,58.325853610356,0.403609177003
60.000000000000,60.000000000000,60.000000000000
38.189908262087,32.090090314169,9.231558010277
60.000000000000,60.000000000000,60.000000000000
36.689111717697,49.060043990512,29.623788925728
60.000000000000,60.000000000000,60.000000000000
35.926252386303,30.816666482657,37.499332566371
36.598123377143,21.833683576609,23.355316411163
37.910122264769,42.289307102823,20.993054257635
35.908103909170,22.763427057578,20.114994000271
37.607942730575,37.545929453966,12.019121673491
3.946478863699,52.834296070349,19.750393843990
38.533147216671,8.669703196000,34.903845796565
37.081603979315,36.865650760085,23.252444827148
39.135598516587,36.971499484721,0.006110865328
46.766401090495,22.474635223834,14.429475402690
38.313930376562,17.020797333863,13.438934731281
12.827394187954,53.232441688878,0.336026503482
1.106232564146,6.409768312351,22.337525785077
60.000000000000,60.000000000000,60.000000000000
36.881640285146,1.564912503470,2.185392470713
60.000000000000,60.000000000000,60.000000000000
38.704902529420,51.341162954578,57.061848897791
60.000000000000,60.000000000000,18.959554875988
37.983153443331,10.975535227853,47.048616781850
49.745961247968,21.331293297282,27.189124607883
36.893843252129,22.828838263152,46.947033639184
37.699719211380,20.673349550865,36.734487247776
35.342822673215,17.757003356539,23.106901714226
60.000000000000,60.000000000000,60.000000000000
39.730385748344,22.134866786010,12.630885694489
60.000000000000,60.000000000000,60.000000000000
38.002566908882,39.678206445941,18.112913679989
37.080796152038,39.833298664107,27.979101969288
39.106296352540,17.726617842694,30.129842167255
37.813647081101,27.353192756503,25.061629786648
37.785415442861,51.727706541863,16.768180220151
38.117753320001,36.441695942288,37.131391432107
38.110369576165,59.169615172135,7.963278688559
60.000000000000,60.000000000000,60.000000000000
36.672979380207,10.661526065503,54.648622343975
60.000000000000,60.000000000000,60.000000000000
39.907700589335,14.806699786353,34.774516194561
38.023271433557,34.303308562549,18.891147124536
37.102616245199,12.572335981054,17.501296977888
0.000000000000,9.320018084019,60.000000000000
20.472723917729,42.419614762298,21.230762918748
39.241701609386,36.697564851885,34.185390994896
60.000000000000,60.000000000000,60.000000000000
39.710653125337,13.237375084593,18.157951563858
38.380298898289,38.713175536557,51.396587864630
38.897074353797,23.298829148260,38.748491512464
34.409896863283,44.229855654541,20.419466341930
27.867538392032,60.000000000000,60.000000000000
60.000000000000,60.000000000000,60.000000000000
38.129533379228,29.925640770297,25.638872045614
36.861187862017,0.047542438572,19.365251625020
36.847674306331,39.756518357954,34.248844539363
37.995370469225,9.008714494284,12.266712665953
60.000000000000,60.000000000000,60.000000000000
60.000000000000,60.000000000000,60.000000000000
33.095217779001,26.271979770758,30.816083215680
39.998718475947,27.837523434836,12.171049848561
42.806044256757,33.275586790756,20.145140730179
60.000000000000,1.889855770475,42.630547697678
42.255659011732,32.686419827701,40.092348869664
40.238113330236,57.619042205846,26.253750441578
41.775574858839,20.248609460643,39.486540243485
41.621411915936,11.449369133201,45.291478086315
42.515916973804,36.501181483798,22.230580544591
41.298659167995,9.666353315030,37.280433420063
60.000000000000,60.000000000000,0.000000000000
1.022261609031,60.000000000000,0.000000000000
39.999000679765,35.505753782474,19.947871762375
12.640676319399,7.047352179022,42.409929310479
43.520228499889,24.008383991289,29.827565470943
42.752587779318,15.128132388195,37.368637378094
1.972205877460,56.583661091465,57.439746585075
39.654867051943,42.525700282725,35.548161088118
44.831774802587,25.806568617664,32.955984033824
42.317972713435,48.956116771270,5.341460211768
60.000000000000,60.000000000000,60.000000000000
42.717340905939,29.894208008244,3.559702007574
60.000000000000,60.000000000000,60.000000000000
40.840587738875,8.319043196857,56.112160023981
41.666542270595,26.594030305133,36.506676153358
43.779720473052,35.456971634629,16.349930207053
43.519268116566,28.313479912292,25.021560380842
43.136487383235,30.658184336530,48.647258108148
41.534951225137,36.394357904281,37.580366160558
41.871477522017,9.539334111918,17.801127764197
40.852366098454,33.452396720879,21.444830043961
60.000000000000,60.000000000000,60.000000000000
60.000000000000,60.000000000000,60.000000000000
42.742001305645,17.933398877344,46.120556761421
43.727954017964,27.656480358802,39.312737063422
42.631878759902,17.713943462220,39.484841661031
41.536435300559,21.867576009296,32.251840237603
41.580574527120,0.044047468710,28.686642995900
8.125811532392,23.318471921796,44.087787936774
42.796752149597,10.189747796836,22.340160249565
41.954693691196,22.695546047108,24.954344079207
22.294225314734,53.807634147621,60.000000000000
40.275700244464,28.842684578426,24.115576133104
40.838079169636,13.921780220644,13.818564355059
40.147260108402,21.121066461569,27.726347435123
43.209264952229,36.336925030719,49.128957965140
60.000000000000,60.000000000000,60.000000000000
49.009800282892,19.185737081365,19.858705322061
40.794926840298,30.507817545337,31.509808328379
35.866280136777,27.088816628491,18.307987883100
27.889625145328,23.861264309740,33.383005483438
39.713660047342,17.992362574116,18.798238483136
41.491366325608,31.144210640686,29.467266904435
5.180620660767,12.476913604247,49.773388228473
41.588291971752,24.740554018731,38.004782961331
41.619627668816,35.435187519182,13.293332489226
42.293555418097,40.137775107998,36.270829018965
45.826251471115,12.471846541511,60.000000000000
43.151208885433,23.622062621706,35.076491462390
43.450872820995,53.820308026883,39.522590521575
44.326102953419,20.224216968767,19.706020971320
5.043254980916,56.290139509786,22.039171224857
20.675559924920,60.000000000000,23.919256960891
48.947195831638,44.733111793446,6.879145212005
40.629729063563,36.828182708291,32.194293689090
41.629224462660,7.954736139553,45.237908322751
40.700357994932,37.793842003085,23.708157994462
42.568971378959,16.572948797387,3.041173211499
39.840576890479,25.108151631199,29.052926869786
42.991571526966,12.418015925673,52.763434879458
43.522795461896,17.869079632254,23.493202279807
54.540293233611,47.027425218747,34.323042423301
42.548336532340,28.028574858851,34.013750583967
38.861054412479,50.803896170846,39.570256239872
46.147185932296,28.441538948869,27.444650792895
40.637177063609,32.141271463687,1.366128889075
42.339109848167,34.799012144475,34.981934863478
43.657538793506,35.232335860601,58.263637483171
44.226710289213,33.433814595390,31.754872234471
40.967297246878,41.147206674697,56.655993446821
43.839597144312,29.604868786165,36.323232283386
43.546245960432,41.161798945426,39.886593210071
39.223404685931,21.755434604805,22.755000246223
41.259366501224,49.793916545035,19.054802350406
42.122497214836,39.338616621766,20.865372491698
22.960169426921,51.806931938219,50.326435073059
41.398086104548,34.833628353664,24.871312197262
42.126521510698,34.798837838149,31.167018507176
60.000000000000,60.000000000000,60.000000000000
43.597213097037,25.077742923228,5.090654181544
24.109940960483,21.756039370251,30.034423561492
41.655252991344,22.280994350163,4.334467581735
39.181935312441,19.484905284289,25.044891053429
43.160866949253,33.871629938318,5.441347222657
60.000000000000,60.000000000000,60.000000000000
40.446902178729,4.833236337069,47.357868366944
40.483401694416,29.584866142286,39.755702993683
42.509887735121,20.573869811437,42.211774021541
60.000000000000,60.000000000000,60.000000000000
40.998110209408,3.412937333687,34.172257348919
60.000000000000,60.000000000000,60.000000000000
50.897707211796,42.824326133537,48.901552308857
47.671499593733,29.757357344819,20.784060869064
50.037067568874,25.552114806644,31.834816768903
60.000000000000,60.000000000000,0.000000000000
60.000000000000,60.000000000000,0.000000000000
31.402017008461,56.004543324372,16.459159216906
44.760582879508,53.972727067691,5.046575409151
44.130824351551,35.526061654261,23.641073667824
42.569780194457,56.340667627418,5.034473943704
47.873343893888,38.042360624997,30.009135731850
60.000000000000,60.000000000000,0.000000000000
60.000000000000,60.000000000000,60.000000000000
45.148268508494,49.268544719945,49.507193091890
45.311099249598,24.755398910890,41.481952264474
45.617499033971,45.326596943267,9.393795464602
48.399929729151,34.260045827197,24.699433610574
46.628745904689,50.979199416701,37.169702458899
48.544775814570,21.986194158195,24.411478106124
44.952135668377,23.846043395386,22.809623703657
49.414314158913,22.164499886546,32.573027911520
60.000000000000,60.000000000000,60.000000000000
47.904543150035,26.913182123485,34.736232390446
44.905490330579,15.498826847860,29.626293683551
48.555176238360,39.167421003911,38.702725378638
45.756274639274,5.531536559805,54.673420447363
47.739724196966,21.323344356298,22.162113209266
47.766819926506,46.714445311387,5.819287670687
46.993062317121,38.377448604274,25.630920104397
45.274451190690,31.679181812464,54.549477492115
60.000000000000,21.201910111197,6.865916333858
8.168322348725,27.740983298608,30.316297469279
41.204149039166,20.622084099746,37.003240341926
45.481238011864,13.474920487890,8.500906578222
53.884105415140,3.052451096845,21.002332351130
38.653914661175,5.066196655232,7.697367349858
58.089597076861,28.036455195307,54.314905467183
60.000000000000,60.000000000000,60.000000000000
48.261857620999,24.973128009134,31.942946349197
47.278626638818,21.972458281813,44.193613311714
43.164559515379,34.986122168715,32.894625466896
45.190894902304,48.362058976894,29.438171970481
44.580667102544,34.048187346784,28.900180447069
45.021817657055,38.930799985366,58.039135753758
43.363631577107,28.467069121061,31.806700375192
46.262265928208,41.541319433040,0.479579127854
60.000000000000,60.000000000000,60.000000000000
47.830343819078,4.628491470296,21.934044177756
39.863975127592,20.815928143626,23.697403263981
48.510504361475,18.643949417557,26.357725794812
44.215079488030,28.626795326093,21.357020579716
46.142677100875,29.691144348750,7.509454265278
14.459843594450,36.460254656758,41.248806695160
47.153749647873,16.411331882046,35.106809140498
45.858560378838,41.107412922582,18.366064672549
47.020244871411,53.809710050987,13.951799169921
14.807608806249,6.868122030527,13.043261048661
60.000000000000,60.000000000000,60.000000000000
44.166155967481,21.380267660742,27.450848355823
46.781107909012,44.235761366530,16.853651224995
44.500213878691,35.978840513782,36.510959665378
46.896830750576,33.040638748738,6.513732691446
44.375148137411,37.885804997225,27.361465196344
60.000000000000,60.000000000000,60.000000000000
49.605768608965,27.446171644096,35.205471417692
47.085261753098,53.100383983503,44.152457016287
52.014966925692,37.457972636170,34.069131409517
60.000000000000,60.000000000000,60.000000000000
44.615791874721,20.426808619151,32.838961341975
46.405210199307,3.013536809286,32.994289742843
43.663921489805,33.792978955856,40.412340709699
46.749019808330,25.247539004962,13.705216249571
46.971328615152,29.823300565508,35.086224105213
5.239025070114,35.101453258990,29.139776051921
45.377169654003,25.722172667690,35.887709382112
26.622805354362,41.834786870982,18.734500196525
45.377989494625,34.521063859843,38.570386009944
59.870971627266,12.808498705665,43.802990147251
47.833993536417,42.862452517575,31.631924569596
45.272273623602,11.674045029561,58.511776423400
60.000000000000,60.000000000000,60.000000000000
47.169535823438,7.396167087234,45.100379436558
50.978799527013,54.947214562686,33.387743374288
45.482207330363,28.985565639827,18.705469424430
46.697944902132,36.254970323862,27.869443730153
44.375192942846,26.715346463817,47.099952463477
48.860998837808,32.877420823750,31.881373459674
44.446252989262,55.753791322621,32.554120865153
35.619651695669,3.958193837948,28.695992107904
60.000000000000,60.000000000000,60.000000000000
45.420704425000,31.911958493522,29.412726710132
60.000000000000,60.000000000000,60.000000000000
41.742541273480,40.227558077843,38.948323050596
45.015072825886,39.171674356029,46.745597743271
46.436328269539,31.626346740017,38.021964976329
48.170809679594,53.994977180537,18.581212754286
48.333578814743,23.873456682669,38.254897808557
60.000000000000,60.000000000000,60.000000000000
45.151052766964,35.502195108802,30.617370577014
45.737265917982,52.764414424847,40.155731914604
45.953108569129,37.804680347238,32.914365429429
52.027180942786,48.470481561248,13.527263557719
60.000000000000,60.000000000000,0.000000000000
50.930821869868,15.568351112594,44.755924800830
60.000000000000,60.000000000000,0.000000000000
48.626620830706,50.037501586892,26.708583129083
48.405770201715,38.333856672418,22.064536846884
53.499389501570,37.815717105829,23.279198129507
51.465430096910,34.660836644030,27.317629265702
50.412385679033,24.143294235005,58.252284440874
14.220617765819,11.992813015668,32.393212158343
60.000000000000,60.000000000000,60.000000000000
48.746287037030,29.851670395353,20.358477464987
49.095288126411,3.230436268698,29.943153923997
48.756365630920,20.755240819202,29.256974015567
48.610788073625,15.163494153958,41.409417161543
51.140109689104,49.634142663564,55.417816767939
51.162131678423,0.060863992965,42.277894641877
49.043985071028,36.214381521278,36.158185814120
48.040353851641,2.598247094006,37.121177534179
18.514450547132,60.000000000000,55.676323114902
57.161718067948,47.383273043596,11.074413661368
51.121133727690,24.883455356312,22.707835759095
48.831723352701,22.564751903388,2.999729085479
52.795877319019,35.354244662288,5.024584762744
60.000000000000,60.000000000000,60.000000000000
60.000000000000,60.000000000000,60.000000000000
51.845926000388,1.924834663267,22.940381578475
47.140728505688,39.548362006485,36.393893930390
52.895968467745,37.241693180190,29.808223427500
51.874673237814,38.726550767639,32.035193928105
17.188343930345,0.289254754921,17.964706463320
50.174561138561,27.794911026267,40.024447780629
48.357514555092,8.753049118088,30.755872756570
50.337886928536,39.833103779694,26.284300844119
33.416372850177,19.295321433916,17.844567451297
50.758460106469,33.201226126660,23.417934324619
51.131895141100,34.134025938580,0.252750800312
60.000000000000,60.000000000000,60.000000000000
51.769931244792,33.658927003884,6.004374189864
3.701167545620,16.054283842219,33.870373370379
60.000000000000,60.000000000000,60.000000000000
60.000000000000,60.000000000000,60.000000000000
49.117550371179,3.604089884383,42.374462108205
25.666220798598,20.611016482209,10.847408839626
48.500898422922,14.021589090736,55.354863078386
48.721625426400,36.075600710421,31.011498458996
51.685600767446,46.199834856243,21.621136193434
23.477725944619,23.935439825270,3.749499990422
10.355754126983,10.417821427689,21.617692959283
53.872815085442,30.651938009794,22.259296288923
50.109944231568,39.867791025721,52.670190193360
51.468250553455,22.197008536592,35.768717135874
51.165986693424,4.924812025117,22.072229981109
50.456187732774,26.882899984296,26.488467523610
50.125841228988,12.923444282420,13.067214740024
49.044899496256,35.773438289484,26.994168815097
48.627491157426,45.578866537754,3.744300750307
48.290452892416,38.519302774023,39.900247185711
51.896677610599,35.587396802810,54.374860916513
51.076399773165,31.374876524698,32.293049750145
60.000000000000,60.000000000000,60.000000000000
50.554839828091,39.009058266391,21.084083197286
52.573447731018,9.158142735587,24.478021249242
50.713894156658,33.692493206449,36.220867635909
60.000000000000,60.000000000000,60.000000000000
60.000000000000,37.370751087898,0.000000000000
50.921584722349,16.199964445712,25.108357064833
48.407518537860,20.323303478622,21.372398679714
49.742587687461,53.457546250493,13.153500208206
60.000000000000,60.000000000000,60.000000000000
60.000000000000,60.000000000000,60.000000000000
50.937497626630,39.135493132916,39.720852220813
49.051962454123,55.540991372565,58.564003838354
60.000000000000,60.000000000000,60.000000000000
50.121424429811,52.176459570105,34.336699556981
49.617695905898,40.019506813452,22.038222420889
52.195951523952,51.327302731996,39.113538393997
48.415249869285,28.010262739100,31.475878668131
49.524170786414,42.170122843630,0.728311059725
5.243912531181,5.804981714302,18.884290404931
52.827603125773,36.377215281204,49.342003998740
49.038916721706,23.566517575105,18.201281746457
48.298801412253,3.358440423307,21.256693904771
48.955177560355,32.041539384600,37.791334260655
50.014759390198,44.201763486751,53.701499153220
47.921620143140,31.003323418158,22.254263905228
50.517517788218,16.487911760558,34.221355211440
51.763311144421,23.508139998972,39.205458422895
49.506370842811,57.866718699194,41.792260542522
48.979002798302,27.411049534550,24.660033074634
50.774611502644,6.735536137868,10.101717975575
46.174103745019,38.676378398817,25.068777179234
48.574714288495,42.248006957599,29.341773136325
53.731905794331,54.004529409324,12.518369130085
25.657170778566,45.267671263551,25.639148415938
48.677095933275,34.788428394290,20.432592376036
51.129154032484,43.343050428278,41.135845255994
46.849296109092,31.847919384045,29.820134465188
50.329045264693,41.228071364780,45.268511275661
48.928524537624,34.488895286995,33.032684702859
52.112196084754,48.357689108809,55.604643981296
52.725111365082,21.735755618300,21.677443828869
2.030731704375,56.850843792229,50.158652929301
60.000000000000,60.000000000000,60.000000000000
54.359173977521,21.036368851971,26.210023804422
56.488823177081,23.044123346031,33.565554139867
54.941791603104,19.312612981647,44.598227024606
53.025437814593,34.621592074055,27.413602637690
55.446956785843,1.405947245002,8.775633936031
52.735145970261,31.908464347296,33.682343160825
55.553884466234,35.033683330926,30.375191226027
53.789232826678,36.702026893185,20.328004112154
52.916673797052,17.787441361525,10.525564147442
54.944797071632,26.157146083859,38.775828897458
55.121217727552,44.302051302280,11.665024613294
60.000000000000,60.000000000000,0.000000000000
56.015635565506,8.978800132357,47.048063396072
29.666025144544,60.000000000000,60.000000000000
58.999351572474,41.560798362461,56.177871506353
60.000000000000,60.000000000000,0.000000000000
55.151539612621,45.624983823144,7.832811843374
53.151175019974,21.633896431120,31.063906720593
52.704359878999,30.271477977796,37.175533769850
3.809681647587,17.308946975978,11.071567083338
53.836754161720,5.631729116995,11.604553498521
51.488928509845,26.916721480573,36.353783966673
55.555783784339,17.564264841899,40.082255719291
33.108705193414,16.009316438353,35.931305075434
52.464778580828,49.101473534096,0.690880050793
55.797658503641,30.814473038875,36.858808512203
53.539734620832,16.737528178897,53.901761822135
60.000000000000,60.000000000000,0.000000000000
20.541629519206,21.972117600425,11.279904607554
60.000000000000,60.000000000000,0.000000000000
18.695266125126,41.820648091388,26.449861830781
53.085082433594,31.297030935704,29.713013136458
60.000000000000,60.000000000000,0.000000000000
51.260391206663,36.425148173894,27.342231326012
53.970156799432,46.616579410617,27.694886722975
60.000000000000,38.887151234654,0.000000000000
49.935319800659,1.593795832424,46.894786712708
18.162833870095,12.617689905253,19.211065780735
52.459781233881,27.383567159835,27.409320363627
54.935618115153,40.308797064681,20.786374585763
52.763244516882,51.774098729429,23.486659689185
60.000000000000,60.000000000000,0.000000000000
55.624422670085,27.225035701231,20.227592415345
55.447657793747,23.129858848819,28.385289871400
60.000000000000,60.000000000000,0.000000000000
42.690731560389,25.787638527357,52.141562020436
54.143541775880,49.901408346276,37.717852414958
49.505887667540,19.680135199778,34.770152463354
60.000000000000,60.000000000000,0.000000000000
53.081416624791,24.420319547205,27.490494896864
54.325821591059,31.681747100696,12.818967898041
55.326732198562,34.399448521604,35.493446216344
60.000000000000,60.000000000000,60.000000000000
53.031160015843,36.101380467516,31.980423562915
5.700878459770,29.413524490820,17.240469907530
56.113088392564,27.978896925486,25.103792120814
54.861407985053,14.612437245198,15.978308046152
53.827745816812,37.828422211712,34.291608416348
54.600363869112,24.305494842779,50.172192439360
52.501179195428,40.211537248325,35.944382661313
33.643415238182,52.229628366603,1.764340935435
55.976782190599,27.495496106157,29.592526409601
55.103341735009,16.146810091409,5.859769012512
55.374864647520,38.395456341414,28.085525985708
57.017248577796,43.825070050408,54.115180232369
55.410285966905,39.491787156035,31.448837046752
55.575482629337,10.843002946356,9.459409778985
55.362728997605,23.724984767861,20.978929189983
55.496763259375,27.382518065553,8.047407856065
60.000000000000,60.000000000000,60.000000000000
54.190334876208,32.449531148277,16.200024242140
15.806983961242,9.822637957707,22.533775327531
60.000000000000,60.000000000000,0.000000000000
60.000000000000,60.000000000000,0.000000000000
53.895221609797,12.650494595056,2.695795470907
60.000000000000,10.838313971619,60.000000000000
54.459647888128,59.998318087931,55.642348398738
21.974505454842,5.982832217801,12.638921419479
50.507677317624,42.525195560553,17.339930930678
51.491448773504,29.541436123796,22.949819351430
52.254390356958,1.821299609175,59.951465668871
57.419581395430,11.380589286885,8.427895828652
60.000000000000,60.000000000000,0.000000000000
54.785002682649,36.852522412124,23.312107409602
54.560946208737,43.151991771870,45.652165370584
54.970581856080,20.630039456914,40.949029164451
56.444323088263,58.816416487204,42.307700007876
26.386499102295,60.000000000000,30.610540063535
38.116057809739,54.677435955901,1.798821610878
60.000000000000,60.000000000000,0.000000000000
48.058909443496,8.816269728444,5.801309971151
53.149254155960,26.636223015596,23.503865375386
60.000000000000,60.000000000000,0.000000000000
60.000000000000,60.000000000000,0.000000000000
54.797454506804,29.869252296896,50.712016558314
60.000000000000,60.000000000000,0.000000000000
60.000000000000,60.000000000000,60.000000000000
38.603873325536,50.815910343939,36.560574524756
58.142855988475,34.396967317313,43.514681463505
28.240160224179,19.241732265545,4.845716079946
59.637429460149,49.404076947814,26.707079060977
49.397894377922,44.307469898906,3.542711793706
57.919271413171,1.951636757189,4.360770538412
58.190837150431,31.293666330508,28.463191804949
55.132036937101,39.097272584614,18.547268890296
56.758915537421,36.951376585190,36.884883756349
57.976252494767,16.089005183065,2.109075429083
58.045432410806,22.530125224298,19.200287217867
56.960997324595,32.678642673316,51.250058807972
58.205193746991,26.724805525972,29.696618982402
58.121323191935,14.943015038340,44.526667163154
60.000000000000,60.000000000000,0.000000000000
38.904906263254,15.914051247298,55.218950163273
58.302115784821,26.343969067102,39.140380268319
57.777258048419,14.751375306429,8.727418410462
59.917967711634,37.197583076687,35.936655598483
58.058266988242,51.191163559392,48.995027644761
58.257324789739,39.045305082924,39.078908416262
56.611237917233,36.761586466869,9.930450688333
7.011976113923,60.000000000000,60.000000000000
20.227878628294,60.000000000000,60.000000000000
58.172979717761,4.040306278234,55.832628578887
36.282864179993,50.225494081884,50.988701970533
0.740822747942,24.488603851197,49.800058021144
57.312954364709,2.275119700861,35.069986123075
59.760351459495,22.640138547461,21.289559063125
57.420881041842,56.023641727667,22.351257718021
50.981124392580,7.054423242700,50.558497775675
57.489545897381,59.539850905585,14.632107968819
60.000000000000,60.000000000000,60.000000000000
59.843132411715,21.338147540941,48.116595134036
54.971066813331,22.887975788725,35.314561435845
60.000000000000,60.000000000000,0.000000000000
17.104825748173,41.119645112087,3.946269613496
57.032324481857,57.128013953711,49.379965191004
59.678433659191,28.698239961595,27.920205808321
44.859397576214,44.368481535651,44.940951072402
55.670237202213,32.170651012223,22.911347233132
57.378915468189,53.376087260875,10.790344775992
59.958359676846,31.849381718073,25.771762174383
0.178363138045,3.177881973950,35.817295020046
54.924169500419,40.931385131564,32.795491132150
59.151375778855,9.033651688913,21.109752515719
57.270126122054,27.433881237809,19.715921801422
2.545593801801,60.000000000000,18.748852431515
60.000000000000,60.000000000000,60.000000000000
57.782314659571,59.980246656631,23.021966798292
57.597841225591,19.105084817166,37.582234352482
59.049897763288,45.411280512044,57.761907674092
58.478970587142,39.145131305258,33.321573780116
58.220985148408,48.393391855446,14.094516496401
53.788869236042,16.524479802092,29.064253347657
48.604576532784,14.364138216796,43.135802888220
57.143575081763,33.205663732238,26.117905657654
57.713900893536,18.999770273566,9.882154837032
57.608750121352,26.326786792162,42.357517551886
59.332824050743,4.401218542466,50.197014913628
60.000000000000,60.000000000000,0.000000000000
56.408592190061,45.118805372647,26.777937152729
22.906640698570,52.987380735312,7.338547387992
59.050203705937,10.184606755717,41.412355611363
58.147392530096,25.160717870915,35.755921017587
59.478438450703,15.877151882388,47.621080052040
60.000000000000,60.000000000000,0.000000000000
55.467285108690,35.013321064699,34.214644263261
60.000000000000,60.000000000000,60.000000000000
40.925014249234,60.000000000000,0.000000000000
60.000000000000,60.000000000000,60.000000000000
57.685570463152,59.130950677751,18.368864308358
54.444214517662,4.599953020040,9.578830094183
60.000000000000,60.000000000000,60.000000000000
57.124050239130,29.312204321559,31.914511372030
58.951447675596,2.455673611525,22.643438425069
55.300406665726,20.008231150276,31.279169626804
58.065870566229,43.106638763691,4.679313317702
59.030541961539,35.217596871964,31.707043869786
58.045339082570,26.201210297781,0.851470922864
59.229020996457,23.018261381045,33.277425800906
57.875872396796,18.745239677067,24.888922377363
55.763500142333,25.415891545828,32.761246107764
58.555864546240,21.940939829227,9.184516125979
56.842726789017,31.008749532241,21.990386548381
25.083584990682,12.075119138056,24.006296614246
44.649364682433,20.331422951775,2.818189897716
60.000000000000,26.706572073252,0.000000000000
60.000000000000,60.000000000000,0.000000000000
59.862977258215,52.390707502976,11.637482911043
56.324153210541,36.729712607917,25.621938405957
58.735994446089,54.732701084029,50.488185124312
46.859008363053,15.448532509353,25.111632115173
16.357417780163,7.230072607843,28.442605745771
60.000000000000,60.000000000000,0.000000000000
60.000000000000,60.000000000000,0.000000000000
41.548380731452,25.223649669731,52.096312878227
36.160084465289,39.045195241577,29.129143377889
56.582021594330,26.454496377133,34.025688094884
