x,y,z
11.603700194954,37.160642442163,7.729789789833
60.000000000000,60.000000000000,60.000000000000
60.000000000000,60.000000000000,60.000000000000
49.247252639573,7.634765523037,17.022723397681
25.224757827351,22.132178832674,37.110311060995
60.000000000000,60.000000000000,60.000000000000
0.000000000000,60.000000000000,60.000000000000
49.698390174977,57.402498363668,6.897916797902
60.000000000000,60.000000000000,60.000000000000
60.000000000000,60.000000000000,60.000000000000
38.920328572651,31.593447105902,21.513943719232
60.000000000000,60.000000000000,60.000000000000
54.754647907386,60.000000000000,60.000000000000
8.147322778213,38.714108860000,51.935092974125
38.811914425253,8.387553757169,54.535032170586
60.000000000000,60.000000000000,0.000000000000
60.000000000000,60.000000000000,60.000000000000
60.000000000000,60.000000000000,60.000000000000
60.000000000000,60.000000000000,0.000000000000
12.820949033737,53.576116671457,59.190618537321
60.000000000000,60.000000000000,60.000000000000
60.000000000000,60.000000000000,60.000000000000
12.937917272828,12.806440719031,4.935962076055
33.921394826725,43.151151317415,43.280153975396
2.197879048512,22.610234915167,48.791443900037
60.000000000000,60.000000000000,60.000000000000
60.000000000000,60.000000000000,60.000000000000
60.000000000000,60.000000000000,0.000000000000
1.918008297975,53.546631929424,36.319901256996
5.175046595835,17.648617292323,47.113584281945
1.190066478476,51.061815659842,52.259554767881
60.000000000000,60.000000000000,60.000000000000
2.032306074017,5.681188274612,1.344076362309
23.417936307488,51.595404052957,4.616813998210
60.000000000000,60.000000000000,60.000000000000
60.000000000000,60.000000000000,0.000000000000
60.000000000000,60.000000000000,60.000000000000
23.660723904526,9.273795071648,37.304721835717
60.000000000000,60.000000000000,60.000000000000
60.000000000000,60.000000000000,60.000000000000
8.913530265782,36.457834154364,26.504556172615
60.000000000000,60.000000000000,0.000000000000
60.000000000000,60.000000000000,60.000000000000
13.641017047029,27.632845057134,7.994762088651
60.000000000000,60.000000000000,60.000000000000
6.531622937058,41.660591592856,19.138882348172
58.318308977531,45.121681490989,53.925999164284
25.552280314183,8.844638620448,17.936804668019
41.117614062414,43.565078016562,39.636973465658
60.000000000000,60.000000000000,60.000000000000
1.354837088087,23.799539263790,47.900354223731
60.000000000000,60.000000000000,60.000000000000
11.929342691448,22.444865729608,32.448202956476
13.233600459566,14.105675007301,50.849724273528
0.634185705483,33.337959048045,14.484983533793
60.000000000000,60.000000000000,60.000000000000
60.000000000000,60.000000000000,60.000000000000
0.000000000000,60.000000000000,60.000000000000
60.000000000000,60.000000000000,0.000000000000
43.122444654928,6.216130943231,21.978440447843
60.000000000000,60.000000000000,60.000000000000
60.000000000000,60.000000000000,60.000000000000
60.000000000000,60.000000000000,60.000000000000
60.000000000000,22.431205271986,60.000000000000
59.184019954161,58.575352785632,57.853564645738
0.000000000000,60.000000000000,60.000000000000
60.000000000000,60.000000000000,60.000000000000
58.876161944719,40.325723727497,3.567839292936
43.513757486669,10.047311330947,27.427897443585
60.000000000000,60.000000000000,60.000000000000
60.000000000000,60.000000000000,60.000000000000
60.000000000000,60.000000000000,60.000000000000
60.000000000000,60.000000000000,60.000000000000
60.000000000000,60.000000000000,0.000000000000
48.049251102771,52.885541438590,5.918956602859
60.000000000000,60.000000000000,60.000000000000
60.000000000000,60.000000000000,60.000000000000
60.000000000000,60.000000000000,60.000000000000
60.000000000000,60.000000000000,60.000000000000
60.000000000000,60.000000000000,0.000000000000
60.000000000000,60.000000000000,60.000000000000
35.068169898808,58.318575193074,5.248100060171
14.557928348825,40.185966803702,11.743028532122
15.789386050692,1.505420611742,14.585611029020
50.251888730325,25.910100569812,17.452554879623
60.000000000000,60.000000000000,60.000000000000
49.381848097760,16.824383751900,25.116798481252
60.000000000000,60.000000000000,60.000000000000
50.130064766346,18.771649865328,28.695672611415
60.000000000000,60.000000000000,60.000000000000
60.000000000000,60.000000000000,60.000000000000
60.000000000000,60.000000000000,60.000000000000
60.000000000000,60.000000000000,0.000000000000
21.525884446108,34.538901041600,10.154203019348
8.019476516498,18.253110652388,18.536301213365
60.000000000000,60.000000000000,0.000000000000
60.000000000000,60.000000000000,60.000000000000
59.547181176493,15.010272145545,16.730534365334
23.642081074597,34.221252776069,25.828145866058
60.000000000000,60.000000000000,60.000000000000
5.966880501327,55.004143222042,31.375863846687
60.000000000000,60.000000000000,60.000000000000
60.000000000000,60.000000000000,60.000000000000
60.000000000000,60.000000000000,60.000000000000
60.000000000000,60.000000000000,60.000000000000
60.000000000000,60.000000000000,60.000000000000
60.000000000000,60.000000000000,60.000000000000
60.000000000000,60.000000000000,60.000000000000
40.816242863391,2.828061378095,57.988013623506
60.000000000000,60.000000000000,60.000000000000
60.000000000000,60.000000000000,60.000000000000
60.000000000000,60.000000000000,60.000000000000
60.000000000000,60.000000000000,60.000000000000
60.000000000000,60.000000000000,60.000000000000
60.000000000000,60.000000000000,60.000000000000
60.000000000000,60.000000000000,0.000000000000
60.000000000000,60.000000000000,0.000000000000
60.000000000000,60.000000000000,60.000000000000
42.665411844191,34.948127450485,59.401190190637
4.420414826844,39.240205277001,7.620300724593
60.000000000000,60.000000000000,0.000000000000
60.000000000000,60.000000000000,60.000000000000
24.267655164886,27.436239303620,24.960330752347
13.129494846450,31.997735201274,31.382281905293
60.000000000000,60.000000000000,60.000000000000
60.000000000000,60.000000000000,60.000000000000
36.330685874659,33.674747844558,21.816719302381
18.860676102545,12.850548845328,36.868636229324
23.786494302142,55.789779219048,42.523000500188
60.000000000000,60.000000000000,60.000000000000
60.000000000000,60.000000000000,60.000000000000
21.349337754965,17.619979177129,27.287357179096
60.000000000000,60.000000000000,60.000000000000
52.187874693676,45.467009367502,28.523912145217
16.866960716912,57.856390815277,19.974678684622
60.000000000000,60.000000000000,60.000000000000
60.000000000000,60.000000000000,60.000000000000
0.000000000000,60.000000000000,16.489384045924
60.000000000000,60.000000000000,60.000000000000
60.000000000000,60.000000000000,0.000000000000
60.000000000000,60.000000000000,60.000000000000
60.000000000000,60.000000000000,60.000000000000
60.000000000000,60.000000000000,60.000000000000
14.250685178334,57.867124607202,20.349785380824
60.000000000000,60.000000000000,60.000000000000
38.000484925443,28.654760243692,42.017242086345
53.182567469969,13.684361537894,46.271025108891
60.000000000000,60.000000000000,60.000000000000
60.000000000000,60.000000000000,60.000000000000
60.000000000000,60.000000000000,60.000000000000
60.000000000000,41.475940661048,15.435933806887
60.000000000000,60.000000000000,60.000000000000
60.000000000000,60.000000000000,60.000000000000
60.000000000000,60.000000000000,60.000000000000
60.000000000000,60.000000000000,60.000000000000
60.000000000000,60.000000000000,60.000000000000
60.000000000000,60.000000000000,60.000000000000
60.000000000000,60.000000000000,0.000000000000
5.112800065284,4.403287863439,48.742627994027
60.000000000000,60.000000000000,0.000000000000
60.000000000000,60.000000000000,60.000000000000
60.000000000000,60.000000000000,0.000000000000
0.000000000000,60.000000000000,60.000000000000
60.000000000000,60.000000000000,60.000000000000
60.000000000000,60.000000000000,60.000000000000
60.000000000000,60.000000000000,0.000000000000
60.000000000000,60.000000000000,60.000000000000
60.000000000000,60.000000000000,60.000000000000
54.349447799382,11.730021076423,41.499896641873
60.000000000000,60.000000000000,60.000000000000
60.000000000000,60.000000000000,0.000000000000
46.452023752772,15.233038610663,13.296643774172
60.000000000000,60.000000000000,60.000000000000
60.000000000000,60.000000000000,60.000000000000
3.106815951723,29.679623435410,14.928116261534
60.000000000000,60.000000000000,0.000000000000
60.000000000000,60.000000000000,60.000000000000
56.998600866905,32.222886024525,60.000000000000
46.805477446031,44.286844722760,35.023856611058
60.000000000000,60.000000000000,60.000000000000
60.000000000000,60.000000000000,60.000000000000
60.000000000000,60.000000000000,60.000000000000
60.000000000000,60.000000000000,60.000000000000
60.000000000000,60.000000000000,60.000000000000
60.000000000000,60.000000000000,60.000000000000
17.440558669667,60.000000000000,54.192297478516
60.000000000000,60.000000000000,60.000000000000
60.000000000000,60.000000000000,0.000000000000
60.000000000000,60.000000000000,60.000000000000
60.000000000000,60.000000000000,60.000000000000
60.000000000000,60.000000000000,60.000000000000
60.000000000000,60.000000000000,60.000000000000
54.217479410859,40.976331679396,0.921519585700
49.340970352604,14.559219840832,38.255784410403
60.000000000000,60.000000000000,60.000000000000
31.480705343513,2.275970555403,34.877920509386
52.712927136673,47.296490553300,28.080766586720
60.000000000000,60.000000000000,60.000000000000
60.000000000000,60.000000000000,60.000000000000
60.000000000000,60.000000000000,60.000000000000
60.000000000000,60.000000000000,60.000000000000
0.000000000000,60.000000000000,60.000000000000
60.000000000000,60.000000000000,60.000000000000
60.000000000000,60.000000000000,0.000000000000
20.362200932218,57.122522387760,11.313755610933
60.000000000000,60.000000000000,60.000000000000
60.000000000000,60.000000000000,60.000000000000
60.000000000000,60.000000000000,60.000000000000
15.066152032449,4.894656674180,13.941421110718
17.776281363919,7.573977549234,29.924072052299
60.000000000000,60.000000000000,60.000000000000
60.000000000000,60.000000000000,60.000000000000
50.367415416080,24.285019711606,31.237445474813
60.000000000000,60.000000000000,60.000000000000
59.962822271869,43.449160590368,13.239955898310
60.000000000000,60.000000000000,60.000000000000
9.051515559668,34.744168118172,59.199960962021
60.000000000000,60.000000000000,60.000000000000
48.022045605732,5.788387012309,40.308667208293
60.000000000000,60.000000000000,60.000000000000
60.000000000000,60.000000000000,0.000000000000
5.784734340915,34.347139290214,5.403639716543
54.268132078692,45.408632154319,2.899188991886
60.000000000000,60.000000000000,60.000000000000
60.000000000000,60.000000000000,60.000000000000
29.321166746180,6.002549536333,5.536645265484
60.000000000000,60.000000000000,60.000000000000
60.000000000000,60.000000000000,60.000000000000
60.000000000000,60.000000000000,60.000000000000
60.000000000000,60.000000000000,60.000000000000
60.000000000000,60.000000000000,60.000000000000
60.000000000000,60.000000000000,60.000000000000
60.000000000000,0.000000000000,0.000000000000
60.000000000000,60.000000000000,60.000000000000
60.000000000000,60.000000000000,60.000000000000
60.000000000000,60.000000000000,60.000000000000
60.000000000000,60.000000000000,60.000000000000
60.000000000000,60.000000000000,60.000000000000
60.000000000000,0.000000000000,15.623584206224
60.000000000000,60.000000000000,60.000000000000
60.000000000000,60.000000000000,60.000000000000
53.926766146318,37.718357285088,25.699898156175
60.000000000000,60.000000000000,60.000000000000
60.000000000000,60.000000000000,60.000000000000
6.349893250851,58.496462285134,16.420096442436
3.428888189573,16.564166859644,16.318645956805
60.000000000000,60.000000000000,60.000000000000
60.000000000000,60.000000000000,0.000000000000
12.922419002344,20.472765377861,43.742031233113
30.977196986211,8.528990040010,48.646902603227
60.000000000000,60.000000000000,60.000000000000
1.387091854973,40.108424087963,43.790070637699
29.091095497203,33.423607042928,12.879080566114
60.000000000000,60.000000000000,60.000000000000
28.410020523879,4.707446592693,15.797309946474
60.000000000000,60.000000000000,60.000000000000
9.634810342758,14.888128499164,22.928819845729
29.439933613732,25.580730381039,34.272967499929
7.890783875808,48.189319451450,49.000844259595
60.000000000000,60.000000000000,60.000000000000
60.000000000000,60.000000000000,60.000000000000
60.000000000000,60.000000000000,0.000000000000
60.000000000000,60.000000000000,60.000000000000
60.000000000000,60.000000000000,60.000000000000
60.000000000000,60.000000000000,60.000000000000
60.000000000000,60.000000000000,60.000000000000
33.867490182836,57.246116322395,7.224791181868
60.000000000000,60.000000000000,60.000000000000
60.000000000000,60.000000000000,60.000000000000
60.000000000000,60.000000000000,60.000000000000
60.000000000000,60.000000000000,0.000000000000
49.598705602224,27.382126730118,19.431712724816
60.000000000000,60.000000000000,0.000000000000
27.036801666487,15.421342577226,44.277157157079
50.526652691200,3.325066037935,8.701217444943
60.000000000000,60.000000000000,60.000000000000
42.061487284791,21.168321321630,10.755945919763
39.886105168327,51.083796468531,53.848219286365
17.665919138602,32.979671293835,6.540513222852
60.000000000000,60.000000000000,60.000000000000
60.000000000000,60.000000000000,60.000000000000
11.693041280072,46.316413782402,30.539854377782
60.000000000000,60.000000000000,60.000000000000
45.676249514901,16.075025872112,38.274001592890
0.000000000000,60.000000000000,60.000000000000
60.000000000000,60.000000000000,60.000000000000
4.140986271057,59.764453076008,60.000000000000
32.879096758687,13.443421290195,9.466589187242
60.000000000000,60.000000000000,0.000000000000
60.000000000000,60.000000000000,60.000000000000
60.000000000000,60.000000000000,60.000000000000
60.000000000000,60.000000000000,0.000000000000
60.000000000000,60.000000000000,60.000000000000
60.000000000000,60.000000000000,0.000000000000
60.000000000000,60.000000000000,60.000000000000
60.000000000000,60.000000000000,60.000000000000
60.000000000000,60.000000000000,60.000000000000
60.000000000000,60.000000000000,0.000000000000
60.000000000000,0.159366466380,3.665893285703
60.000000000000,60.000000000000,60.000000000000
60.000000000000,60.000000000000,60.000000000000
17.458496846180,41.806185375578,18.674685127091
60.000000000000,60.000000000000,60.000000000000
15.409683065890,10.138965459978,9.479088419444
60.000000000000,60.000000000000,60.000000000000
14.302438859975,23.409420627226,22.937274580623
60.000000000000,60.000000000000,60.000000000000
60.000000000000,60.000000000000,60.000000000000
60.000000000000,60.000000000000,60.000000000000
60.000000000000,60.000000000000,60.000000000000
60.000000000000,60.000000000000,60.000000000000
60.000000000000,60.000000000000,14.999658655826
60.000000000000,60.000000000000,60.000000000000
60.000000000000,60.000000000000,0.000000000000
60.000000000000,60.000000000000,60.000000000000
60.000000000000,60.000000000000,60.000000000000
60.000000000000,60.000000000000,60.000000000000
60.000000000000,60.000000000000,60.000000000000
60.000000000000,60.000000000000,0.000000000000
60.000000000000,60.000000000000,0.000000000000
49.528102870087,24.108878800104,49.352049939433
60.000000000000,47.865034097307,20.919477120767
60.000000000000,60.000000000000,0.000000000000
60.000000000000,60.000000000000,0.000000000000
5.408498991142,40.597508266865,55.129339570095
60.000000000000,60.000000000000,60.000000000000
22.426622730938,43.187110862402,60.000000000000
60.000000000000,60.000000000000,0.000000000000
60.000000000000,60.000000000000,60.000000000000
60.000000000000,60.000000000000,0.000000000000
41.622017695223,10.134190133576,53.364264816442
19.226178112262,18.687432117308,44.027619562343
60.000000000000,60.000000000000,60.000000000000
60.000000000000,60.000000000000,0.000000000000
4.467000712862,6.381999044597,6.592915192399
60.000000000000,60.000000000000,60.000000000000
20.026771338062,20.685476173712,45.418438648762
60.000000000000,60.000000000000,60.000000000000
28.023302184856,60.000000000000,5.080607565249
60.000000000000,60.000000000000,60.000000000000
60.000000000000,60.000000000000,60.000000000000
60.000000000000,60.000000000000,60.000000000000
60.000000000000,60.000000000000,60.000000000000
60.000000000000,60.000000000000,60.000000000000
47.217715655595,23.858494582464,56.407466175780
60.000000000000,60.000000000000,0.000000000000
60.000000000000,60.000000000000,60.000000000000
60.000000000000,60.000000000000,0.000000000000
27.612178822393,40.666566527674,37.300942802940
60.000000000000,60.000000000000,0.000000000000
60.000000000000,60.000000000000,60.000000000000
60.000000000000,60.000000000000,0.000000000000
60.000000000000,60.000000000000,60.000000000000
2.610238138092,3.489721942988,46.669086553549
60.000000000000,60.000000000000,3.213554838529
60.000000000000,60.000000000000,60.000000000000
60.000000000000,60.000000000000,60.000000000000
60.000000000000,60.000000000000,60.000000000000
60.000000000000,60.000000000000,60.000000000000
60.000000000000,25.753363043707,60.000000000000
60.000000000000,60.000000000000,60.000000000000
60.000000000000,60.000000000000,60.000000000000
60.000000000000,60.000000000000,60.000000000000
60.000000000000,60.000000000000,60.000000000000
60.000000000000,60.000000000000,60.000000000000
60.000000000000,60.000000000000,60.000000000000
57.734332133718,0.989663369147,60.000000000000
60.000000000000,60.000000000000,60.000000000000
60.000000000000,60.000000000000,60.000000000000
36.232512030088,11.739880860845,26.824780638019
60.000000000000,60.000000000000,60.000000000000
10.488235733868,58.157814203550,31.356683498623
60.000000000000,60.000000000000,60.000000000000
60.000000000000,60.000000000000,60.000000000000
60.000000000000,60.000000000000,60.000000000000
60.000000000000,60.000000000000,60.000000000000
60.000000000000,60.000000000000,60.000000000000
60.000000000000,60.000000000000,60.000000000000
53.426855746973,22.431002866326,36.412904614444
60.000000000000,60.000000000000,60.000000000000
60.000000000000,60.000000000000,60.000000000000
40.175108508212,16.880055076730,53.999724430511
8.379806126371,8.186567547449,53.004245989517
60.000000000000,60.000000000000,60.000000000000
60.000000000000,60.000000000000,60.000000000000
60.000000000000,60.000000000000,60.000000000000
60.000000000000,60.000000000000,60.000000000000
60.000000000000,60.000000000000,60.000000000000
11.887142024790,53.583974414611,0.647296554077
0.000000000000,56.236332816097,60.000000000000
60.000000000000,60.000000000000,60.000000000000
60.000000000000,60.000000000000,0.000000000000
15.938909279152,8.145721009397,18.814236508680
2.893573372014,18.408706730247,22.763753909337
60.000000000000,60.000000000000,60.000000000000
23.310935083042,26.782592625791,22.207702749046
60.000000000000,60.000000000000,60.000000000000
3.787124040367,9.320297653753,42.895501278295
60.000000000000,60.000000000000,60.000000000000
60.000000000000,0.000000000000,60.000000000000
60.000000000000,60.000000000000,60.000000000000
54.295780755984,51.828738379282,13.794353603996
60.000000000000,60.000000000000,60.000000000000
60.000000000000,60.000000000000,60.000000000000
22.521934906238,19.479053108024,21.959659905955
33.980178027898,59.716623547823,17.389846085287
19.636704286012,54.953392228071,34.550984638672
60.000000000000,60.000000000000,60.000000000000
60.000000000000,60.000000000000,60.000000000000
60.000000000000,60.000000000000,60.000000000000
60.000000000000,60.000000000000,60.000000000000
5.975124047883,42.726755145446,36.674166344603
60.000000000000,60.000000000000,0.000000000000
0.000000000000,0.000000000000,0.000000000000
45.938827339801,56.993525385268,45.099972756721
60.000000000000,60.000000000000,60.000000000000
21.907922723985,23.498687650299,33.797730619066
43.101386869575,13.915024794099,15.471120027266
23.072309956322,10.523112777926,8.039074772215
60.000000000000,60.000000000000,0.000000000000
53.822800790163,11.736218422582,13.464311325908
60.000000000000,60.000000000000,60.000000000000
51.677147277818,45.937028312177,14.378252437532
13.828136663393,3.914028032903,35.761114902333
57.278705221175,49.406890735077,12.429132013791
60.000000000000,60.000000000000,0.000000000000
60.000000000000,60.000000000000,60.000000000000
22.436889412365,47.484538443896,46.944361383724
60.000000000000,60.000000000000,60.000000000000
60.000000000000,60.000000000000,60.000000000000
60.000000000000,60.000000000000,11.934650275931
8.531511765253,44.461926272108,30.508319802373
60.000000000000,60.000000000000,60.000000000000
31.809785024657,53.746916984971,29.606582939112
60.000000000000,60.000000000000,60.000000000000
60.000000000000,60.000000000000,0.000000000000
60.000000000000,60.000000000000,60.000000000000
60.000000000000,60.000000000000,0.000000000000
60.000000000000,60.000000000000,60.000000000000
30.155312191178,36.821882214824,25.797856449995
0.000000000000,60.000000000000,60.000000000000
60.000000000000,60.000000000000,60.000000000000
60.000000000000,60.000000000000,60.000000000000
60.000000000000,60.000000000000,60.000000000000
60.000000000000,60.000000000000,60.000000000000
60.000000000000,60.000000000000,60.000000000000
7.096608428120,23.943154286415,39.636837532184
0.000000000000,0.000000000000,0.000000000000
60.000000000000,60.000000000000,60.000000000000
60.000000000000,60.000000000000,60.000000000000
60.000000000000,60.000000000000,60.000000000000
58.388029177395,55.100892389593,39.288975132630
60.000000000000,60.000000000000,60.000000000000
10.154013692453,50.948377002899,15.380563524104
60.000000000000,60.000000000000,60.000000000000
60.000000000000,60.000000000000,60.000000000000
60.000000000000,60.000000000000,60.000000000000
60.000000000000,60.000000000000,60.000000000000
32.792380961834,45.407854023482,41.899141077117
60.000000000000,60.000000000000,60.000000000000
60.000000000000,60.000000000000,60.000000000000
60.000000000000,60.000000000000,60.000000000000
49.657018781871,6.746364131499,60.000000000000
60.000000000000,60.000000000000,60.000000000000
60.000000000000,60.000000000000,0.000000000000
60.000000000000,60.000000000000,60.000000000000
60.000000000000,60.000000000000,60.000000000000
14.659663281317,1.753374856615,39.906028645107
0.000000000000,4.780777124014,2.060492835336
60.000000000000,60.000000000000,0.000000000000
60.000000000000,60.000000000000,60.000000000000
60.000000000000,60.000000000000,60.000000000000
60.000000000000,60.000000000000,60.000000000000
60.000000000000,60.000000000000,60.000000000000
60.000000000000,60.000000000000,60.000000000000
60.000000000000,60.000000000000,60.000000000000
60.000000000000,60.000000000000,60.000000000000
60.000000000000,60.000000000000,60.000000000000
60.000000000000,60.000000000000,60.000000000000
13.864633043387,18.982573968507,20.955164126294
60.000000000000,60.000000000000,60.000000000000
60.000000000000,60.000000000000,60.000000000000
60.000000000000,60.000000000000,60.000000000000
60.000000000000,60.000000000000,60.000000000000
60.000000000000,60.000000000000,60.000000000000
60.000000000000,60.000000000000,60.000000000000
7.847653860663,16.601810385741,31.992129673394
60.000000000000,60.000000000000,0.000000000000
60.000000000000,60.000000000000,60.000000000000
0.000000000000,56.396926218400,60.000000000000
7.270917583694,42.301651045711,2.411727527569
60.000000000000,60.000000000000,60.000000000000
60.000000000000,60.000000000000,0.000000000000
60.000000000000,60.000000000000,60.000000000000
36.564680230242,17.021996349478,28.335599344260
2.970379164230,51.804604432272,17.742510770293
60.000000000000,60.000000000000,0.000000000000
8.679038866937,10.503361282826,27.961303639468
60.000000000000,60.000000000000,60.000000000000
60.000000000000,60.000000000000,60.000000000000
23.012152982413,28.056405995540,58.479178793700
60.000000000000,60.000000000000,60.000000000000
60.000000000000,60.000000000000,0.000000000000
60.000000000000,60.000000000000,60.000000000000
60.000000000000,60.000000000000,60.000000000000
60.000000000000,60.000000000000,60.000000000000
18.400469826038,37.888904814480,13.159513143521
60.000000000000,60.000000000000,0.000000000000
60.000000000000,60.000000000000,60.000000000000
60.000000000000,60.000000000000,0.000000000000
60.000000000000,60.000000000000,60.000000000000
60.000000000000,60.000000000000,60.000000000000
7.004895363458,39.420437114821,0.000000000000
60.000000000000,60.000000000000,60.000000000000
12.424853742511,41.944380054117,5.654128163397
60.000000000000,60.000000000000,60.000000000000
60.000000000000,60.000000000000,60.000000000000
60.000000000000,60.000000000000,60.000000000000
29.536214073524,23.459177120644,48.112083258704
60.000000000000,60.000000000000,60.000000000000
0.000000000000,60.000000000000,60.000000000000
60.000000000000,60.000000000000,60.000000000000
1.828497314759,19.157198100757,56.829876964802
60.000000000000,60.000000000000,60.000000000000
24.376291226294,43.805227924074,1.787017925397
47.402591976801,36.426388119689,49.746955982973
60.000000000000,60.000000000000,60.000000000000
32.607924874575,35.279778671107,20.300331776592
60.000000000000,60.000000000000,60.000000000000
60.000000000000,60.000000000000,60.000000000000
60.000000000000,60.000000000000,60.000000000000
60.000000000000,60.000000000000,60.000000000000
50.374063653207,12.834959893960,54.860269216790
60.000000000000,60.000000000000,60.000000000000
60.000000000000,60.000000000000,60.000000000000
60.000000000000,60.000000000000,60.000000000000
60.000000000000,60.000000000000,60.000000000000
60.000000000000,60.000000000000,60.000000000000
54.154057141469,26.947890287874,27.706743406331
29.245204724691,42.578507882269,37.503640659756
19.592182626767,3.302578209483,22.697573004741
60.000000000000,12.851748906474,0.000000000000
60.000000000000,60.000000000000,0.000000000000
60.000000000000,60.000000000000,60.000000000000
60.000000000000,60.000000000000,60.000000000000
60.000000000000,60.000000000000,60.000000000000
30.556668147049,12.503712449981,40.628346949203
60.000000000000,60.000000000000,60.000000000000
12.324431482434,60.000000000000,33.218330244682
60.000000000000,60.000000000000,60.000000000000
35.584326163674,8.012576302059,46.486684692695
60.000000000000,60.000000000000,60.000000000000
17.742174407577,10.072681904721,53.333597926670
60.000000000000,60.000000000000,60.000000000000
60.000000000000,60.000000000000,60.000000000000
60.000000000000,60.000000000000,60.000000000000
60.000000000000,60.000000000000,60.000000000000
60.000000000000,60.000000000000,60.000000000000
60.000000000000,60.000000000000,60.000000000000
31.692444471142,52.371418539242,55.002786962812
60.000000000000,60.000000000000,60.000000000000
14.844903099676,26.409258706135,17.554904083817
22.334029150255,17.318516766982,28.213079102744
60.000000000000,60.000000000000,0.000000000000
60.000000000000,60.000000000000,60.000000000000
60.000000000000,60.000000000000,0.000000000000
22.026411393554,16.589484527791,36.964198951106
60.000000000000,60.000000000000,60.000000000000
29.209623898179,2.242906335623,34.137189909642
60.000000000000,60.000000000000,0.000000000000
28.574722655820,54.141568077954,51.586555444349
60.000000000000,60.000000000000,60.000000000000
60.000000000000,60.000000000000,60.000000000000
60.000000000000,60.000000000000,60.000000000000
48.554796343823,23.121370116604,57.792235387393
57.980531231998,22.820890910896,1.533166722575
17.603116434153,13.326894760564,18.326450438979
60.000000000000,60.000000000000,60.000000000000
25.165625478359,49.109803291235,35.635990464448
37.679297502374,0.556231703083,20.139756502939
60.000000000000,60.000000000000,60.000000000000
60.000000000000,60.000000000000,60.000000000000
60.000000000000,60.000000000000,60.000000000000
60.000000000000,60.000000000000,60.000000000000
24.380269010454,13.644274109187,24.001412853640
60.000000000000,51.706634189645,60.000000000000
60.000000000000,60.000000000000,60.000000000000
60.000000000000,11.933032815773,6.155883628267
60.000000000000,60.000000000000,60.000000000000
60.000000000000,60.000000000000,0.000000000000
2.574916898249,15.464257427054,48.767644540282
60.000000000000,60.000000000000,0.000000000000
60.000000000000,60.000000000000,60.000000000000
28.253487205311,28.716367269748,21.241603213734
26.708460729915,39.204860419486,33.392806293208
60.000000000000,60.000000000000,60.000000000000
60.000000000000,60.000000000000,60.000000000000
60.000000000000,60.000000000000,60.000000000000
60.000000000000,60.000000000000,60.000000000000
60.000000000000,60.000000000000,60.000000000000
60.000000000000,60.000000000000,0.000000000000
60.000000000000,60.000000000000,60.000000000000
60.000000000000,60.000000000000,60.000000000000
60.000000000000,60.000000000000,0.000000000000
36.219637001209,18.600088518573,6.501275097925
60.000000000000,60.000000000000,60.000000000000
4.428553070363,39.211437842178,58.680257280166
60.000000000000,60.000000000000,0.000000000000
60.000000000000,60.000000000000,60.000000000000
23.971675387399,15.263772098733,33.674232345272
60.000000000000,60.000000000000,60.000000000000
60.000000000000,60.000000000000,60.000000000000
60.000000000000,60.000000000000,60.000000000000
60.000000000000,60.000000000000,60.000000000000
60.000000000000,60.000000000000,60.000000000000
60.000000000000,60.000000000000,60.000000000000
60.000000000000,60.000000000000,60.000000000000
60.000000000000,60.000000000000,60.000000000000
60.000000000000,60.000000000000,60.000000000000
0.000000000000,31.215872956882,60.000000000000
60.000000000000,60.000000000000,60.000000000000
60.000000000000,0.000000000000,0.000000000000
60.000000000000,60.000000000000,60.000000000000
60.000000000000,60.000000000000,60.000000000000
60.000000000000,60.000000000000,60.000000000000
60.000000000000,60.000000000000,60.000000000000
60.000000000000,60.000000000000,60.000000000000
60.000000000000,60.000000000000,60.000000000000
60.000000000000,60.000000000000,60.000000000000
60.000000000000,60.000000000000,60.000000000000
60.000000000000,60.000000000000,60.000000000000
30.714498523975,45.364230351919,36.453475865433
24.788370316202,3.732194119515,35.423569301088
60.000000000000,60.000000000000,60.000000000000
60.000000000000,60.000000000000,60.000000000000
60.000000000000,60.000000000000,60.000000000000
60.000000000000,60.000000000000,60.000000000000
60.000000000000,60.000000000000,0.000000000000
60.000000000000,60.000000000000,60.000000000000
60.000000000000,60.000000000000,60.000000000000
46.818600623214,45.874050610703,4.716303465247
60.000000000000,60.000000000000,60.000000000000
60.000000000000,60.000000000000,60.000000000000
60.000000000000,60.000000000000,60.000000000000
60.000000000000,60.000000000000,60.000000000000
25.696350662985,43.464423144715,20.106683272739
60.000000000000,60.000000000000,60.000000000000
19.613782027714,2.869467241125,35.242924148332
4.317707820168,27.621010128019,45.367605451746
60.000000000000,60.000000000000,60.000000000000
60.000000000000,60.000000000000,60.000000000000
60.000000000000,60.000000000000,60.000000000000
60.000000000000,60.000000000000,60.000000000000
10.332299314845,9.659137054533,8.078992281594
60.000000000000,60.000000000000,60.000000000000
60.000000000000,60.000000000000,60.000000000000
60.000000000000,60.000000000000,60.000000000000
60.000000000000,60.000000000000,60.000000000000
60.000000000000,60.000000000000,60.000000000000
60.000000000000,60.000000000000,60.000000000000
60.000000000000,60.000000000000,60.000000000000
55.250322880611,50.474192071783,49.233680805646
24.507405246552,13.631898533584,16.461017318621
60.000000000000,56.211411071137,29.075126326032
42.289046605310,26.226315516067,7.226805757893
60.000000000000,60.000000000000,60.000000000000
60.000000000000,60.000000000000,60.000000000000
60.000000000000,60.000000000000,0.000000000000
26.299821848762,15.977760216483,54.808474518102
60.000000000000,60.000000000000,60.000000000000
22.733547394913,60.000000000000,11.192142832407
60.000000000000,26.585931435265,38.500998797928
60.000000000000,60.000000000000,60.000000000000
60.000000000000,60.000000000000,60.000000000000
60.000000000000,60.000000000000,60.000000000000
60.000000000000,60.000000000000,60.000000000000
57.037770486304,29.352831828013,18.883205704541
60.000000000000,60.000000000000,60.000000000000
60.000000000000,60.000000000000,60.000000000000
60.000000000000,60.000000000000,60.000000000000
60.000000000000,60.000000000000,60.000000000000
60.000000000000,60.000000000000,60.000000000000
60.000000000000,60.000000000000,60.000000000000
60.000000000000,60.000000000000,60.000000000000
19.885149000147,4.776233962440,26.990317121187
42.712956542078,40.572745177735,17.256894952838
60.000000000000,60.000000000000,60.000000000000
60.000000000000,60.000000000000,60.000000000000
60.000000000000,60.000000000000,60.000000000000
60.000000000000,60.000000000000,60.000000000000
60.000000000000,60.000000000000,60.000000000000
60.000000000000,60.000000000000,60.000000000000
7.344554744240,3.784766650854,40.341048942688
60.000000000000,60.000000000000,60.000000000000
50.241693189712,14.206374010527,8.552981967569
60.000000000000,60.000000000000,60.000000000000
60.000000000000,60.000000000000,60.000000000000
60.000000000000,60.000000000000,60.000000000000
60.000000000000,60.000000000000,60.000000000000
60.000000000000,60.000000000000,60.000000000000
21.604613172622,50.628747217818,40.082059736686
60.000000000000,60.000000000000,0.000000000000
60.000000000000,60.000000000000,60.000000000000
30.628925138154,49.843153141382,36.693157960810
60.000000000000,60.000000000000,60.000000000000
18.789983427065,9.512975684786,60.000000000000
60.000000000000,60.000000000000,60.000000000000
5.313638615973,38.563466049352,38.945573503662
26.920545794882,36.274815629844,50.622777674608
60.000000000000,60.000000000000,60.000000000000
45.017170439479,11.839558043335,29.577668867201
50.999045414202,19.513120929564,7.883347832508
60.000000000000,60.000000000000,60.000000000000
60.000000000000,60.000000000000,60.000000000000
47.931103835138,44.903118026014,27.395102711571
60.000000000000,60.000000000000,60.000000000000
36.732183755761,18.384714461443,18.147758887822
60.000000000000,60.000000000000,60.000000000000
60.000000000000,60.000000000000,60.000000000000
60.000000000000,60.000000000000,60.000000000000
30.683226110379,5.392003235875,56.075169610954
60.000000000000,60.000000000000,60.000000000000
60.000000000000,60.000000000000,60.000000000000
60.000000000000,60.000000000000,60.000000000000
60.000000000000,60.000000000000,60.000000000000
60.000000000000,60.000000000000,60.000000000000
60.000000000000,60.000000000000,60.000000000000
60.000000000000,60.000000000000,60.000000000000
18.736010623629,38.112065433467,4.709644601064
60.000000000000,60.000000000000,60.000000000000
60.000000000000,60.000000000000,60.000000000000
60.000000000000,60.000000000000,60.000000000000
60.000000000000,60.000000000000,60.000000000000
17.884532923674,13.532934788596,23.270523429706
60.000000000000,60.000000000000,60.000000000000
60.000000000000,60.000000000000,60.000000000000
12.601952313585,15.893036596965,1.368412716879
34.009707711850,44.096477351798,41.407154061511
60.000000000000,60.000000000000,60.000000000000
60.000000000000,60.000000000000,60.000000000000
60.000000000000,60.000000000000,60.000000000000
60.000000000000,60.000000000000,60.000000000000
60.000000000000,60.000000000000,60.000000000000
59.156344523143,14.184569080630,13.467660896780
25.606619930683,17.864393676694,0.883712542072
60.000000000000,60.000000000000,60.000000000000
60.000000000000,60.000000000000,60.000000000000
60.000000000000,60.000000000000,60.000000000000
24.223561289386,0.803209801515,58.194085682394
60.000000000000,60.000000000000,60.000000000000
46.494075043389,5.645458997222,48.760326798877
60.000000000000,60.000000000000,60.000000000000
60.000000000000,60.000000000000,60.000000000000
34.991458676625,27.581148293891,33.717258585207
13.400414387574,56.825990060541,23.435425470068
60.000000000000,60.000000000000,60.000000000000
56.000000000000,57.506507624902,60.000000000000
60.000000000000,60.000000000000,60.000000000000
18.534730790610,57.352760359737,48.493290982475
60.000000000000,60.000000000000,60.000000000000
60.000000000000,60.000000000000,60.000000000000
60.000000000000,60.000000000000,60.000000000000
60.000000000000,60.000000000000,60.000000000000
60.000000000000,60.000000000000,60.000000000000
60.000000000000,60.000000000000,60.000000000000
23.076469763371,31.686358442388,15.184806696394
21.408169509114,37.570411922596,52.441945468872
60.000000000000,60.000000000000,60.000000000000
60.000000000000,60.000000000000,60.000000000000
23.520284419405,11.606102855161,19.018758189643
60.000000000000,60.000000000000,60.000000000000
60.000000000000,60.000000000000,60.000000000000
28.278488050124,60.000000000000,31.124485500698
60.000000000000,60.000000000000,60.000000000000
27.540153987294,32.753943963194,38.872684215831
60.000000000000,60.000000000000,60.000000000000
15.617134814973,39.663038537294,6.150561833320
60.000000000000,60.000000000000,60.000000000000
60.000000000000,60.000000000000,60.000000000000
60.000000000000,60.000000000000,60.000000000000
60.000000000000,60.000000000000,60.000000000000
60.000000000000,60.000000000000,60.000000000000
60.000000000000,60.000000000000,60.000000000000
41.459214959127,9.556774146696,34.751606460864
60.000000000000,60.000000000000,60.000000000000
27.226307875817,3.185745415557,56.944462651590
60.000000000000,60.000000000000,60.000000000000
0.000000000000,60.000000000000,9.872459676601
0.000000000000,60.000000000000,60.000000000000
60.000000000000,60.000000000000,60.000000000000
60.000000000000,60.000000000000,60.000000000000
54.291393049666,55.840160002938,5.415229401933
33.172398087549,14.396549851539,50.835340348580
60.000000000000,60.000000000000,60.000000000000
18.172173792817,52.272098936878,21.088215479979
60.000000000000,60.000000000000,60.000000000000
22.836903588612,53.671571811164,15.592268232177
60.000000000000,60.000000000000,60.000000000000
60.000000000000,60.000000000000,60.000000000000
60.000000000000,60.000000000000,60.000000000000
60.000000000000,60.000000000000,60.000000000000
60.000000000000,60.000000000000,0.000000000000
12.337874889947,6.030297841444,1.526995819798
12.635413335993,4.567902772512,10.655052905723
60.000000000000,60.000000000000,60.000000000000
60.000000000000,60.000000000000,60.000000000000
60.000000000000,60.000000000000,60.000000000000
7.009240727102,46.475429715193,57.920946786589
60.000000000000,60.000000000000,60.000000000000
60.000000000000,60.000000000000,60.000000000000
33.327747858624,2.738716092142,29.318292661145
60.000000000000,60.000000000000,0.000000000000
60.000000000000,60.000000000000,60.000000000000
60.000000000000,60.000000000000,60.000000000000
36.584965384752,1.750957642455,51.559619705384
60.000000000000,60.000000000000,60.000000000000
60.000000000000,60.000000000000,60.000000000000
36.740720599243,42.676721085548,7.516261009435
4.577148629475,19.687192054087,58.790193820116
30.719740457482,37.609360429388,38.129216267296
60.000000000000,60.000000000000,60.000000000000
48.533621721488,26.875568801805,22.207193871382
60.000000000000,60.000000000000,60.000000000000
60.000000000000,60.000000000000,60.000000000000
60.000000000000,60.000000000000,60.000000000000
0.000000000000,0.000000000000,0.000000000000
35.329780414575,2.624539229717,15.750842442112
60.000000000000,60.000000000000,60.000000000000
55.808545383653,37.230937835288,35.865197637194
44.848179044477,39.154083281349,36.080397546194
60.000000000000,11.763388400556,60.000000000000
60.000000000000,60.000000000000,60.000000000000
22.149915793493,15.814286731057,10.223427879219
60.000000000000,60.000000000000,60.000000000000
60.000000000000,60.000000000000,60.000000000000
60.000000000000,60.000000000000,60.000000000000
60.000000000000,60.000000000000,60.000000000000
16.588917057531,57.153412808074,47.250688069084
60.000000000000,60.000000000000,60.000000000000
60.000000000000,60.000000000000,60.000000000000
31.567744699510,51.948001667130,36.431270392115
19.289400462602,45.316681893152,23.946047198902
60.000000000000,60.000000000000,60.000000000000
27.959195348527,38.398796715206,43.904338968006
60.000000000000,60.000000000000,27.105452615416
60.000000000000,60.000000000000,60.000000000000
60.000000000000,60.000000000000,60.000000000000
60.000000000000,60.000000000000,60.000000000000
60.000000000000,60.000000000000,60.000000000000
60.000000000000,60.000000000000,60.000000000000
8.707374226674,49.996810590061,16.457760487256
60.000000000000,60.000000000000,60.000000000000
1.608117921564,42.702904779790,51.863439080447
60.000000000000,60.000000000000,60.000000000000
60.000000000000,60.000000000000,60.000000000000
60.000000000000,60.000000000000,60.000000000000
60.000000000000,60.000000000000,60.000000000000
60.000000000000,60.000000000000,60.000000000000
44.422088809605,51.704405518558,15.475109968709
38.917779586015,31.318639289128,3.160273608011
39.003367872231,0.713139479726,41.421425895944
60.000000000000,60.000000000000,60.000000000000
60.000000000000,60.000000000000,60.000000000000
0.000000000000,0.000000000000,0.000000000000
36.909446914626,38.825272883378,39.266624967693
60.000000000000,60.000000000000,60.000000000000
60.000000000000,60.000000000000,60.000000000000
60.000000000000,60.000000000000,60.000000000000
60.000000000000,60.000000000000,60.000000000000
23.746863826669,1.203953256595,52.339642177805
60.000000000000,60.000000000000,60.000000000000
60.000000000000,60.000000000000,60.000000000000
60.000000000000,60.000000000000,60.000000000000
60.000000000000,60.000000000000,60.000000000000
60.000000000000,60.000000000000,60.000000000000
60.000000000000,60.000000000000,60.000000000000
6.758502905666,60.000000000000,33.388146454165
4.286710727554,43.449916667556,40.479591072324
60.000000000000,60.000000000000,60.000000000000
60.000000000000,60.000000000000,60.000000000000
60.000000000000,60.000000000000,60.000000000000
60.000000000000,60.000000000000,60.000000000000
60.000000000000,60.000000000000,60.000000000000
6.604879604066,10.864727680106,34.152227547381
60.000000000000,60.000000000000,60.000000000000
51.112880663372,37.327250411765,33.486979681443
44.326960254673,43.598553668595,33.559441454947
28.358044422853,22.008254485987,31.191890084009
10.266812376826,11.392337602285,33.631588284154
60.000000000000,60.000000000000,60.000000000000
17.751072245318,58.141824153024,58.567786112011
60.000000000000,60.000000000000,60.000000000000
60.000000000000,60.000000000000,60.000000000000
3.426857256046,53.346228801538,9.771923435832
60.000000000000,60.000000000000,60.000000000000
7.271330616728,35.503774513081,2.776981688193
60.000000000000,60.000000000000,60.000000000000
60.000000000000,60.000000000000,60.000000000000
60.000000000000,60.000000000000,60.000000000000
60.000000000000,60.000000000000,60.000000000000
60.000000000000,60.000000000000,60.000000000000
50.805405319861,52.328985398734,36.057983354034
60.000000000000,0.000000000000,60.000000000000
60.000000000000,60.000000000000,0.000000000000
60.000000000000,60.000000000000,60.000000000000
60.000000000000,60.000000000000,60.000000000000
60.000000000000,60.000000000000,0.000000000000
60.000000000000,60.000000000000,60.000000000000
45.115812499761,17.935649796819,8.391058814282
1.723898415909,9.089437874602,48.011322381116
60.000000000000,60.000000000000,60.000000000000
32.184782357358,55.751978461364,26.421750681031
60.000000000000,60.000000000000,60.000000000000
60.000000000000,60.000000000000,60.000000000000
60.000000000000,60.000000000000,60.000000000000
38.068930997980,28.112611536330,9.784321196115
21.524397631020,33.117759950473,21.192201731734
4.257278101435,2.175996707398,40.223675480655
0.000000000000,60.000000000000,60.000000000000
46.386889518823,5.451572571155,30.210242430012
60.000000000000,60.000000000000,60.000000000000
54.737653269951,30.232364233066,16.449641784662
60.000000000000,60.000000000000,60.000000000000
60.000000000000,60.000000000000,60.000000000000
2.793052049412,28.238777626373,36.691921017479
60.000000000000,53.032985203828,16.784063581666
60.000000000000,60.000000000000,60.000000000000
60.000000000000,60.000000000000,60.000000000000
60.000000000000,60.000000000000,60.000000000000
60.000000000000,60.000000000000,60.000000000000
60.000000000000,60.000000000000,60.000000000000
60.000000000000,60.000000000000,60.000000000000
60.000000000000,60.000000000000,60.000000000000
0.000000000000,60.000000000000,60.000000000000
60.000000000000,60.000000000000,60.000000000000
60.000000000000,60.000000000000,60.000000000000
60.000000000000,60.000000000000,60.000000000000
60.000000000000,60.000000000000,60.000000000000
60.000000000000,60.000000000000,60.000000000000
60.000000000000,60.000000000000,60.000000000000
60.000000000000,60.000000000000,60.000000000000
60.000000000000,60.000000000000,60.000000000000
60.000000000000,60.000000000000,60.000000000000
60.000000000000,60.000000000000,60.000000000000
27.887239504821,57.845017945268,38.447129158025
0.811053175791,45.710114764001,43.854310856282
60.000000000000,60.000000000000,60.000000000000
6.979012167623,58.862174090875,9.155249351751
60.000000000000,60.000000000000,60.000000000000
0.000000000000,60.000000000000,53.324881836228
60.000000000000,60.000000000000,60.000000000000
60.000000000000,60.000000000000,60.000000000000
60.000000000000,60.000000000000,60.000000000000
60.000000000000,60.000000000000,60.000000000000
33.683534192222,24.538500862542,36.176111450572
60.000000000000,60.000000000000,60.000000000000
60.000000000000,60.000000000000,60.000000000000
60.000000000000,60.000000000000,60.000000000000
60.000000000000,60.000000000000,60.000000000000
60.000000000000,60.000000000000,60.000000000000
60.000000000000,60.000000000000,60.000000000000
60.000000000000,60.000000000000,60.000000000000
60.000000000000,60.000000000000,60.000000000000
60.000000000000,60.000000000000,60.000000000000
60.000000000000,60.000000000000,60.000000000000
0.207044086271,14.086292090043,33.495746642372
13.065429046398,20.698987480298,35.670214228967
60.000000000000,60.000000000000,60.000000000000
37.587436191611,42.846048348711,12.202698697982
60.000000000000,60.000000000000,60.000000000000
60.000000000000,60.000000000000,60.000000000000
60.000000000000,60.000000000000,60.000000000000
12.954797180731,16.788765579225,15.339057373473
60.000000000000,60.000000000000,60.000000000000
60.000000000000,60.000000000000,60.000000000000
60.000000000000,60.000000000000,60.000000000000
16.160132946954,12.056889854705,11.051245283908
60.000000000000,60.000000000000,60.000000000000
60.000000000000,60.000000000000,60.000000000000
60.000000000000,60.000000000000,60.000000000000
60.000000000000,60.000000000000,60.000000000000
45.963988419207,47.481434939878,16.592030703676
60.000000000000,60.000000000000,60.000000000000
0.000000000000,60.000000000000,60.000000000000
60.000000000000,60.000000000000,60.000000000000
55.185416506595,47.009378177724,37.913552633069
60.000000000000,60.000000000000,60.000000000000
53.870629242349,49.668946105091,35.525962221673
60.000000000000,60.000000000000,60.000000000000
60.000000000000,60.000000000000,60.000000000000
60.000000000000,60.000000000000,60.000000000000
60.000000000000,60.000000000000,60.000000000000
60.000000000000,60.000000000000,60.000000000000
60.000000000000,60.000000000000,60.000000000000
60.000000000000,60.000000000000,60.000000000000
35.597409759103,39.634687688920,34.694666570102
11.712786927237,56.824733668822,60.000000000000
60.000000000000,60.000000000000,60.000000000000
60.000000000000,60.000000000000,60.000000000000
60.000000000000,60.000000000000,60.000000000000
60.000000000000,60.000000000000,60.000000000000
60.000000000000,60.000000000000,60.000000000000
60.000000000000,60.000000000000,60.000000000000
55.253019560845,57.997304771659,41.405822197854
60.000000000000,60.000000000000,60.000000000000
60.000000000000,0.000000000000,20.539017556356
60.000000000000,60.000000000000,60.000000000000
47.942851349065,1.626215670578,57.232439476036
20.765249586497,22.726462344590,9.101967907987
60.000000000000,60.000000000000,0.000000000000
1.494527443089,60.000000000000,0.000000000000
60.000000000000,60.000000000000,60.000000000000
60.000000000000,60.000000000000,60.000000000000
23.335000906888,60.000000000000,27.441047449943
60.000000000000,60.000000000000,60.000000000000
13.207504783537,1.713128835540,48.722760114180
30.492108334770,37.083353263074,14.053513375635
60.000000000000,60.000000000000,60.000000000000
60.000000000000,60.000000000000,60.000000000000
60.000000000000,60.000000000000,60.000000000000
51.288685760617,10.250650180484,5.816004917785
60.000000000000,60.000000000000,60.000000000000
60.000000000000,60.000000000000,60.000000000000
60.000000000000,60.000000000000,60.000000000000
60.000000000000,60.000000000000,60.000000000000
60.000000000000,60.000000000000,60.000000000000
39.327052157255,30.805155366920,53.473787082242
31.542574891466,22.056965772437,38.760814345217
21.888922727871,40.476938632880,48.877611821199
60.000000000000,60.000000000000,60.000000000000
60.000000000000,60.000000000000,60.000000000000
60.000000000000,60.000000000000,60.000000000000
60.000000000000,60.000000000000,60.000000000000
60.000000000000,60.000000000000,60.000000000000
60.000000000000,60.000000000000,60.000000000000
60.000000000000,60.000000000000,60.000000000000
45.807897344809,41.435375576420,25.807510493589
60.000000000000,60.000000000000,60.000000000000
43.315442320598,9.391024186667,22.595331964045
60.000000000000,60.000000000000,60.000000000000
60.000000000000,60.000000000000,60.000000000000
60.000000000000,60.000000000000,60.000000000000
45.984207295962,11.299662778329,2.468643667999
60.000000000000,60.000000000000,60.000000000000
53.963720853950,27.254990861133,43.499040560089
60.000000000000,60.000000000000,60.000000000000
15.218036987561,15.509175175966,37.794280101078
60.000000000000,60.000000000000,60.000000000000
60.000000000000,60.000000000000,60.000000000000
40.768367761896,44.948200973864,20.110062189684
17.132804211723,39.771601261220,8.296419886463
60.000000000000,60.000000000000,60.000000000000
60.000000000000,60.000000000000,60.000000000000
48.125527906168,37.566442106343,30.190013726001
20.630324806830,58.185224961056,47.906445947818
60.000000000000,60.000000000000,0.000000000000
60.000000000000,60.000000000000,60.000000000000
60.000000000000,0.000000000000,0.000000000000
50.475664348904,16.807991025777,34.492456667258
60.000000000000,60.000000000000,0.000000000000
60.000000000000,60.000000000000,60.000000000000
60.000000000000,60.000000000000,60.000000000000
60.000000000000,60.000000000000,60.000000000000
4.739027827017,32.689023717838,23.739511158489
37.139034187975,53.725140394632,18.486964449160
0.000000000000,60.000000000000,24.691137279038
30.092094281341,56.304188266544,51.240791142231
60.000000000000,60.000000000000,60.000000000000
51.346383191837,23.433807551221,8.487156737224
60.000000000000,60.000000000000,60.000000000000
60.000000000000,60.000000000000,60.000000000000
60.000000000000,60.000000000000,60.000000000000
42.845495586922,28.093248365806,9.820119458680
50.264559419515,20.634129693536,14.355048246762
60.000000000000,60.000000000000,60.000000000000
60.000000000000,60.000000000000,60.000000000000
60.000000000000,60.000000000000,60.000000000000
60.000000000000,60.000000000000,60.000000000000
60.000000000000,60.000000000000,60.000000000000
39.608561867288,49.575662936333,30.173951531930
16.146955172547,57.035821388967,35.130285411863
60.000000000000,60.000000000000,60.000000000000
60.000000000000,0.000000000000,0.000000000000
60.000000000000,60.000000000000,60.000000000000
60.000000000000,60.000000000000,60.000000000000
60.000000000000,60.000000000000,60.000000000000
21.232637181472,37.269047531889,23.606642381133
60.000000000000,60.000000000000,60.000000000000
60.000000000000,60.000000000000,60.000000000000
60.000000000000,60.000000000000,60.000000000000
60.000000000000,60.000000000000,60.000000000000
60.000000000000,60.000000000000,60.000000000000
26.359750453566,7.846909421398,12.181474517880
60.000000000000,60.000000000000,60.000000000000
60.000000000000,60.000000000000,60.000000000000
3.442658695040,36.961701011514,5.271008496488
60.000000000000,60.000000000000,60.000000000000
60.000000000000,60.000000000000,60.000000000000
60.000000000000,60.000000000000,60.000000000000
60.000000000000,60.000000000000,60.000000000000
60.000000000000,60.000000000000,60.000000000000
53.602833838277,55.429970963260,19.435959048344
60.000000000000,60.000000000000,60.000000000000
60.000000000000,60.000000000000,0.000000000000
60.000000000000,60.000000000000,0.000000000000
55.228033458805,26.108323766264,14.447589311862
60.000000000000,60.000000000000,60.000000000000
60.000000000000,60.000000000000,60.000000000000
60.000000000000,60.000000000000,60.000000000000
43.371247183951,37.559608192598,16.432979370309
60.000000000000,60.000000000000,0.000000000000
60.000000000000,60.000000000000,60.000000000000
60.000000000000,60.000000000000,60.000000000000
60.000000000000,60.000000000000,60.000000000000
35.131555951110,37.598129715957,7.629135367778
60.000000000000,60.000000000000,60.000000000000
16.057356371205,34.491282847123,6.309402571635
60.000000000000,60.000000000000,60.000000000000
45.444703351697,5.445094240792,26.648268552986
60.000000000000,60.000000000000,60.000000000000
60.000000000000,60.000000000000,60.000000000000
60.000000000000,60.000000000000,60.000000000000
60.000000000000,60.000000000000,60.000000000000
60.000000000000,60.000000000000,60.000000000000
35.736093074137,9.557484216286,3.128734288876
49.194566214762,20.924253302160,21.035249773128
42.456134995339,53.363197812288,54.194486543118
60.000000000000,60.000000000000,60.000000000000
60.000000000000,60.000000000000,60.000000000000
60.000000000000,60.000000000000,60.000000000000
60.000000000000,60.000000000000,60.000000000000
25.261403865248,23.155408417094,7.824924400710
60.000000000000,60.000000000000,60.000000000000
60.000000000000,60.000000000000,60.000000000000
60.000000000000,60.000000000000,60.000000000000
60.000000000000,60.000000000000,60.000000000000
60.000000000000,60.000000000000,60.000000000000
60.000000000000,60.000000000000,60.000000000000
60.000000000000,60.000000000000,60.000000000000
56.995234987486,60.000000000000,48.654544641697
28.367393031045,3.266091479341,41.430294919662
60.000000000000,60.000000000000,60.000000000000
60.000000000000,60.000000000000,60.000000000000
60.000000000000,60.000000000000,60.000000000000
60.000000000000,60.000000000000,60.000000000000
60.000000000000,60.000000000000,60.000000000000
60.000000000000,60.000000000000,60.000000000000
60.000000000000,60.000000000000,60.000000000000
60.000000000000,60.000000000000,60.000000000000
43.919460893086,29.945267913148,27.776573718001
59.810981961426,27.236630921881,2.537024149227
60.000000000000,60.000000000000,60.000000000000
29.238720352047,49.824892726728,28.019491889203
60.000000000000,60.000000000000,60.000000000000
8.858013251660,7.352242847326,41.217639235507
16.179715843679,17.478259128971,49.773562194009
60.000000000000,60.000000000000,60.000000000000
60.000000000000,60.000000000000,60.000000000000
60.000000000000,60.000000000000,60.000000000000
2.321640742255,36.600187670183,29.692233395175
51.009126955004,15.759856540998,33.874247974580
21.841812065026,0.000000000000,0.000000000000
60.000000000000,60.000000000000,60.000000000000
60.000000000000,7.606517448841,13.975117380257
21.300697900473,2.518892013745,4.488668888808
60.000000000000,60.000000000000,60.000000000000
60.000000000000,60.000000000000,60.000000000000
60.000000000000,60.000000000000,60.000000000000
36.946486770063,15.287710657201,32.147732095644
43.579674996813,38.064983174247,4.941923834182
13.721809780914,60.000000000000,60.000000000000
60.000000000000,60.000000000000,60.000000000000
51.528930830557,60.000000000000,38.194043235154
16.325316492847,29.283153352781,47.039722117321
60.000000000000,60.000000000000,60.000000000000
56.435099601909,40.042209424499,36.522898130665
60.000000000000,60.000000000000,60.000000000000
60.000000000000,60.000000000000,60.000000000000
60.000000000000,60.000000000000,60.000000000000
60.000000000000,60.000000000000,60.000000000000
60.000000000000,60.000000000000,60.000000000000
0.000000000000,34.012243434894,60.000000000000
60.000000000000,60.000000000000,60.000000000000
60.000000000000,60.000000000000,60.000000000000
0.000000000000,60.000000000000,60.000000000000
15.281874873105,51.651303629783,29.811016840396
2.973444009215,29.890859986107,16.109238165718
60.000000000000,60.000000000000,60.000000000000
60.000000000000,60.000000000000,60.000000000000
60.000000000000,60.000000000000,60.000000000000
60.000000000000,60.000000000000,60.000000000000
25.078668027690,30.934613462884,5.425616961720
60.000000000000,60.000000000000,60.000000000000
60.000000000000,60.000000000000,60.000000000000
60.000000000000,60.000000000000,60.000000000000
60.000000000000,60.000000000000,60.000000000000
60.000000000000,60.000000000000,60.000000000000
60.000000000000,60.000000000000,60.000000000000
57.268641359154,34.703162540077,25.457691923767
60.000000000000,60.000000000000,60.000000000000
52.852828020013,15.338583008026,22.548510469224
60.000000000000,60.000000000000,0.000000000000
60.000000000000,60.000000000000,60.000000000000
60.000000000000,60.000000000000,0.000000000000
6.151099568442,47.580092651329,59.196431375549
60.000000000000,60.000000000000,60.000000000000
60.000000000000,60.000000000000,60.000000000000
54.756556817636,26.590569074125,60.000000000000
60.000000000000,60.000000000000,60.000000000000
60.000000000000,60.000000000000,60.000000000000
60.000000000000,60.000000000000,60.000000000000
30.221339711123,0.520423218390,11.963907327295
50.680658124383,60.000000000000,60.000000000000
60.000000000000,60.000000000000,60.000000000000
60.000000000000,60.000000000000,60.000000000000
60.000000000000,60.000000000000,60.000000000000
60.000000000000,60.000000000000,60.000000000000
60.000000000000,60.000000000000,60.000000000000
60.000000000000,60.000000000000,60.000000000000
60.000000000000,60.000000000000,60.000000000000
60.000000000000,60.000000000000,60.000000000000
60.000000000000,60.000000000000,60.000000000000
60.000000000000,60.000000000000,60.000000000000
37.546785698067,17.320977394416,12.754381064454
60.000000000000,60.000000000000,60.000000000000
60.000000000000,60.000000000000,60.000000000000
60.000000000000,60.000000000000,60.000000000000
53.627785053839,56.870471730603,2.316160126897
60.000000000000,60.000000000000,60.000000000000
60.000000000000,60.000000000000,60.000000000000
60.000000000000,60.000000000000,60.000000000000
30.507339581012,35.255788762564,60.000000000000
60.000000000000,60.000000000000,60.000000000000
60.000000000000,60.000000000000,60.000000000000
60.000000000000,19.578461016998,16.708328411749
60.000000000000,60.000000000000,60.000000000000
60.000000000000,60.000000000000,60.000000000000
60.000000000000,60.000000000000,60.000000000000
60.000000000000,60.000000000000,60.000000000000
60.000000000000,60.000000000000,60.000000000000
60.000000000000,60.000000000000,60.000000000000
60.000000000000,60.000000000000,60.000000000000
52.658302805392,25.860776864807,38.261025717658
60.000000000000,60.000000000000,60.000000000000
60.000000000000,60.000000000000,60.000000000000
60.000000000000,60.000000000000,60.000000000000
18.785455444946,23.132840660473,8.669367413310
60.000000000000,60.000000000000,60.000000000000
60.000000000000,60.000000000000,60.000000000000
60.000000000000,60.000000000000,60.000000000000
60.000000000000,60.000000000000,60.000000000000
60.000000000000,60.000000000000,60.000000000000
53.314941779501,0.745700200405,13.960418368595
60.000000000000,60.000000000000,60.000000000000
18.511714912722,43.307766388707,27.879807215276
48.168352033376,33.017729878847,10.622929775414
60.000000000000,60.000000000000,60.000000000000
60.000000000000,60.000000000000,60.000000000000
60.000000000000,60.000000000000,60.000000000000
60.000000000000,60.000000000000,60.000000000000
60.000000000000,60.000000000000,60.000000000000
38.374381091972,60.000000000000,29.783104987921
60.000000000000,60.000000000000,60.000000000000
0.000000000000,60.000000000000,60.000000000000
60.000000000000,60.000000000000,60.000000000000
49.158801044492,23.268005896913,0.000000000000
60.000000000000,60.000000000000,60.000000000000
60.000000000000,60.000000000000,60.000000000000
60.000000000000,60.000000000000,60.000000000000
60.000000000000,60.000000000000,60.000000000000
60.000000000000,60.000000000000,60.000000000000
35.397803818897,12.638605329412,38.547098096378
60.000000000000,60.000000000000,60.000000000000
60.000000000000,60.000000000000,60.000000000000
56.439754050296,42.134483962270,48.482356097244
60.000000000000,60.000000000000,60.000000000000
51.158491251212,56.745423339582,43.686260671926
60.000000000000,60.000000000000,60.000000000000
60.000000000000,60.000000000000,60.000000000000
60.000000000000,60.000000000000,60.000000000000
60.000000000000,60.000000000000,60.000000000000
60.000000000000,60.000000000000,60.000000000000
58.725092923801,45.116605715568,28.781858700734
49.796252400631,25.468455335887,14.583840858735
60.000000000000,60.000000000000,60.000000000000
16.702874697787,12.112056264888,56.889981994623
14.263090053081,60.000000000000,45.412917089938
60.000000000000,60.000000000000,60.000000000000
50.671377704024,27.582891928471,17.303675997813
60.000000000000,60.000000000000,60.000000000000
36.058118657638,21.721355967076,13.783846793807
39.985956490878,55.180132644585,57.537136201219
60.000000000000,60.000000000000,60.000000000000
60.000000000000,60.000000000000,60.000000000000
18.413396016491,55.817179232962,36.079998872358
41.019646413675,26.565399782804,8.679780747592
60.000000000000,60.000000000000,60.000000000000
20.256074815550,36.933649304699,3.050364611739
8.949065058838,51.937224340087,41.208005874558
60.000000000000,60.000000000000,60.000000000000
60.000000000000,60.000000000000,60.000000000000
1.145878779944,0.546766719068,60.000000000000
60.000000000000,60.000000000000,60.000000000000
60.000000000000,60.000000000000,60.000000000000
60.000000000000,60.000000000000,60.000000000000
60.000000000000,60.000000000000,60.000000000000
60.000000000000,60.000000000000,60.000000000000
44.208248826898,10.265107759660,29.637935167598
25.955054107756,5.179960984176,15.485042692915
60.000000000000,60.000000000000,60.000000000000
60.000000000000,60.000000000000,60.000000000000
60.000000000000,60.000000000000,60.000000000000
60.000000000000,60.000000000000,60.000000000000
36.627555050433,59.746953360644,17.448366519729
60.000000000000,60.000000000000,60.000000000000
60.000000000000,60.000000000000,0.000000000000
60.000000000000,60.000000000000,60.000000000000
60.000000000000,60.000000000000,60.000000000000
60.000000000000,60.000000000000,60.000000000000
60.000000000000,60.000000000000,0.000000000000
60.000000000000,60.000000000000,60.000000000000
60.000000000000,60.000000000000,60.000000000000
52.510958852268,31.069625094440,36.729334095033
0.000000000000,60.000000000000,60.000000000000
0.000000000000,60.000000000000,60.000000000000
60.000000000000,60.000000000000,60.000000000000
60.000000000000,60.000000000000,60.000000000000
60.000000000000,60.000000000000,60.000000000000
60.000000000000,60.000000000000,60.000000000000
60.000000000000,60.000000000000,60.000000000000
53.472019748816,16.018996247665,55.690932400316
60.000000000000,60.000000000000,0.000000000000
60.000000000000,60.000000000000,60.000000000000
60.000000000000,60.000000000000,0.000000000000
60.000000000000,60.000000000000,60.000000000000
60.000000000000,60.000000000000,60.000000000000
60.000000000000,60.000000000000,0.000000000000
60.000000000000,60.000000000000,60.000000000000
13.236312945020,60.000000000000,60.000000000000
60.000000000000,60.000000000000,0.000000000000
60.000000000000,60.000000000000,60.000000000000
60.000000000000,60.000000000000,60.000000000000
58.222147579227,1.882098475206,12.166258622105
60.000000000000,60.000000000000,60.000000000000
39.026106326707,21.817827117821,53.557779956754
60.000000000000,60.000000000000,0.000000000000
60.000000000000,60.000000000000,60.000000000000
35.263947128944,14.470833777977,0.583859813014
60.000000000000,60.000000000000,0.000000000000
0.000000000000,60.000000000000,60.000000000000
5.739437116749,44.158174784179,39.602251343877
60.000000000000,10.285445948780,20.131790786623
60.000000000000,60.000000000000,0.000000000000
55.634594183402,32.639831363249,15.682655448306
60.000000000000,60.000000000000,60.000000000000
14.091044487290,0.013313798531,0.397653208055
60.000000000000,60.000000000000,60.000000000000
60.000000000000,60.000000000000,60.000000000000
60.000000000000,60.000000000000,60.000000000000
60.000000000000,60.000000000000,60.000000000000
60.000000000000,60.000000000000,60.000000000000
60.000000000000,60.000000000000,60.000000000000
13.398974399697,45.048122072357,36.982199128135
9.125562536258,28.164533262294,30.565181417871
60.000000000000,60.000000000000,60.000000000000
60.000000000000,60.000000000000,60.000000000000
24.578611565623,59.807101737922,32.975625839486
22.680094501713,12.751109697578,40.505198656918
60.000000000000,60.000000000000,60.000000000000
48.811125111051,36.449846299921,29.852558329796
28.854597076925,24.700075275771,48.518571238177
60.000000000000,60.000000000000,60.000000000000
58.986730362094,24.871762096022,6.917975875779
60.000000000000,60.000000000000,60.000000000000
60.000000000000,60.000000000000,60.000000000000
60.000000000000,60.000000000000,60.000000000000
60.000000000000,60.000000000000,0.000000000000
60.000000000000,60.000000000000,0.000000000000
17.412627407674,60.000000000000,34.270737608695
60.000000000000,60.000000000000,60.000000000000
60.000000000000,60.000000000000,60.000000000000
60.000000000000,60.000000000000,60.000000000000
60.000000000000,60.000000000000,60.000000000000
24.194779872753,15.739415639956,10.523246749809
7.617391317572,21.681287892072,26.512551275350
60.000000000000,60.000000000000,60.000000000000
60.000000000000,60.000000000000,0.000000000000
55.193828131638,55.745960982703,35.853910192264
60.000000000000,60.000000000000,60.000000000000
47.658488882535,19.840106388409,24.644920230248
60.000000000000,60.000000000000,60.000000000000
60.000000000000,60.000000000000,60.000000000000
51.336463447481,60.000000000000,6.540689213408
60.000000000000,60.000000000000,0.000000000000
60.000000000000,60.000000000000,60.000000000000
60.000000000000,60.000000000000,60.000000000000
60.000000000000,60.000000000000,0.000000000000
60.000000000000,60.000000000000,0.000000000000
50.812393790634,30.570387836424,42.690109324689
60.000000000000,60.000000000000,0.000000000000
60.000000000000,60.000000000000,60.000000000000
60.000000000000,60.000000000000,60.000000000000
60.000000000000,60.000000000000,60.000000000000
60.000000000000,60.000000000000,60.000000000000
60.000000000000,60.000000000000,60.000000000000
39.889471846428,56.591722159029,52.039328146544
5.319341680719,38.001276972724,17.724460690796
18.681171389149,60.000000000000,30.665707637147
60.000000000000,60.000000000000,60.000000000000
60.000000000000,60.000000000000,60.000000000000
20.351500366827,51.894266835542,34.166231184002
37.124725697038,10.176016673563,6.619184281437
60.000000000000,60.000000000000,60.000000000000
60.000000000000,60.000000000000,60.000000000000
60.000000000000,60.000000000000,60.000000000000
60.000000000000,60.000000000000,0.000000000000
60.000000000000,60.000000000000,60.000000000000
60.000000000000,60.000000000000,60.000000000000
60.000000000000,60.000000000000,60.000000000000
30.234431621162,14.154021858139,48.958243701578
60.000000000000,60.000000000000,60.000000000000
60.000000000000,60.000000000000,60.000000000000
60.000000000000,60.000000000000,60.000000000000
60.000000000000,60.000000000000,60.000000000000
60.000000000000,60.000000000000,60.000000000000
60.000000000000,60.000000000000,60.000000000000
60.000000000000,60.000000000000,60.000000000000
0.000000000000,60.000000000000,60.000000000000
60.000000000000,60.000000000000,60.000000000000
60.000000000000,60.000000000000,60.000000000000
60.000000000000,60.000000000000,60.000000000000
60.000000000000,60.000000000000,60.000000000000
50.621571315253,56.891756696778,12.189132445966
60.000000000000,60.000000000000,60.000000000000
50.829212366461,21.585298856964,6.478956597804
60.000000000000,60.000000000000,60.000000000000
60.000000000000,60.000000000000,0.000000000000
60.000000000000,60.000000000000,60.000000000000
60.000000000000,60.000000000000,60.000000000000
60.000000000000,60.000000000000,60.000000000000
60.000000000000,60.000000000000,60.000000000000
43.285127866328,4.384223511682,1.209488756825
60.000000000000,60.000000000000,60.000000000000
52.495762391806,18.360593090652,35.121132681322
60.000000000000,60.000000000000,60.000000000000
60.000000000000,60.000000000000,60.000000000000
53.447029614298,46.882511273971,29.427352664846
60.000000000000,60.000000000000,60.000000000000
0.000000000000,60.000000000000,60.000000000000
60.000000000000,60.000000000000,60.000000000000
60.000000000000,60.000000000000,0.000000000000
60.000000000000,60.000000000000,60.000000000000
60.000000000000,60.000000000000,60.000000000000
60.000000000000,60.000000000000,60.000000000000
60.000000000000,60.000000000000,60.000000000000
21.129924089425,4.217244383841,60.000000000000
17.093727872370,40.171260582108,42.842996564545
60.000000000000,60.000000000000,60.000000000000
60.000000000000,60.000000000000,60.000000000000
60.000000000000,60.000000000000,60.000000000000
60.000000000000,60.000000000000,60.000000000000
60.000000000000,60.000000000000,0.000000000000
38.609963517743,46.401235948624,17.017306218258
60.000000000000,60.000000000000,60.000000000000
60.000000000000,60.000000000000,60.000000000000
60.000000000000,60.000000000000,60.000000000000
23.380763781584,43.781902417938,40.106808730441
60.000000000000,60.000000000000,0.000000000000
11.366599955976,24.284153773765,35.091899615822
60.000000000000,60.000000000000,60.000000000000
60.000000000000,60.000000000000,0.000000000000
60.000000000000,60.000000000000,60.000000000000
59.907582259183,54.188186615591,25.943175988457
60.000000000000,60.000000000000,60.000000000000
60.000000000000,60.000000000000,60.000000000000
60.000000000000,60.000000000000,60.000000000000
60.000000000000,60.000000000000,60.000000000000
60.000000000000,60.000000000000,60.000000000000
60.000000000000,60.000000000000,60.000000000000
20.222910384391,12.154532604954,46.868059509277
54.470675561282,24.441273821713,0.152092793152
60.000000000000,60.000000000000,60.000000000000
6.868571462092,57.733797726088,8.056362407815
60.000000000000,60.000000000000,60.000000000000
60.000000000000,60.000000000000,60.000000000000
49.129529093317,37.912786058198,6.788811748124
60.000000000000,60.000000000000,60.000000000000
60.000000000000,60.000000000000,60.000000000000
60.000000000000,60.000000000000,0.000000000000
60.000000000000,60.000000000000,0.000000000000
5.435828586675,13.457582647200,42.167176435803
42.267253782323,48.272942171955,6.303011011473
60.000000000000,60.000000000000,60.000000000000
60.000000000000,60.000000000000,60.000000000000
39.042655952339,4.477454866340,34.563653956491
60.000000000000,60.000000000000,0.000000000000
60.000000000000,60.000000000000,0.000000000000
60.000000000000,60.000000000000,60.000000000000
18.197501784320,1.827797939291,11.441312376594
60.000000000000,60.000000000000,60.000000000000
