x,y,z
22.452963258429,48.286322244057,43.433223930889
60.000000000000,60.000000000000,60.000000000000
60.000000000000,60.000000000000,60.000000000000
48.362537772463,54.148178404770,48.484462136982
44.330421289981,55.591256391389,50.844900170135
60.000000000000,60.000000000000,60.000000000000
0.000000000000,60.000000000000,60.000000000000
32.000941232494,42.129542355758,1.261804788080
60.000000000000,60.000000000000,60.000000000000
60.000000000000,60.000000000000,60.000000000000
19.066467212325,60.000000000000,17.386225701686
60.000000000000,60.000000000000,60.000000000000
37.399780256581,39.459174060064,23.802278722681
34.444808752768,22.100515574344,58.683195237625
3.563993416150,48.534485743337,7.400161140156
60.000000000000,60.000000000000,0.000000000000
60.000000000000,60.000000000000,60.000000000000
60.000000000000,60.000000000000,60.000000000000
60.000000000000,60.000000000000,0.000000000000
38.679362142460,50.877209071444,39.423982903245
60.000000000000,60.000000000000,60.000000000000
60.000000000000,60.000000000000,60.000000000000
0.071455714239,14.646846230270,37.208110917964
50.823244061927,10.987386950349,27.577126822708
3.868990227148,20.106385570231,44.976258817523
60.000000000000,60.000000000000,60.000000000000
60.000000000000,60.000000000000,60.000000000000
60.000000000000,60.000000000000,0.000000000000
1.720720848988,52.358372321067,35.746966000559
60.000000000000,44.716253692343,20.950898230790
1.308980647830,51.600139267916,49.960846648958
60.000000000000,60.000000000000,60.000000000000
1.878753326308,5.813346983231,1.146815722004
60.000000000000,13.718537593092,50.710394290115
60.000000000000,60.000000000000,60.000000000000
60.000000000000,60.000000000000,0.000000000000
60.000000000000,60.000000000000,60.000000000000
2.834899408692,11.724949891082,36.980284075515
60.000000000000,60.000000000000,60.000000000000
60.000000000000,60.000000000000,60.000000000000
46.457927439078,9.024166556439,46.883975486150
60.000000000000,60.000000000000,0.000000000000
60.000000000000,60.000000000000,60.000000000000
48.170792358041,28.426036223137,7.994763277450
60.000000000000,60.000000000000,60.000000000000
16.855913572543,4.094235988341,54.039834499394
11.232815636651,51.236852461880,6.814898690034
27.097790175139,1.195043495713,14.156726374835
54.025347404612,24.970850273923,4.204702580927
60.000000000000,60.000000000000,60.000000000000
1.661649110256,22.671474129435,47.289754310620
60.000000000000,60.000000000000,60.000000000000
40.627760093207,13.856934196210,50.494249711558
39.343446833367,32.468455741126,24.995084092449
7.533923615955,35.301263697968,0.161630465677
60.000000000000,60.000000000000,60.000000000000
60.000000000000,60.000000000000,60.000000000000
0.000000000000,60.000000000000,60.000000000000
60.000000000000,60.000000000000,0.000000000000
45.444358420200,9.384852331163,22.894801160587
60.000000000000,60.000000000000,60.000000000000
60.000000000000,60.000000000000,60.000000000000
60.000000000000,60.000000000000,60.000000000000
60.000000000000,22.431683575400,60.000000000000
53.488997677681,31.197442862080,42.332726967305
0.000000000000,60.000000000000,60.000000000000
60.000000000000,60.000000000000,60.000000000000
1.873721188648,17.434426915456,19.722841253323
43.511296070106,24.056896740375,37.717115572585
60.000000000000,60.000000000000,60.000000000000
60.000000000000,60.000000000000,60.000000000000
60.000000000000,60.000000000000,60.000000000000
60.000000000000,60.000000000000,60.000000000000
60.000000000000,60.000000000000,0.000000000000
51.538417680092,51.740704644359,13.127395138164
60.000000000000,60.000000000000,60.000000000000
60.000000000000,60.000000000000,60.000000000000
60.000000000000,60.000000000000,60.000000000000
60.000000000000,60.000000000000,60.000000000000
60.000000000000,60.000000000000,0.000000000000
60.000000000000,60.000000000000,60.000000000000
38.524224464991,14.021119396531,35.827110823737
14.991040863590,40.598663911230,12.313059838601
37.896696977091,6.991702734610,14.581303961013
20.708309457712,17.933699600632,23.643934007520
60.000000000000,60.000000000000,60.000000000000
6.937530909324,16.767344283762,60.000000000000
60.000000000000,60.000000000000,60.000000000000
6.712547491409,21.594019871210,9.045294889971
60.000000000000,60.000000000000,60.000000000000
60.000000000000,60.000000000000,60.000000000000
60.000000000000,60.000000000000,60.000000000000
60.000000000000,60.000000000000,0.000000000000
48.397271676319,19.483239079211,41.333657546348
7.942275807684,27.977690326073,46.266584600212
60.000000000000,60.000000000000,0.000000000000
60.000000000000,60.000000000000,60.000000000000
14.313907870862,38.977200392508,53.343333565384
31.475124246237,29.349941958406,21.970212919407
60.000000000000,60.000000000000,60.000000000000
5.824617595474,54.894194154359,30.521401623934
60.000000000000,60.000000000000,60.000000000000
60.000000000000,60.000000000000,60.000000000000
60.000000000000,60.000000000000,60.000000000000
60.000000000000,60.000000000000,60.000000000000
60.000000000000,60.000000000000,60.000000000000
60.000000000000,60.000000000000,60.000000000000
60.000000000000,60.000000000000,60.000000000000
45.514357190562,40.943398231872,44.361579223234
60.000000000000,60.000000000000,60.000000000000
60.000000000000,60.000000000000,60.000000000000
60.000000000000,60.000000000000,60.000000000000
60.000000000000,60.000000000000,60.000000000000
60.000000000000,60.000000000000,60.000000000000
60.000000000000,60.000000000000,60.000000000000
60.000000000000,60.000000000000,0.000000000000
60.000000000000,60.000000000000,0.000000000000
60.000000000000,60.000000000000,60.000000000000
52.852509191993,13.810066926538,50.689298965832
4.490093866604,39.295982288913,7.028843650822
60.000000000000,60.000000000000,0.000000000000
60.000000000000,60.000000000000,60.000000000000
60.000000000000,60.000000000000,60.000000000000
13.497639215759,31.910198317929,31.880226209744
60.000000000000,60.000000000000,60.000000000000
60.000000000000,60.000000000000,60.000000000000
37.900057409915,34.913940346433,24.911146949436
20.391166799322,23.281587186435,55.359604124079
35.848308308200,35.705735112335,7.022546290690
60.000000000000,60.000000000000,60.000000000000
60.000000000000,60.000000000000,60.000000000000
23.127582210863,16.694022863750,26.607079117969
60.000000000000,60.000000000000,60.000000000000
43.301951523443,55.885682521736,58.914475130623
45.810746354322,43.124769647999,47.931229086579
60.000000000000,60.000000000000,60.000000000000
60.000000000000,60.000000000000,60.000000000000
0.000000000000,60.000000000000,27.019296826752
60.000000000000,60.000000000000,60.000000000000
60.000000000000,60.000000000000,0.000000000000
60.000000000000,60.000000000000,60.000000000000
60.000000000000,60.000000000000,60.000000000000
60.000000000000,60.000000000000,60.000000000000
13.158642255656,47.187670625266,43.605444670098
60.000000000000,60.000000000000,60.000000000000
29.571423730956,13.137485839100,36.178170931292
46.811886840399,16.768904760465,40.369991545498
60.000000000000,60.000000000000,60.000000000000
60.000000000000,60.000000000000,60.000000000000
60.000000000000,60.000000000000,60.000000000000
58.997125762698,39.076898632831,53.346501563599
60.000000000000,60.000000000000,60.000000000000
60.000000000000,60.000000000000,60.000000000000
60.000000000000,60.000000000000,60.000000000000
60.000000000000,60.000000000000,60.000000000000
60.000000000000,60.000000000000,60.000000000000
60.000000000000,60.000000000000,60.000000000000
60.000000000000,60.000000000000,0.000000000000
49.769220936830,28.332489726066,24.401979443323
60.000000000000,60.000000000000,0.000000000000
60.000000000000,60.000000000000,60.000000000000
60.000000000000,60.000000000000,0.000000000000
0.000000000000,60.000000000000,60.000000000000
60.000000000000,60.000000000000,60.000000000000
60.000000000000,60.000000000000,60.000000000000
60.000000000000,60.000000000000,0.000000000000
60.000000000000,60.000000000000,60.000000000000
60.000000000000,60.000000000000,60.000000000000
26.671777247568,9.364527156032,50.387480393884
60.000000000000,60.000000000000,60.000000000000
60.000000000000,60.000000000000,0.000000000000
50.570690921679,12.538953944378,9.710460033455
60.000000000000,60.000000000000,60.000000000000
60.000000000000,60.000000000000,60.000000000000
3.265585021691,29.477267608232,13.929304156634
60.000000000000,60.000000000000,0.000000000000
60.000000000000,60.000000000000,60.000000000000
60.000000000000,32.222469794870,60.000000000000
25.696825722449,44.286592142565,54.962633020892
60.000000000000,60.000000000000,60.000000000000
60.000000000000,60.000000000000,60.000000000000
60.000000000000,60.000000000000,60.000000000000
60.000000000000,60.000000000000,60.000000000000
60.000000000000,60.000000000000,60.000000000000
60.000000000000,60.000000000000,60.000000000000
17.441300967565,0.000000000000,60.000000000000
60.000000000000,60.000000000000,60.000000000000
60.000000000000,60.000000000000,0.000000000000
60.000000000000,60.000000000000,60.000000000000
60.000000000000,60.000000000000,60.000000000000
60.000000000000,60.000000000000,60.000000000000
60.000000000000,60.000000000000,60.000000000000
48.148059868203,35.087635495203,15.305419783557
60.000000000000,60.000000000000,4.078423016288
60.000000000000,60.000000000000,60.000000000000
37.632687739945,39.936562626740,44.224060842123
51.499175139965,48.374709632522,21.831754559927
60.000000000000,60.000000000000,60.000000000000
60.000000000000,60.000000000000,60.000000000000
60.000000000000,60.000000000000,60.000000000000
60.000000000000,60.000000000000,60.000000000000
0.000000000000,60.000000000000,60.000000000000
60.000000000000,60.000000000000,60.000000000000
60.000000000000,60.000000000000,0.000000000000
53.158659098250,26.140913487311,22.063194249645
60.000000000000,60.000000000000,60.000000000000
60.000000000000,60.000000000000,60.000000000000
60.000000000000,60.000000000000,60.000000000000
13.903275322236,0.698981295260,9.347490233309
15.860384078875,48.878178213148,51.077957803607
60.000000000000,60.000000000000,60.000000000000
60.000000000000,60.000000000000,60.000000000000
22.841100075758,8.484364871700,14.430774514237
60.000000000000,60.000000000000,60.000000000000
8.678738150010,0.282850318842,43.392981813702
60.000000000000,60.000000000000,60.000000000000
10.000032903452,35.300111818189,59.957425690026
60.000000000000,60.000000000000,60.000000000000
57.269529180776,2.654498329634,9.437288062662
60.000000000000,60.000000000000,60.000000000000
60.000000000000,60.000000000000,0.000000000000
7.416620108099,29.780237169314,4.326729639995
8.560887273032,13.018266187767,39.033211167214
60.000000000000,60.000000000000,60.000000000000
60.000000000000,60.000000000000,60.000000000000
30.837192872745,50.439615034293,24.696754667131
60.000000000000,60.000000000000,60.000000000000
60.000000000000,60.000000000000,60.000000000000
60.000000000000,60.000000000000,60.000000000000
60.000000000000,60.000000000000,60.000000000000
60.000000000000,60.000000000000,60.000000000000
60.000000000000,60.000000000000,60.000000000000
60.000000000000,0.000000000000,0.000000000000
60.000000000000,60.000000000000,60.000000000000
60.000000000000,60.000000000000,60.000000000000
60.000000000000,60.000000000000,60.000000000000
60.000000000000,60.000000000000,60.000000000000
60.000000000000,60.000000000000,60.000000000000
60.000000000000,0.000000000000,28.752777021690
60.000000000000,60.000000000000,60.000000000000
60.000000000000,60.000000000000,60.000000000000
55.240344571031,22.544774465649,18.544996143278
60.000000000000,60.000000000000,60.000000000000
60.000000000000,60.000000000000,60.000000000000
6.081402409408,58.811817373574,16.328585570687
33.587034471173,16.563541463624,60.000000000000
60.000000000000,60.000000000000,60.000000000000
60.000000000000,60.000000000000,0.000000000000
41.195332795476,8.893934083909,31.183518684826
14.382220237603,48.856408726536,53.304916476632
60.000000000000,60.000000000000,60.000000000000
1.386985479728,15.145663483295,56.758035696290
30.506308672825,25.228084328917,11.686040893820
60.000000000000,60.000000000000,60.000000000000
44.180237501833,7.531996695711,19.333874201745
60.000000000000,60.000000000000,60.000000000000
37.307465289208,9.235682656912,23.937525586293
30.975059797168,26.462253903922,34.590615523791
30.978470829639,34.316020651778,42.989302743126
60.000000000000,60.000000000000,60.000000000000
60.000000000000,60.000000000000,60.000000000000
60.000000000000,60.000000000000,0.000000000000
60.000000000000,60.000000000000,60.000000000000
60.000000000000,60.000000000000,60.000000000000
60.000000000000,60.000000000000,60.000000000000
60.000000000000,60.000000000000,60.000000000000
37.498552574221,50.691381334393,7.242975145880
60.000000000000,60.000000000000,60.000000000000
60.000000000000,60.000000000000,60.000000000000
60.000000000000,60.000000000000,60.000000000000
60.000000000000,60.000000000000,0.000000000000
54.357958366432,34.391155704714,24.623243270771
60.000000000000,60.000000000000,0.000000000000
31.185506843428,10.812113420616,33.191991571461
53.678934515799,48.303714288239,19.356268694397
60.000000000000,60.000000000000,60.000000000000
32.147057548567,13.859569064113,11.619560770633
22.283793842105,44.131115026585,7.665406466447
1.774242810408,25.786958171168,60.000000000000
60.000000000000,60.000000000000,60.000000000000
60.000000000000,60.000000000000,60.000000000000
11.977736434109,46.710559834000,30.971894711212
60.000000000000,60.000000000000,60.000000000000
40.529823586944,0.057308930162,38.203202229201
0.000000000000,60.000000000000,60.000000000000
60.000000000000,60.000000000000,60.000000000000
23.786945949838,12.637161972901,10.176620920333
5.662083735219,24.563006036912,44.531440154684
60.000000000000,60.000000000000,0.000000000000
60.000000000000,60.000000000000,60.000000000000
60.000000000000,60.000000000000,60.000000000000
60.000000000000,60.000000000000,0.000000000000
60.000000000000,60.000000000000,60.000000000000
60.000000000000,60.000000000000,0.000000000000
60.000000000000,60.000000000000,60.000000000000
60.000000000000,60.000000000000,60.000000000000
60.000000000000,60.000000000000,60.000000000000
60.000000000000,60.000000000000,0.000000000000
60.000000000000,40.265680731009,52.668174484364
60.000000000000,60.000000000000,60.000000000000
60.000000000000,60.000000000000,60.000000000000
31.882060218477,49.543238453092,51.207987460226
60.000000000000,60.000000000000,60.000000000000
21.494600974870,19.085962154272,51.580000093603
60.000000000000,60.000000000000,60.000000000000
59.042245304962,30.940748422209,7.823540454758
60.000000000000,60.000000000000,60.000000000000
60.000000000000,60.000000000000,60.000000000000
60.000000000000,60.000000000000,60.000000000000
60.000000000000,60.000000000000,60.000000000000
60.000000000000,60.000000000000,60.000000000000
60.000000000000,60.000000000000,14.997933497799
60.000000000000,60.000000000000,60.000000000000
60.000000000000,60.000000000000,0.000000000000
60.000000000000,60.000000000000,60.000000000000
60.000000000000,60.000000000000,60.000000000000
60.000000000000,60.000000000000,60.000000000000
60.000000000000,60.000000000000,60.000000000000
60.000000000000,60.000000000000,0.000000000000
60.000000000000,60.000000000000,0.000000000000
48.983900538982,36.070157632338,31.370619219979
60.000000000000,47.865013802418,20.668835998046
60.000000000000,60.000000000000,0.000000000000
60.000000000000,60.000000000000,0.000000000000
21.887640084361,12.243151166022,55.129371806386
60.000000000000,60.000000000000,60.000000000000
18.781545064692,49.127938386666,60.000000000000
60.000000000000,60.000000000000,0.000000000000
60.000000000000,60.000000000000,60.000000000000
60.000000000000,60.000000000000,0.000000000000
9.215781958316,58.554500520243,26.189499560395
7.769074848079,56.434005954719,10.911003230859
60.000000000000,60.000000000000,60.000000000000
60.000000000000,60.000000000000,0.000000000000
36.949054667463,37.574311836135,36.476644876787
60.000000000000,60.000000000000,60.000000000000
56.668640972041,47.586518042088,9.849060056452
60.000000000000,60.000000000000,60.000000000000
60.000000000000,60.000000000000,60.000000000000
60.000000000000,60.000000000000,60.000000000000
60.000000000000,60.000000000000,60.000000000000
60.000000000000,60.000000000000,60.000000000000
60.000000000000,60.000000000000,60.000000000000
60.000000000000,60.000000000000,60.000000000000
17.602133869422,23.866572567876,19.675909727541
60.000000000000,60.000000000000,0.000000000000
60.000000000000,60.000000000000,60.000000000000
60.000000000000,60.000000000000,0.000000000000
29.409064052251,41.035938525917,45.731043597622
60.000000000000,60.000000000000,0.000000000000
60.000000000000,60.000000000000,60.000000000000
60.000000000000,60.000000000000,0.000000000000
60.000000000000,60.000000000000,60.000000000000
2.156215998809,6.909900605971,42.975886614421
60.000000000000,60.000000000000,3.220873731903
60.000000000000,60.000000000000,60.000000000000
60.000000000000,60.000000000000,60.000000000000
60.000000000000,60.000000000000,60.000000000000
60.000000000000,60.000000000000,60.000000000000
60.000000000000,25.797179790438,60.000000000000
60.000000000000,60.000000000000,60.000000000000
60.000000000000,60.000000000000,60.000000000000
60.000000000000,60.000000000000,60.000000000000
60.000000000000,60.000000000000,60.000000000000
60.000000000000,60.000000000000,60.000000000000
60.000000000000,60.000000000000,60.000000000000
56.871969159592,60.000000000000,60.000000000000
60.000000000000,60.000000000000,60.000000000000
60.000000000000,60.000000000000,60.000000000000
19.201939365585,8.211483111224,32.399358564931
60.000000000000,60.000000000000,60.000000000000
11.082382784331,58.473081252789,50.045742492908
60.000000000000,60.000000000000,60.000000000000
60.000000000000,60.000000000000,60.000000000000
60.000000000000,60.000000000000,60.000000000000
60.000000000000,60.000000000000,60.000000000000
60.000000000000,60.000000000000,60.000000000000
60.000000000000,60.000000000000,60.000000000000
45.283885861641,17.524811387755,3.284918131558
60.000000000000,60.000000000000,60.000000000000
60.000000000000,60.000000000000,60.000000000000
39.154473528578,52.957973074735,53.177182770520
3.532135120553,21.783281632159,57.612380308532
60.000000000000,60.000000000000,60.000000000000
60.000000000000,60.000000000000,60.000000000000
60.000000000000,60.000000000000,60.000000000000
60.000000000000,60.000000000000,60.000000000000
60.000000000000,60.000000000000,60.000000000000
17.781874315361,35.761966246733,8.930963678476
0.000000000000,56.236161151269,60.000000000000
60.000000000000,60.000000000000,60.000000000000
60.000000000000,60.000000000000,0.000000000000
59.247703437748,25.359139099138,51.377593521917
1.713304893727,17.748672543901,22.229236882749
60.000000000000,60.000000000000,60.000000000000
23.498788252960,26.386752322640,22.219565229950
60.000000000000,60.000000000000,60.000000000000
22.526079847689,30.291652713795,39.421184528760
60.000000000000,60.000000000000,60.000000000000
60.000000000000,0.000000000000,60.000000000000
60.000000000000,60.000000000000,60.000000000000
6.501917526067,12.301329861688,5.506591973382
60.000000000000,60.000000000000,60.000000000000
60.000000000000,60.000000000000,60.000000000000
22.673234390234,21.122275076313,18.689213155227
39.434304693213,56.542961527902,15.424610014200
19.032223407901,55.200349422767,34.562854602152
60.000000000000,60.000000000000,60.000000000000
60.000000000000,60.000000000000,60.000000000000
60.000000000000,60.000000000000,60.000000000000
60.000000000000,60.000000000000,60.000000000000
5.143400274798,43.416587774184,36.393160531151
60.000000000000,60.000000000000,0.000000000000
0.000000000000,0.000000000000,0.000000000000
53.348827151978,58.639000633200,53.249510967207
60.000000000000,60.000000000000,60.000000000000
19.044211883007,13.002065886503,48.630460969369
48.980495621378,9.708979204583,24.916344067718
24.250612586007,10.663433170399,2.933514551680
60.000000000000,60.000000000000,0.000000000000
6.568384249218,47.344663699648,35.442579172605
60.000000000000,60.000000000000,60.000000000000
41.018632290254,40.267509457709,56.735543116709
14.800169118549,6.694996325632,35.457861968098
22.177565428358,37.489004719205,30.013440648871
60.000000000000,60.000000000000,0.000000000000
60.000000000000,60.000000000000,60.000000000000
20.065947049302,47.435618293903,54.686172352385
60.000000000000,60.000000000000,60.000000000000
60.000000000000,60.000000000000,60.000000000000
60.000000000000,60.000000000000,60.000000000000
9.477837039922,45.211074368705,31.582287725687
60.000000000000,60.000000000000,60.000000000000
4.917314512454,54.709367143648,55.658079520836
60.000000000000,60.000000000000,60.000000000000
60.000000000000,60.000000000000,0.000000000000
60.000000000000,60.000000000000,60.000000000000
60.000000000000,60.000000000000,0.000000000000
60.000000000000,60.000000000000,60.000000000000
30.606325835749,36.745217134640,25.640437592627
0.000000000000,60.000000000000,60.000000000000
60.000000000000,60.000000000000,60.000000000000
60.000000000000,60.000000000000,60.000000000000
60.000000000000,60.000000000000,60.000000000000
60.000000000000,60.000000000000,60.000000000000
60.000000000000,60.000000000000,60.000000000000
20.395414994176,36.691940707252,0.003947324054
0.000000000000,0.000000000000,0.000000000000
60.000000000000,60.000000000000,60.000000000000
60.000000000000,60.000000000000,60.000000000000
60.000000000000,60.000000000000,60.000000000000
59.543749830554,56.429508332830,42.897082936667
60.000000000000,60.000000000000,60.000000000000
8.555147931163,21.259648665816,8.202980872636
60.000000000000,60.000000000000,60.000000000000
60.000000000000,60.000000000000,60.000000000000
60.000000000000,60.000000000000,60.000000000000
60.000000000000,60.000000000000,60.000000000000
34.765636139620,52.636011202653,41.347865802089
60.000000000000,60.000000000000,60.000000000000
60.000000000000,60.000000000000,60.000000000000
60.000000000000,60.000000000000,60.000000000000
38.819644106019,60.000000000000,60.000000000000
60.000000000000,60.000000000000,60.000000000000
60.000000000000,60.000000000000,0.000000000000
13.078767559457,26.363624786816,60.000000000000
60.000000000000,60.000000000000,60.000000000000
30.872572096755,6.453866657784,31.861212697112
0.000000000000,4.780777124014,2.060492835336
60.000000000000,60.000000000000,0.000000000000
60.000000000000,60.000000000000,60.000000000000
60.000000000000,60.000000000000,60.000000000000
60.000000000000,60.000000000000,60.000000000000
60.000000000000,60.000000000000,60.000000000000
60.000000000000,60.000000000000,60.000000000000
60.000000000000,60.000000000000,60.000000000000
60.000000000000,60.000000000000,60.000000000000
60.000000000000,60.000000000000,60.000000000000
60.000000000000,60.000000000000,60.000000000000
13.734431778207,18.971168099814,20.851473040683
60.000000000000,60.000000000000,60.000000000000
60.000000000000,60.000000000000,60.000000000000
60.000000000000,60.000000000000,60.000000000000
60.000000000000,60.000000000000,60.000000000000
60.000000000000,60.000000000000,60.000000000000
60.000000000000,60.000000000000,60.000000000000
21.125770707394,2.162013562340,2.206030433653
60.000000000000,60.000000000000,0.000000000000
60.000000000000,60.000000000000,60.000000000000
0.000000000000,56.399522285341,60.000000000000
22.795334484355,37.621418719008,34.291677977447
60.000000000000,60.000000000000,60.000000000000
60.000000000000,60.000000000000,0.000000000000
60.000000000000,60.000000000000,60.000000000000
0.885151966116,23.365166173115,52.498942134324
25.672922123533,50.653124797410,56.393839250584
60.000000000000,60.000000000000,0.000000000000
6.280711210421,8.228150183433,28.464855786309
60.000000000000,60.000000000000,60.000000000000
60.000000000000,60.000000000000,60.000000000000
21.799086682266,26.697832882818,54.858774381443
60.000000000000,60.000000000000,60.000000000000
60.000000000000,60.000000000000,0.000000000000
60.000000000000,60.000000000000,60.000000000000
60.000000000000,60.000000000000,60.000000000000
60.000000000000,60.000000000000,60.000000000000
18.147857140341,35.033268267947,21.653166470741
60.000000000000,60.000000000000,0.000000000000
60.000000000000,60.000000000000,60.000000000000
60.000000000000,60.000000000000,0.000000000000
60.000000000000,60.000000000000,60.000000000000
60.000000000000,60.000000000000,60.000000000000
7.004894807977,42.897821599914,0.000000000000
60.000000000000,60.000000000000,60.000000000000
12.562462500370,7.254845129921,52.808669340682
60.000000000000,60.000000000000,60.000000000000
60.000000000000,60.000000000000,60.000000000000
60.000000000000,60.000000000000,60.000000000000
30.894148830827,27.607833733628,39.350641242553
60.000000000000,60.000000000000,60.000000000000
0.000000000000,60.000000000000,60.000000000000
60.000000000000,60.000000000000,60.000000000000
25.808468106952,55.915567116093,14.769411571673
60.000000000000,60.000000000000,60.000000000000
28.932447296488,20.973627390960,60.000000000000
46.178846636952,49.450932234134,47.909234229678
60.000000000000,60.000000000000,60.000000000000
12.361459005582,28.224822345603,19.549143396248
60.000000000000,60.000000000000,60.000000000000
60.000000000000,60.000000000000,60.000000000000
60.000000000000,60.000000000000,60.000000000000
60.000000000000,60.000000000000,60.000000000000
45.231817815684,16.192228289398,46.707887702464
60.000000000000,60.000000000000,60.000000000000
60.000000000000,60.000000000000,60.000000000000
60.000000000000,60.000000000000,60.000000000000
60.000000000000,60.000000000000,60.000000000000
60.000000000000,60.000000000000,60.000000000000
18.147150080144,50.048684870670,5.905604062956
6.886992763699,60.000000000000,60.000000000000
60.000000000000,10.870966695003,22.699522008047
60.000000000000,34.296494736442,0.000000000000
60.000000000000,60.000000000000,0.000000000000
60.000000000000,60.000000000000,60.000000000000
60.000000000000,60.000000000000,60.000000000000
60.000000000000,60.000000000000,60.000000000000
25.792342806456,12.503245337688,40.628311760310
60.000000000000,60.000000000000,60.000000000000
12.324340524571,2.006428336042,33.218327190721
60.000000000000,60.000000000000,60.000000000000
20.880614002056,8.012686779775,46.486386908156
60.000000000000,60.000000000000,60.000000000000
60.000000000000,60.000000000000,60.000000000000
60.000000000000,60.000000000000,60.000000000000
60.000000000000,60.000000000000,60.000000000000
60.000000000000,60.000000000000,60.000000000000
60.000000000000,60.000000000000,60.000000000000
60.000000000000,60.000000000000,60.000000000000
60.000000000000,60.000000000000,60.000000000000
45.846272540852,42.199882041276,40.832957381819
60.000000000000,60.000000000000,60.000000000000
7.777599120240,35.435620800410,6.834578544493
36.451521744976,3.215509301707,28.328984180956
60.000000000000,60.000000000000,0.000000000000
60.000000000000,60.000000000000,60.000000000000
60.000000000000,60.000000000000,0.000000000000
22.068455943665,16.527521300008,36.898053927218
60.000000000000,60.000000000000,60.000000000000
33.219521515682,3.672081487070,35.635016429575
60.000000000000,60.000000000000,0.000000000000
60.000000000000,60.000000000000,60.000000000000
60.000000000000,60.000000000000,60.000000000000
60.000000000000,60.000000000000,60.000000000000
60.000000000000,60.000000000000,60.000000000000
57.073337551571,32.158347756279,37.643094617927
39.873718891729,38.974521955236,39.216466537974
28.419932043772,20.089545027464,14.526918828667
60.000000000000,60.000000000000,60.000000000000
21.289780518336,5.549141151962,35.636041941731
11.055036151208,34.056780622322,19.342059494133
60.000000000000,60.000000000000,60.000000000000
60.000000000000,60.000000000000,60.000000000000
60.000000000000,60.000000000000,60.000000000000
60.000000000000,60.000000000000,60.000000000000
29.470398058646,19.093995407718,40.392210257260
60.000000000000,51.706632426793,60.000000000000
60.000000000000,60.000000000000,60.000000000000
27.880039481220,1.353009083950,44.935398082800
60.000000000000,60.000000000000,60.000000000000
60.000000000000,60.000000000000,0.000000000000
43.592746679348,51.334658478293,60.000000000000
60.000000000000,60.000000000000,0.000000000000
60.000000000000,60.000000000000,60.000000000000
28.635259336363,29.004806519575,21.511993020128
60.000000000000,60.000000000000,60.000000000000
60.000000000000,60.000000000000,60.000000000000
60.000000000000,60.000000000000,60.000000000000
60.000000000000,60.000000000000,60.000000000000
60.000000000000,60.000000000000,60.000000000000
60.000000000000,60.000000000000,60.000000000000
60.000000000000,60.000000000000,0.000000000000
60.000000000000,60.000000000000,60.000000000000
60.000000000000,60.000000000000,60.000000000000
60.000000000000,60.000000000000,0.000000000000
60.000000000000,60.000000000000,60.000000000000
60.000000000000,60.000000000000,60.000000000000
10.372949771346,55.759279851258,25.740893590686
60.000000000000,60.000000000000,0.000000000000
60.000000000000,60.000000000000,60.000000000000
54.171666676018,16.039174045497,34.190006883737
60.000000000000,60.000000000000,60.000000000000
60.000000000000,60.000000000000,60.000000000000
60.000000000000,60.000000000000,60.000000000000
60.000000000000,60.000000000000,60.000000000000
60.000000000000,60.000000000000,60.000000000000
60.000000000000,60.000000000000,60.000000000000
60.000000000000,60.000000000000,60.000000000000
60.000000000000,60.000000000000,60.000000000000
60.000000000000,60.000000000000,60.000000000000
0.000000000000,31.215850126590,14.664841131422
60.000000000000,60.000000000000,60.000000000000
60.000000000000,0.000000000000,0.000000000000
60.000000000000,60.000000000000,60.000000000000
60.000000000000,60.000000000000,60.000000000000
60.000000000000,60.000000000000,60.000000000000
60.000000000000,60.000000000000,60.000000000000
60.000000000000,60.000000000000,60.000000000000
60.000000000000,60.000000000000,60.000000000000
60.000000000000,60.000000000000,60.000000000000
60.000000000000,60.000000000000,60.000000000000
60.000000000000,60.000000000000,60.000000000000
30.920388528779,45.645733338329,36.472212535105
6.648468783662,29.177167699896,45.617915273235
60.000000000000,60.000000000000,60.000000000000
60.000000000000,60.000000000000,60.000000000000
60.000000000000,60.000000000000,60.000000000000
60.000000000000,60.000000000000,60.000000000000
60.000000000000,60.000000000000,0.000000000000
60.000000000000,60.000000000000,60.000000000000
60.000000000000,60.000000000000,60.000000000000
57.092059329567,37.961306044674,28.515348366032
60.000000000000,60.000000000000,60.000000000000
60.000000000000,60.000000000000,60.000000000000
60.000000000000,60.000000000000,60.000000000000
60.000000000000,60.000000000000,60.000000000000
23.570506323208,59.378569823082,60.000000000000
60.000000000000,60.000000000000,60.000000000000
17.851164532854,5.223770873659,36.089318618150
8.978353481453,13.593992358034,39.496688788546
60.000000000000,60.000000000000,60.000000000000
60.000000000000,60.000000000000,60.000000000000
60.000000000000,60.000000000000,60.000000000000
60.000000000000,60.000000000000,60.000000000000
13.522063135443,43.716417638578,53.225720413938
60.000000000000,60.000000000000,60.000000000000
60.000000000000,60.000000000000,60.000000000000
60.000000000000,60.000000000000,60.000000000000
60.000000000000,60.000000000000,60.000000000000
60.000000000000,60.000000000000,60.000000000000
60.000000000000,60.000000000000,60.000000000000
60.000000000000,60.000000000000,60.000000000000
52.397269982369,55.927752333258,56.411188183616
24.578488074870,13.704637202609,17.230637839449
60.000000000000,56.193829847438,29.057813437107
10.624106168745,3.487112563739,3.206634044153
60.000000000000,60.000000000000,60.000000000000
60.000000000000,60.000000000000,60.000000000000
60.000000000000,60.000000000000,0.000000000000
9.893064194041,9.172893774749,57.077566630281
60.000000000000,60.000000000000,60.000000000000
54.551254677803,60.000000000000,51.877595552424
24.086405380320,9.514722169589,14.304122388329
60.000000000000,60.000000000000,60.000000000000
60.000000000000,60.000000000000,60.000000000000
60.000000000000,60.000000000000,60.000000000000
60.000000000000,60.000000000000,60.000000000000
27.778487684269,34.495211634763,60.000000000000
60.000000000000,60.000000000000,60.000000000000
60.000000000000,60.000000000000,60.000000000000
60.000000000000,60.000000000000,60.000000000000
60.000000000000,60.000000000000,60.000000000000
60.000000000000,60.000000000000,60.000000000000
60.000000000000,60.000000000000,60.000000000000
60.000000000000,60.000000000000,60.000000000000
25.675819349566,6.354360034804,27.735978574454
57.133071306514,45.257939871854,29.018208246984
60.000000000000,60.000000000000,60.000000000000
60.000000000000,60.000000000000,60.000000000000
60.000000000000,60.000000000000,60.000000000000
60.000000000000,60.000000000000,60.000000000000
60.000000000000,60.000000000000,60.000000000000
60.000000000000,60.000000000000,60.000000000000
28.572514804354,33.692053439092,60.000000000000
60.000000000000,60.000000000000,60.000000000000
27.018163642069,16.376661892466,21.893858396018
60.000000000000,60.000000000000,60.000000000000
60.000000000000,60.000000000000,60.000000000000
60.000000000000,60.000000000000,60.000000000000
60.000000000000,60.000000000000,60.000000000000
60.000000000000,60.000000000000,60.000000000000
20.366479899752,48.519656185583,38.546557500271
60.000000000000,60.000000000000,0.000000000000
60.000000000000,60.000000000000,60.000000000000
30.634767624706,50.669028426201,37.596961565092
60.000000000000,60.000000000000,60.000000000000
60.000000000000,57.802750757120,60.000000000000
60.000000000000,60.000000000000,60.000000000000
9.436525191735,30.034134579606,56.490980689398
17.516869212494,16.702533495140,31.193157705463
60.000000000000,60.000000000000,60.000000000000
8.263122551597,2.280001070005,9.296433210821
60.000000000000,60.000000000000,60.000000000000
60.000000000000,60.000000000000,60.000000000000
60.000000000000,60.000000000000,60.000000000000
19.129655862298,41.887892445265,15.144020021208
60.000000000000,60.000000000000,60.000000000000
37.762452762360,18.682805512663,17.863624565025
60.000000000000,60.000000000000,60.000000000000
60.000000000000,60.000000000000,60.000000000000
60.000000000000,60.000000000000,60.000000000000
30.604044909590,4.402583448517,55.773414006445
60.000000000000,60.000000000000,60.000000000000
60.000000000000,60.000000000000,60.000000000000
60.000000000000,60.000000000000,60.000000000000
60.000000000000,60.000000000000,60.000000000000
60.000000000000,60.000000000000,60.000000000000
60.000000000000,60.000000000000,60.000000000000
60.000000000000,60.000000000000,60.000000000000
26.982782541488,39.782117997288,8.324889401357
60.000000000000,60.000000000000,60.000000000000
60.000000000000,60.000000000000,60.000000000000
60.000000000000,60.000000000000,60.000000000000
60.000000000000,60.000000000000,60.000000000000
32.875634704345,46.020547040716,44.735007000441
60.000000000000,60.000000000000,60.000000000000
60.000000000000,60.000000000000,60.000000000000
5.346429932215,50.309290702652,18.615720703749
33.910689790757,45.642346494453,43.785037303028
60.000000000000,60.000000000000,60.000000000000
60.000000000000,60.000000000000,60.000000000000
60.000000000000,60.000000000000,60.000000000000
60.000000000000,60.000000000000,60.000000000000
60.000000000000,60.000000000000,60.000000000000
57.531226862957,56.449316348965,12.462108407793
29.862668383170,59.923496875002,37.263870700150
60.000000000000,60.000000000000,60.000000000000
60.000000000000,60.000000000000,60.000000000000
60.000000000000,60.000000000000,60.000000000000
33.556217315734,29.587727417836,60.000000000000
60.000000000000,60.000000000000,60.000000000000
51.554189599696,11.303098698584,19.939850833716
60.000000000000,60.000000000000,60.000000000000
60.000000000000,60.000000000000,60.000000000000
35.233761496227,28.098536683421,34.478656067748
9.294219336948,17.772659954270,23.401187503438
60.000000000000,60.000000000000,60.000000000000
56.000000000000,57.520406225159,60.000000000000
60.000000000000,60.000000000000,60.000000000000
14.992087207304,38.585931949152,34.032685050803
60.000000000000,60.000000000000,60.000000000000
60.000000000000,60.000000000000,60.000000000000
60.000000000000,60.000000000000,60.000000000000
60.000000000000,60.000000000000,60.000000000000
60.000000000000,60.000000000000,60.000000000000
60.000000000000,60.000000000000,60.000000000000
31.990015402417,24.543882345660,38.166490700690
25.572779632950,43.887002160778,42.364285808873
60.000000000000,60.000000000000,60.000000000000
60.000000000000,60.000000000000,60.000000000000
22.527511133104,14.228365337986,17.901309603050
60.000000000000,60.000000000000,60.000000000000
60.000000000000,60.000000000000,60.000000000000
6.275488545321,45.626600586177,4.259426142020
60.000000000000,60.000000000000,60.000000000000
25.694581093013,32.996017845844,35.317627728792
60.000000000000,60.000000000000,60.000000000000
10.981382070770,51.974985928311,16.015461756853
60.000000000000,60.000000000000,60.000000000000
60.000000000000,60.000000000000,60.000000000000
60.000000000000,60.000000000000,60.000000000000
60.000000000000,60.000000000000,60.000000000000
60.000000000000,60.000000000000,60.000000000000
60.000000000000,60.000000000000,60.000000000000
48.488664291040,14.688149789381,41.943916074389
60.000000000000,60.000000000000,60.000000000000
28.453103810326,1.166710301906,57.289436114479
60.000000000000,60.000000000000,60.000000000000
0.000000000000,60.000000000000,40.255084517523
0.000000000000,60.000000000000,60.000000000000
60.000000000000,60.000000000000,60.000000000000
60.000000000000,60.000000000000,60.000000000000
60.000000000000,1.759802336793,5.415575807128
19.758242704636,14.397496813330,36.237558294476
60.000000000000,60.000000000000,60.000000000000
24.245548499651,52.013502959327,21.148344543174
60.000000000000,60.000000000000,60.000000000000
22.836217981587,22.370036740908,2.225655272666
60.000000000000,60.000000000000,60.000000000000
60.000000000000,60.000000000000,60.000000000000
60.000000000000,60.000000000000,60.000000000000
60.000000000000,60.000000000000,60.000000000000
60.000000000000,60.000000000000,0.000000000000
35.005643202411,34.519653378488,33.907785840030
37.984362089649,26.714123734566,51.775954254255
60.000000000000,60.000000000000,60.000000000000
60.000000000000,60.000000000000,60.000000000000
60.000000000000,60.000000000000,60.000000000000
39.075752780362,11.788958912254,29.540780047763
60.000000000000,60.000000000000,60.000000000000
60.000000000000,60.000000000000,60.000000000000
33.503149518614,2.473476728861,29.110690488945
60.000000000000,60.000000000000,0.000000000000
60.000000000000,60.000000000000,60.000000000000
60.000000000000,60.000000000000,60.000000000000
57.461818275562,52.336838675676,5.146220661703
60.000000000000,60.000000000000,60.000000000000
60.000000000000,60.000000000000,60.000000000000
37.180798605280,49.129188919957,1.185661838474
50.655519569542,2.844562264833,58.790334062107
13.834042561120,21.049812109746,12.729435143771
60.000000000000,60.000000000000,60.000000000000
44.915489281978,22.160452666927,20.734921354440
60.000000000000,60.000000000000,60.000000000000
60.000000000000,60.000000000000,60.000000000000
60.000000000000,60.000000000000,60.000000000000
0.000000000000,0.000000000000,0.000000000000
35.218672812550,3.224730357838,15.916792173884
60.000000000000,60.000000000000,60.000000000000
59.363385986163,2.028229719869,5.309381692059
47.194324416341,34.839516118953,51.568455308834
60.000000000000,18.926175239396,60.000000000000
60.000000000000,60.000000000000,60.000000000000
16.769882421693,28.211165467058,24.268118108947
60.000000000000,60.000000000000,60.000000000000
60.000000000000,60.000000000000,60.000000000000
60.000000000000,60.000000000000,60.000000000000
60.000000000000,60.000000000000,60.000000000000
56.300628454828,60.000000000000,47.250636504670
60.000000000000,60.000000000000,60.000000000000
60.000000000000,60.000000000000,60.000000000000
57.157620996847,30.186265851194,25.467992397363
17.117109284161,39.726120390713,42.723455974428
60.000000000000,60.000000000000,60.000000000000
27.709947899785,38.618627698399,44.489070514029
60.000000000000,60.000000000000,27.105306861043
60.000000000000,60.000000000000,60.000000000000
60.000000000000,60.000000000000,60.000000000000
60.000000000000,60.000000000000,60.000000000000
60.000000000000,60.000000000000,60.000000000000
60.000000000000,60.000000000000,60.000000000000
55.554781619573,19.916581507610,19.846358034250
60.000000000000,60.000000000000,60.000000000000
16.470834179497,49.736266740452,14.592139694818
60.000000000000,60.000000000000,60.000000000000
60.000000000000,60.000000000000,60.000000000000
60.000000000000,60.000000000000,60.000000000000
60.000000000000,60.000000000000,60.000000000000
60.000000000000,60.000000000000,60.000000000000
28.728790208543,51.277620436270,29.223014596340
45.411373113572,31.318398520734,3.159982924990
12.206334135249,2.020021595615,52.752832498170
60.000000000000,60.000000000000,60.000000000000
60.000000000000,60.000000000000,60.000000000000
0.000000000000,0.000000000000,0.000000000000
51.248467390698,53.647025956358,47.814775519660
60.000000000000,60.000000000000,60.000000000000
60.000000000000,60.000000000000,60.000000000000
60.000000000000,60.000000000000,60.000000000000
60.000000000000,60.000000000000,60.000000000000
6.163139419684,25.524202855223,55.767485588643
60.000000000000,60.000000000000,60.000000000000
60.000000000000,60.000000000000,60.000000000000
60.000000000000,60.000000000000,60.000000000000
60.000000000000,60.000000000000,60.000000000000
60.000000000000,60.000000000000,60.000000000000
60.000000000000,60.000000000000,60.000000000000
31.380680509952,60.000000000000,53.444601770332
28.888893568618,48.178330648851,55.937885582305
60.000000000000,60.000000000000,60.000000000000
60.000000000000,60.000000000000,60.000000000000
60.000000000000,60.000000000000,60.000000000000
60.000000000000,60.000000000000,60.000000000000
60.000000000000,60.000000000000,60.000000000000
46.792374141640,10.865142355659,42.018112337814
60.000000000000,60.000000000000,60.000000000000
25.118536241266,13.012647308640,33.487267187803
48.054920865192,26.161334181379,50.644786147876
37.226219207589,20.806412303270,26.022724373765
19.654773146205,49.706688154451,34.314611347415
60.000000000000,60.000000000000,60.000000000000
13.041962341578,6.894637135219,28.924609986902
60.000000000000,60.000000000000,60.000000000000
60.000000000000,60.000000000000,60.000000000000
11.461764130379,39.262801764063,2.090912219780
60.000000000000,60.000000000000,60.000000000000
18.660437302803,50.681889508852,4.508942285246
60.000000000000,60.000000000000,60.000000000000
60.000000000000,60.000000000000,60.000000000000
60.000000000000,60.000000000000,60.000000000000
60.000000000000,60.000000000000,60.000000000000
60.000000000000,60.000000000000,60.000000000000
51.661492737791,54.143550645470,36.999103776732
60.000000000000,0.000000000000,60.000000000000
60.000000000000,60.000000000000,0.000000000000
60.000000000000,60.000000000000,60.000000000000
60.000000000000,60.000000000000,60.000000000000
60.000000000000,60.000000000000,0.000000000000
60.000000000000,60.000000000000,60.000000000000
53.846436887589,28.548328530850,15.419150319999
3.439696056140,53.508377487524,44.210127249890
60.000000000000,60.000000000000,60.000000000000
32.180192063323,44.913329310530,26.437537101170
60.000000000000,60.000000000000,60.000000000000
60.000000000000,60.000000000000,60.000000000000
60.000000000000,60.000000000000,60.000000000000
44.633765187711,49.169401040210,46.185371438503
44.436605791601,37.996540653051,55.671466199917
38.289448141008,38.470805336491,1.858341434081
0.000000000000,60.000000000000,60.000000000000
29.337290616803,12.105393357592,60.000000000000
60.000000000000,60.000000000000,60.000000000000
0.358954029244,15.348299481096,30.003435541554
60.000000000000,60.000000000000,60.000000000000
60.000000000000,60.000000000000,60.000000000000
24.482499710159,3.621134972061,51.524010273210
60.000000000000,60.000000000000,47.497797423675
60.000000000000,60.000000000000,60.000000000000
60.000000000000,60.000000000000,60.000000000000
60.000000000000,60.000000000000,60.000000000000
60.000000000000,60.000000000000,60.000000000000
60.000000000000,60.000000000000,60.000000000000
60.000000000000,60.000000000000,60.000000000000
60.000000000000,60.000000000000,60.000000000000
0.000000000000,60.000000000000,60.000000000000
60.000000000000,60.000000000000,60.000000000000
60.000000000000,60.000000000000,60.000000000000
60.000000000000,60.000000000000,60.000000000000
60.000000000000,60.000000000000,60.000000000000
60.000000000000,60.000000000000,60.000000000000
60.000000000000,60.000000000000,60.000000000000
60.000000000000,60.000000000000,60.000000000000
60.000000000000,60.000000000000,60.000000000000
60.000000000000,60.000000000000,60.000000000000
60.000000000000,60.000000000000,60.000000000000
50.733018593032,27.390579149011,17.400580439644
43.228183042452,1.680164733261,44.588167099350
60.000000000000,60.000000000000,60.000000000000
34.882729676674,44.967182774179,18.224607743912
60.000000000000,60.000000000000,60.000000000000
0.000000000000,60.000000000000,8.002342895282
60.000000000000,60.000000000000,60.000000000000
60.000000000000,60.000000000000,60.000000000000
60.000000000000,60.000000000000,60.000000000000
60.000000000000,60.000000000000,60.000000000000
57.314781386839,51.597222207331,42.341215250600
60.000000000000,60.000000000000,60.000000000000
60.000000000000,60.000000000000,60.000000000000
60.000000000000,60.000000000000,60.000000000000
60.000000000000,60.000000000000,60.000000000000
60.000000000000,60.000000000000,60.000000000000
60.000000000000,60.000000000000,60.000000000000
60.000000000000,60.000000000000,60.000000000000
60.000000000000,60.000000000000,60.000000000000
60.000000000000,60.000000000000,60.000000000000
60.000000000000,60.000000000000,60.000000000000
34.983309020514,26.564616258163,56.093443879198
11.200747581199,20.808830015936,37.032713011990
60.000000000000,60.000000000000,60.000000000000
9.389313750158,19.975110710807,12.205969047542
60.000000000000,60.000000000000,60.000000000000
60.000000000000,60.000000000000,60.000000000000
60.000000000000,60.000000000000,60.000000000000
21.605689227532,39.338915111674,51.238944782307
60.000000000000,60.000000000000,60.000000000000
60.000000000000,60.000000000000,60.000000000000
60.000000000000,60.000000000000,60.000000000000
11.420588131641,6.093105877815,13.568847254137
60.000000000000,60.000000000000,60.000000000000
60.000000000000,60.000000000000,60.000000000000
60.000000000000,60.000000000000,60.000000000000
60.000000000000,60.000000000000,60.000000000000
52.143712212068,51.088882547916,18.250703861268
60.000000000000,60.000000000000,60.000000000000
0.000000000000,60.000000000000,60.000000000000
60.000000000000,60.000000000000,60.000000000000
14.465406825808,50.989508419269,51.587356392569
60.000000000000,60.000000000000,60.000000000000
54.950494151778,44.509299936688,38.681345523688
60.000000000000,60.000000000000,60.000000000000
60.000000000000,60.000000000000,60.000000000000
60.000000000000,60.000000000000,60.000000000000
60.000000000000,60.000000000000,60.000000000000
60.000000000000,60.000000000000,60.000000000000
60.000000000000,60.000000000000,60.000000000000
60.000000000000,60.000000000000,60.000000000000
35.601314584766,39.540588340077,34.768907693178
60.000000000000,0.000000000000,60.000000000000
60.000000000000,60.000000000000,60.000000000000
60.000000000000,60.000000000000,60.000000000000
60.000000000000,60.000000000000,60.000000000000
60.000000000000,60.000000000000,60.000000000000
60.000000000000,60.000000000000,60.000000000000
60.000000000000,60.000000000000,60.000000000000
39.857768633881,10.798091976741,17.381644477141
60.000000000000,60.000000000000,60.000000000000
60.000000000000,0.000000000000,20.539028012988
60.000000000000,60.000000000000,60.000000000000
47.320041829489,57.188008998172,41.753272697904
44.270324465277,27.653101217363,33.393678081361
60.000000000000,60.000000000000,0.000000000000
1.762056262790,60.000000000000,0.000000000000
60.000000000000,60.000000000000,60.000000000000
60.000000000000,60.000000000000,60.000000000000
60.000000000000,60.000000000000,60.000000000000
60.000000000000,60.000000000000,60.000000000000
19.772662451320,12.208476689099,4.913819612253
60.000000000000,60.000000000000,60.000000000000
60.000000000000,60.000000000000,60.000000000000
60.000000000000,60.000000000000,60.000000000000
60.000000000000,60.000000000000,60.000000000000
50.425518458468,7.510823169414,7.885136650084
60.000000000000,60.000000000000,60.000000000000
60.000000000000,60.000000000000,60.000000000000
60.000000000000,60.000000000000,60.000000000000
60.000000000000,60.000000000000,60.000000000000
60.000000000000,60.000000000000,60.000000000000
39.045314711887,31.269062983379,54.190108271271
36.181962267739,15.522615844299,26.789799009475
14.901114328535,44.317174821497,52.568888000864
60.000000000000,60.000000000000,60.000000000000
60.000000000000,60.000000000000,60.000000000000
60.000000000000,60.000000000000,60.000000000000
60.000000000000,60.000000000000,60.000000000000
60.000000000000,60.000000000000,60.000000000000
60.000000000000,60.000000000000,60.000000000000
60.000000000000,60.000000000000,60.000000000000
46.296829593543,34.912799005646,25.194244083732
60.000000000000,60.000000000000,60.000000000000
43.338396453825,9.319874409807,22.592839160913
60.000000000000,60.000000000000,60.000000000000
60.000000000000,60.000000000000,60.000000000000
60.000000000000,60.000000000000,60.000000000000
0.939082062728,41.357937815043,12.891107731294
60.000000000000,60.000000000000,60.000000000000
44.230558558661,25.437192676187,32.500037430137
60.000000000000,60.000000000000,60.000000000000
15.218055931154,11.801547679717,51.028628402100
60.000000000000,60.000000000000,60.000000000000
60.000000000000,60.000000000000,60.000000000000
60.000000000000,40.067866877663,3.678942306068
54.144176437857,27.686577105817,7.856762539972
60.000000000000,60.000000000000,60.000000000000
60.000000000000,60.000000000000,60.000000000000
32.707359094310,27.594561864239,18.166783163188
59.297728172503,40.587113256527,36.931620171676
60.000000000000,5.683406299293,0.000000000000
60.000000000000,60.000000000000,60.000000000000
60.000000000000,0.000000000000,0.000000000000
47.880705078899,24.622529515252,42.741486728515
60.000000000000,60.000000000000,0.000000000000
60.000000000000,60.000000000000,60.000000000000
60.000000000000,60.000000000000,60.000000000000
60.000000000000,60.000000000000,60.000000000000
6.013294864764,15.329687899781,16.919087765242
32.792934565079,49.125644714296,22.078964086970
0.000000000000,60.000000000000,24.690662079774
14.296225005328,38.393110015762,50.109205345441
60.000000000000,60.000000000000,60.000000000000
34.045886725249,3.626317490732,12.116588430527
60.000000000000,60.000000000000,60.000000000000
60.000000000000,60.000000000000,60.000000000000
60.000000000000,60.000000000000,60.000000000000
49.204288268663,36.579631442690,16.031053826926
14.637741662418,14.633302804420,53.755269867418
60.000000000000,60.000000000000,60.000000000000
60.000000000000,60.000000000000,60.000000000000
60.000000000000,60.000000000000,60.000000000000
60.000000000000,60.000000000000,60.000000000000
60.000000000000,60.000000000000,60.000000000000
32.364094135443,48.488453965268,1.078833207561
60.000000000000,3.682013248348,35.056366698828
60.000000000000,60.000000000000,60.000000000000
60.000000000000,0.000000000000,0.000000000000
60.000000000000,60.000000000000,60.000000000000
60.000000000000,60.000000000000,60.000000000000
60.000000000000,60.000000000000,60.000000000000
41.351910289956,59.769423731524,57.359158363531
60.000000000000,60.000000000000,60.000000000000
60.000000000000,60.000000000000,60.000000000000
60.000000000000,60.000000000000,60.000000000000
60.000000000000,60.000000000000,60.000000000000
60.000000000000,60.000000000000,60.000000000000
16.312379728131,46.056643586142,1.630936304765
60.000000000000,60.000000000000,60.000000000000
60.000000000000,60.000000000000,60.000000000000
6.630019005353,36.233133473028,4.133553904438
60.000000000000,60.000000000000,60.000000000000
60.000000000000,60.000000000000,60.000000000000
60.000000000000,60.000000000000,60.000000000000
60.000000000000,60.000000000000,60.000000000000
60.000000000000,60.000000000000,60.000000000000
39.300177043068,25.653848883983,37.287903378293
60.000000000000,60.000000000000,60.000000000000
60.000000000000,60.000000000000,0.000000000000
60.000000000000,60.000000000000,0.000000000000
8.588382193332,46.368604967214,14.446959491912
60.000000000000,60.000000000000,60.000000000000
60.000000000000,60.000000000000,60.000000000000
60.000000000000,60.000000000000,60.000000000000
59.624806806666,33.935282172193,15.957899624540
60.000000000000,60.000000000000,0.000000000000
60.000000000000,60.000000000000,60.000000000000
60.000000000000,60.000000000000,60.000000000000
60.000000000000,60.000000000000,60.000000000000
34.321229050395,37.100174044424,8.913045422450
60.000000000000,60.000000000000,60.000000000000
23.061011025931,41.245857321568,3.763146455675
60.000000000000,60.000000000000,60.000000000000
45.448970437856,8.334224416112,26.566249957593
60.000000000000,60.000000000000,60.000000000000
60.000000000000,60.000000000000,60.000000000000
60.000000000000,60.000000000000,60.000000000000
60.000000000000,60.000000000000,60.000000000000
60.000000000000,60.000000000000,60.000000000000
13.826853550639,46.113468508905,17.050211119355
49.292461799043,20.902325876048,20.974774795397
35.090617364191,47.765724384796,16.212049194646
60.000000000000,60.000000000000,60.000000000000
60.000000000000,60.000000000000,60.000000000000
60.000000000000,60.000000000000,60.000000000000
60.000000000000,60.000000000000,60.000000000000
29.146782472359,10.427350927732,51.182095218584
60.000000000000,60.000000000000,60.000000000000
60.000000000000,60.000000000000,60.000000000000
60.000000000000,60.000000000000,60.000000000000
60.000000000000,60.000000000000,60.000000000000
60.000000000000,60.000000000000,60.000000000000
60.000000000000,60.000000000000,60.000000000000
60.000000000000,60.000000000000,60.000000000000
9.858956782333,19.974251865576,33.526834411250
57.481795869821,49.992777643034,39.714141562159
60.000000000000,60.000000000000,60.000000000000
60.000000000000,60.000000000000,60.000000000000
60.000000000000,60.000000000000,60.000000000000
60.000000000000,60.000000000000,60.000000000000
60.000000000000,60.000000000000,60.000000000000
60.000000000000,60.000000000000,60.000000000000
60.000000000000,60.000000000000,60.000000000000
60.000000000000,60.000000000000,60.000000000000
43.992799109477,30.323831594740,28.384205847455
15.227290333005,17.430309641286,15.848998350903
60.000000000000,60.000000000000,60.000000000000
17.560693362821,55.566445010193,23.517260271217
60.000000000000,60.000000000000,60.000000000000
5.208074679976,20.822555743439,52.464538636298
11.660286393421,26.818278116295,30.840351811677
60.000000000000,60.000000000000,60.000000000000
60.000000000000,60.000000000000,60.000000000000
60.000000000000,60.000000000000,60.000000000000
2.320845447842,45.794064980269,17.196466595715
54.751590907663,26.665790677001,11.983276533607
21.841816292064,0.000000000000,0.000000000000
60.000000000000,60.000000000000,60.000000000000
45.808456353184,7.608391149013,13.983788071195
9.655469736293,2.515270364723,9.388925847716
60.000000000000,60.000000000000,60.000000000000
60.000000000000,60.000000000000,60.000000000000
60.000000000000,60.000000000000,60.000000000000
17.746025288533,19.552038887290,52.382622716336
42.381978814436,34.409194908140,58.101254347943
44.185061685895,60.000000000000,60.000000000000
60.000000000000,60.000000000000,60.000000000000
33.181444218765,26.729738294649,52.221563164420
58.562158794951,54.681288094124,54.931402276722
60.000000000000,60.000000000000,60.000000000000
54.813311492476,40.888700740477,35.847650981871
60.000000000000,60.000000000000,60.000000000000
60.000000000000,60.000000000000,60.000000000000
60.000000000000,60.000000000000,60.000000000000
60.000000000000,60.000000000000,60.000000000000
60.000000000000,60.000000000000,60.000000000000
0.000000000000,34.001329026289,60.000000000000
60.000000000000,60.000000000000,60.000000000000
60.000000000000,60.000000000000,60.000000000000
0.000000000000,60.000000000000,60.000000000000
15.535272676200,49.992916257229,30.248722941317
2.811500856109,29.398621447182,14.568082120884
60.000000000000,60.000000000000,60.000000000000
60.000000000000,60.000000000000,60.000000000000
60.000000000000,60.000000000000,60.000000000000
60.000000000000,60.000000000000,60.000000000000
33.595724056148,41.304679435997,16.034182325569
60.000000000000,60.000000000000,60.000000000000
60.000000000000,60.000000000000,60.000000000000
60.000000000000,60.000000000000,60.000000000000
60.000000000000,60.000000000000,60.000000000000
60.000000000000,60.000000000000,60.000000000000
60.000000000000,60.000000000000,60.000000000000
40.023878732055,26.723259653997,32.550951166003
60.000000000000,60.000000000000,60.000000000000
60.000000000000,60.000000000000,60.000000000000
60.000000000000,60.000000000000,0.000000000000
60.000000000000,60.000000000000,60.000000000000
60.000000000000,60.000000000000,0.000000000000
11.773286746864,55.354612848280,55.376111697497
60.000000000000,60.000000000000,60.000000000000
60.000000000000,60.000000000000,60.000000000000
54.756582906217,26.590536673271,60.000000000000
60.000000000000,60.000000000000,60.000000000000
60.000000000000,60.000000000000,60.000000000000
60.000000000000,60.000000000000,60.000000000000
28.884915189564,2.484698021198,11.570261230551
15.905543651264,31.376305835775,60.000000000000
60.000000000000,60.000000000000,60.000000000000
60.000000000000,60.000000000000,60.000000000000
60.000000000000,60.000000000000,60.000000000000
60.000000000000,60.000000000000,60.000000000000
60.000000000000,60.000000000000,60.000000000000
60.000000000000,60.000000000000,60.000000000000
60.000000000000,60.000000000000,60.000000000000
60.000000000000,60.000000000000,60.000000000000
60.000000000000,60.000000000000,60.000000000000
60.000000000000,60.000000000000,60.000000000000
60.000000000000,17.203132067320,12.967780901705
60.000000000000,60.000000000000,60.000000000000
60.000000000000,60.000000000000,60.000000000000
60.000000000000,60.000000000000,60.000000000000
43.745517715651,47.954344980575,49.982020958845
60.000000000000,60.000000000000,60.000000000000
60.000000000000,60.000000000000,60.000000000000
60.000000000000,60.000000000000,60.000000000000
30.507394378643,8.044890811633,1.684677320396
60.000000000000,60.000000000000,60.000000000000
60.000000000000,60.000000000000,60.000000000000
7.434016852710,20.210423575853,44.658474263577
60.000000000000,60.000000000000,60.000000000000
60.000000000000,60.000000000000,60.000000000000
60.000000000000,60.000000000000,60.000000000000
60.000000000000,60.000000000000,60.000000000000
60.000000000000,60.000000000000,60.000000000000
60.000000000000,60.000000000000,60.000000000000
60.000000000000,60.000000000000,60.000000000000
54.578756073640,32.570723463222,37.478023542293
60.000000000000,60.000000000000,60.000000000000
60.000000000000,60.000000000000,60.000000000000
60.000000000000,60.000000000000,60.000000000000
23.550971865998,45.905085094927,13.321673899655
60.000000000000,60.000000000000,60.000000000000
60.000000000000,60.000000000000,60.000000000000
60.000000000000,60.000000000000,60.000000000000
60.000000000000,60.000000000000,60.000000000000
60.000000000000,60.000000000000,60.000000000000
53.184775959062,0.548666303835,13.330951483809
60.000000000000,60.000000000000,60.000000000000
29.727345570104,13.792033546973,41.044643862475
47.797923302653,32.949547258691,9.560488057766
60.000000000000,60.000000000000,60.000000000000
60.000000000000,60.000000000000,60.000000000000
60.000000000000,60.000000000000,60.000000000000
60.000000000000,60.000000000000,60.000000000000
60.000000000000,60.000000000000,60.000000000000
48.128987456640,60.000000000000,29.783206065390
60.000000000000,60.000000000000,60.000000000000
0.000000000000,60.000000000000,60.000000000000
60.000000000000,60.000000000000,60.000000000000
5.495277792983,18.365990950653,0.000000000000
60.000000000000,60.000000000000,60.000000000000
60.000000000000,60.000000000000,60.000000000000
60.000000000000,60.000000000000,60.000000000000
60.000000000000,60.000000000000,60.000000000000
60.000000000000,60.000000000000,60.000000000000
14.815632680084,21.313418224500,59.843976836085
60.000000000000,60.000000000000,60.000000000000
60.000000000000,60.000000000000,60.000000000000
32.643751855606,20.187678744343,20.793764915538
60.000000000000,60.000000000000,60.000000000000
50.301111522978,56.816875360915,40.439089877734
60.000000000000,60.000000000000,60.000000000000
60.000000000000,60.000000000000,60.000000000000
60.000000000000,60.000000000000,60.000000000000
60.000000000000,60.000000000000,60.000000000000
60.000000000000,60.000000000000,60.000000000000
60.000000000000,60.000000000000,60.000000000000
8.976952217071,55.787804840899,14.582621191753
60.000000000000,60.000000000000,60.000000000000
48.662300729047,12.112159755772,22.680267982256
9.887845758014,43.331795745378,45.412829297128
60.000000000000,60.000000000000,60.000000000000
44.189769243047,27.583073591000,0.871554152276
60.000000000000,60.000000000000,60.000000000000
43.827441009606,23.209639579479,15.435419140090
26.577279726606,3.216535259611,19.744674971578
60.000000000000,60.000000000000,60.000000000000
60.000000000000,60.000000000000,60.000000000000
35.049072336187,1.440782979061,17.737626135976
58.461181800377,44.739723969055,21.191297672699
60.000000000000,60.000000000000,60.000000000000
16.532902861936,10.192559045530,37.627701515491
0.553536963608,4.499771632656,17.440392008668
60.000000000000,60.000000000000,60.000000000000
60.000000000000,60.000000000000,60.000000000000
60.000000000000,60.000000000000,60.000000000000
60.000000000000,60.000000000000,60.000000000000
60.000000000000,60.000000000000,60.000000000000
60.000000000000,60.000000000000,60.000000000000
60.000000000000,60.000000000000,60.000000000000
60.000000000000,60.000000000000,60.000000000000
20.038442410543,31.300661699253,9.258291274649
49.431403073055,7.331023063063,22.085322452941
60.000000000000,60.000000000000,60.000000000000
60.000000000000,60.000000000000,60.000000000000
60.000000000000,60.000000000000,60.000000000000
60.000000000000,60.000000000000,60.000000000000
26.987421051598,0.555294716345,2.014194704315
60.000000000000,60.000000000000,60.000000000000
60.000000000000,60.000000000000,0.000000000000
60.000000000000,60.000000000000,60.000000000000
60.000000000000,60.000000000000,60.000000000000
60.000000000000,60.000000000000,60.000000000000
60.000000000000,60.000000000000,0.000000000000
60.000000000000,60.000000000000,60.000000000000
60.000000000000,60.000000000000,60.000000000000
52.521539597532,30.341918711154,35.487233102330
0.000000000000,60.000000000000,60.000000000000
0.000000000000,60.000000000000,60.000000000000
60.000000000000,60.000000000000,60.000000000000
60.000000000000,60.000000000000,60.000000000000
60.000000000000,60.000000000000,60.000000000000
60.000000000000,60.000000000000,60.000000000000
60.000000000000,60.000000000000,60.000000000000
53.468459375896,15.990439055303,55.791234016376
60.000000000000,60.000000000000,0.000000000000
60.000000000000,60.000000000000,60.000000000000
60.000000000000,60.000000000000,0.000000000000
60.000000000000,60.000000000000,60.000000000000
60.000000000000,60.000000000000,60.000000000000
60.000000000000,60.000000000000,0.000000000000
60.000000000000,60.000000000000,60.000000000000
39.363634096199,60.000000000000,48.559555929117
60.000000000000,60.000000000000,0.000000000000
60.000000000000,60.000000000000,60.000000000000
60.000000000000,60.000000000000,60.000000000000
58.672028081403,0.525449032996,10.285448380544
60.000000000000,60.000000000000,60.000000000000
19.236743024659,2.972140122097,50.161627674076
60.000000000000,60.000000000000,0.000000000000
60.000000000000,60.000000000000,60.000000000000
31.699788984525,58.156443806529,27.651294440501
60.000000000000,60.000000000000,0.000000000000
0.000000000000,60.000000000000,60.000000000000
32.828484034077,37.656869351153,44.446512436784
47.529794558253,57.754295354188,4.523224993272
60.000000000000,60.000000000000,0.000000000000
54.307751697553,34.106883557651,16.171041846159
60.000000000000,60.000000000000,60.000000000000
22.956613955801,34.301342705535,46.001683803189
60.000000000000,60.000000000000,60.000000000000
60.000000000000,60.000000000000,60.000000000000
60.000000000000,60.000000000000,60.000000000000
60.000000000000,60.000000000000,60.000000000000
60.000000000000,60.000000000000,60.000000000000
60.000000000000,60.000000000000,60.000000000000
19.491767216234,8.509650694445,21.636623487052
13.296861435085,6.813461858004,8.033072164943
60.000000000000,60.000000000000,60.000000000000
60.000000000000,60.000000000000,60.000000000000
41.212799756788,5.591784655070,38.694036939546
34.489806311331,0.937224940396,7.083337067158
60.000000000000,60.000000000000,60.000000000000
56.247937404527,3.736245794998,10.080603715001
8.088383139346,54.116953101178,37.037428551566
60.000000000000,60.000000000000,60.000000000000
55.797299741372,24.043811188799,6.371255145711
60.000000000000,60.000000000000,60.000000000000
60.000000000000,60.000000000000,60.000000000000
60.000000000000,60.000000000000,60.000000000000
60.000000000000,60.000000000000,0.000000000000
60.000000000000,60.000000000000,0.000000000000
60.000000000000,60.000000000000,34.295319888187
60.000000000000,60.000000000000,60.000000000000
60.000000000000,60.000000000000,60.000000000000
60.000000000000,60.000000000000,60.000000000000
60.000000000000,60.000000000000,60.000000000000
23.278852257440,14.771766801336,9.972094658519
44.987454505896,55.704579783058,9.945748536129
60.000000000000,60.000000000000,60.000000000000
60.000000000000,60.000000000000,0.000000000000
47.116994608662,58.791523687785,45.170455084561
60.000000000000,60.000000000000,60.000000000000
41.002113610098,55.397895820903,25.217692018143
60.000000000000,60.000000000000,60.000000000000
60.000000000000,60.000000000000,60.000000000000
41.442863232836,60.000000000000,44.703132592287
60.000000000000,60.000000000000,0.000000000000
60.000000000000,60.000000000000,60.000000000000
60.000000000000,60.000000000000,60.000000000000
60.000000000000,60.000000000000,0.000000000000
60.000000000000,60.000000000000,0.000000000000
50.426431676061,30.762225545792,41.825346858886
60.000000000000,60.000000000000,0.000000000000
60.000000000000,60.000000000000,60.000000000000
60.000000000000,60.000000000000,60.000000000000
60.000000000000,60.000000000000,60.000000000000
60.000000000000,60.000000000000,60.000000000000
60.000000000000,60.000000000000,60.000000000000
31.483013482611,22.507997343021,58.000951170404
16.611684601027,50.688984006430,6.162780595070
38.346688106493,60.000000000000,53.792228583255
60.000000000000,60.000000000000,60.000000000000
60.000000000000,60.000000000000,60.000000000000
20.350604914677,51.894350673345,34.166248752712
28.019107953191,7.683392975330,8.121368665933
60.000000000000,60.000000000000,60.000000000000
60.000000000000,60.000000000000,60.000000000000
60.000000000000,60.000000000000,60.000000000000
60.000000000000,60.000000000000,0.000000000000
60.000000000000,60.000000000000,60.000000000000
60.000000000000,60.000000000000,60.000000000000
60.000000000000,60.000000000000,60.000000000000
48.885826147084,59.061945949437,41.041699734584
60.000000000000,60.000000000000,60.000000000000
60.000000000000,60.000000000000,60.000000000000
60.000000000000,60.000000000000,60.000000000000
60.000000000000,60.000000000000,60.000000000000
60.000000000000,60.000000000000,60.000000000000
60.000000000000,60.000000000000,60.000000000000
60.000000000000,60.000000000000,60.000000000000
0.000000000000,60.000000000000,60.000000000000
60.000000000000,60.000000000000,60.000000000000
60.000000000000,60.000000000000,60.000000000000
60.000000000000,60.000000000000,60.000000000000
60.000000000000,60.000000000000,60.000000000000
50.134118016458,56.884131228222,12.062067310560
60.000000000000,60.000000000000,60.000000000000
13.887879762354,21.585450034309,8.293610679637
60.000000000000,60.000000000000,60.000000000000
60.000000000000,60.000000000000,0.000000000000
60.000000000000,60.000000000000,60.000000000000
60.000000000000,60.000000000000,60.000000000000
60.000000000000,60.000000000000,60.000000000000
60.000000000000,60.000000000000,60.000000000000
33.997841103985,10.705860410083,22.081981419010
60.000000000000,60.000000000000,60.000000000000
25.722884425524,34.853553646554,32.116391355114
60.000000000000,60.000000000000,60.000000000000
60.000000000000,60.000000000000,60.000000000000
60.000000000000,60.000000000000,60.000000000000
60.000000000000,60.000000000000,60.000000000000
0.000000000000,60.000000000000,60.000000000000
60.000000000000,60.000000000000,60.000000000000
60.000000000000,60.000000000000,0.000000000000
60.000000000000,60.000000000000,60.000000000000
60.000000000000,60.000000000000,60.000000000000
60.000000000000,60.000000000000,60.000000000000
60.000000000000,60.000000000000,60.000000000000
21.128171491505,51.567604925538,11.107323333209
24.808203764278,3.969335735750,53.782369807414
60.000000000000,60.000000000000,60.000000000000
60.000000000000,60.000000000000,60.000000000000
60.000000000000,60.000000000000,60.000000000000
60.000000000000,60.000000000000,60.000000000000
60.000000000000,60.000000000000,0.000000000000
41.871971422835,44.304022779383,14.514105679122
60.000000000000,60.000000000000,60.000000000000
60.000000000000,60.000000000000,60.000000000000
60.000000000000,60.000000000000,60.000000000000
53.699835955266,27.754045755169,40.106767263350
60.000000000000,60.000000000000,0.000000000000
34.492342651363,32.950356475562,47.556542399604
60.000000000000,60.000000000000,60.000000000000
60.000000000000,60.000000000000,0.000000000000
60.000000000000,60.000000000000,60.000000000000
32.854834358667,60.000000000000,39.371751335625
60.000000000000,60.000000000000,60.000000000000
60.000000000000,60.000000000000,60.000000000000
60.000000000000,60.000000000000,60.000000000000
60.000000000000,60.000000000000,60.000000000000
60.000000000000,60.000000000000,60.000000000000
60.000000000000,60.000000000000,60.000000000000
46.874472863040,28.952446523339,26.094202410853
54.271623235192,24.313596421286,0.290276237836
60.000000000000,60.000000000000,60.000000000000
0.301646990011,57.421946500275,5.449792718191
60.000000000000,60.000000000000,60.000000000000
60.000000000000,60.000000000000,60.000000000000
48.107811580735,38.239538205324,6.442523449694
60.000000000000,60.000000000000,60.000000000000
60.000000000000,60.000000000000,60.000000000000
60.000000000000,60.000000000000,0.000000000000
60.000000000000,60.000000000000,0.000000000000
36.547454771623,53.579194474484,36.984656311401
58.956904423584,47.263657175033,28.801633525510
60.000000000000,60.000000000000,60.000000000000
60.000000000000,60.000000000000,60.000000000000
44.785843560340,60.000000000000,28.479234355347
60.000000000000,60.000000000000,0.000000000000
60.000000000000,60.000000000000,0.000000000000
60.000000000000,60.000000000000,60.000000000000
37.644968199923,34.507752590223,8.924867090285
60.000000000000,60.000000000000,60.000000000000
