x,y,z
42.428945600267,29.937295070350,55.859903415517
60.000000000000,60.000000000000,60.000000000000
60.000000000000,60.000000000000,60.000000000000
60.000000000000,60.000000000000,60.000000000000
17.166508886524,6.197780683209,4.751962300413
60.000000000000,60.000000000000,60.000000000000
0.000000000000,60.000000000000,60.000000000000
14.671388921297,56.793346309177,12.120819751321
60.000000000000,60.000000000000,60.000000000000
60.000000000000,60.000000000000,60.000000000000
60.000000000000,5.270816406101,25.443141362548
60.000000000000,60.000000000000,60.000000000000
29.904408002424,42.683084318574,4.130259945769
49.054395357386,20.610933771197,53.513487721820
47.208377282703,33.850604916944,15.215736585454
60.000000000000,60.000000000000,0.000000000000
60.000000000000,60.000000000000,60.000000000000
60.000000000000,60.000000000000,60.000000000000
60.000000000000,60.000000000000,0.000000000000
29.763306144331,57.851099185978,60.000000000000
60.000000000000,60.000000000000,60.000000000000
60.000000000000,60.000000000000,60.000000000000
51.372011160032,24.386912196387,50.058580093001
5.068954235932,52.021098524149,57.368696966442
10.721586472879,9.887602349141,29.698972403115
60.000000000000,60.000000000000,60.000000000000
60.000000000000,60.000000000000,60.000000000000
60.000000000000,60.000000000000,0.000000000000
0.192327828650,44.725834497542,38.558603315156
60.000000000000,19.068023867146,46.508134711548
1.780805085988,53.782357106229,40.750397675096
60.000000000000,60.000000000000,60.000000000000
50.087346189084,39.302160946597,4.174396586157
60.000000000000,60.000000000000,60.000000000000
60.000000000000,60.000000000000,60.000000000000
60.000000000000,60.000000000000,0.000000000000
60.000000000000,60.000000000000,60.000000000000
10.773563586450,20.741194508091,34.822231097643
60.000000000000,60.000000000000,60.000000000000
60.000000000000,60.000000000000,60.000000000000
21.035426305981,20.148980362191,6.421638515624
60.000000000000,60.000000000000,0.000000000000
60.000000000000,60.000000000000,60.000000000000
48.539041898077,3.409172056123,8.038801468059
60.000000000000,60.000000000000,60.000000000000
11.271001399825,59.230819276947,39.152264653425
56.175839301086,48.108710974681,6.790123695041
57.829214102942,13.799561977248,16.141161111861
56.681009590628,51.706939095692,44.179259807679
60.000000000000,60.000000000000,60.000000000000
6.292389126221,4.274071588141,49.090838947367
60.000000000000,60.000000000000,60.000000000000
36.750679729794,36.925885124097,18.800366031690
9.053033751717,14.732548512739,48.375233251906
40.285104932546,42.889411656771,58.703701068510
60.000000000000,60.000000000000,60.000000000000
60.000000000000,60.000000000000,60.000000000000
0.000000000000,60.000000000000,60.000000000000
60.000000000000,60.000000000000,0.000000000000
47.206737408289,13.182205615410,15.549047871688
60.000000000000,60.000000000000,60.000000000000
60.000000000000,60.000000000000,60.000000000000
60.000000000000,60.000000000000,60.000000000000
60.000000000000,60.000000000000,60.000000000000
28.721210261372,35.937599874622,54.289822831181
0.000000000000,60.000000000000,60.000000000000
60.000000000000,60.000000000000,60.000000000000
60.000000000000,60.000000000000,60.000000000000
46.360392765940,16.330793353400,36.870382137867
60.000000000000,60.000000000000,60.000000000000
60.000000000000,60.000000000000,60.000000000000
60.000000000000,60.000000000000,60.000000000000
60.000000000000,60.000000000000,60.000000000000
60.000000000000,60.000000000000,0.000000000000
31.828245418604,11.040054763740,29.912724856220
60.000000000000,60.000000000000,60.000000000000
60.000000000000,60.000000000000,60.000000000000
60.000000000000,60.000000000000,60.000000000000
60.000000000000,60.000000000000,60.000000000000
60.000000000000,60.000000000000,0.000000000000
60.000000000000,60.000000000000,60.000000000000
11.046349861097,38.487773604986,37.181538605970
16.664251689879,42.290575690067,14.595542086742
60.000000000000,9.512820576939,60.000000000000
22.712054699946,13.883669893069,52.226934604552
60.000000000000,60.000000000000,60.000000000000
60.000000000000,60.000000000000,60.000000000000
60.000000000000,60.000000000000,60.000000000000
55.649366777757,28.106158651612,40.368143026806
60.000000000000,60.000000000000,60.000000000000
60.000000000000,60.000000000000,60.000000000000
60.000000000000,60.000000000000,60.000000000000
60.000000000000,60.000000000000,0.000000000000
33.291519714435,7.528765549545,41.329254732862
21.911428231194,14.984359971514,5.772422217325
60.000000000000,60.000000000000,0.000000000000
60.000000000000,60.000000000000,60.000000000000
60.000000000000,60.000000000000,60.000000000000
57.182173573345,9.957853039122,6.588791935457
60.000000000000,60.000000000000,60.000000000000
60.000000000000,60.000000000000,60.000000000000
60.000000000000,60.000000000000,60.000000000000
60.000000000000,60.000000000000,60.000000000000
60.000000000000,60.000000000000,60.000000000000
60.000000000000,60.000000000000,60.000000000000
60.000000000000,60.000000000000,60.000000000000
60.000000000000,60.000000000000,60.000000000000
60.000000000000,60.000000000000,60.000000000000
60.000000000000,26.617827373123,28.417316293091
60.000000000000,60.000000000000,60.000000000000
60.000000000000,60.000000000000,60.000000000000
60.000000000000,60.000000000000,60.000000000000
60.000000000000,60.000000000000,60.000000000000
60.000000000000,60.000000000000,60.000000000000
60.000000000000,60.000000000000,60.000000000000
60.000000000000,60.000000000000,0.000000000000
60.000000000000,60.000000000000,0.000000000000
60.000000000000,60.000000000000,60.000000000000
53.317001531290,48.284549837192,25.135590024667
0.801607166846,37.677780499513,18.451719014770
60.000000000000,60.000000000000,0.000000000000
60.000000000000,60.000000000000,60.000000000000
60.000000000000,60.000000000000,60.000000000000
15.108502369643,31.505324559617,33.774161357693
60.000000000000,60.000000000000,60.000000000000
60.000000000000,60.000000000000,60.000000000000
44.033983102510,39.828678891384,37.144392635993
60.000000000000,60.000000000000,60.000000000000
52.634467289697,59.780241829393,41.369735912924
60.000000000000,60.000000000000,60.000000000000
60.000000000000,60.000000000000,60.000000000000
30.318247258749,12.951505236928,23.657656435290
60.000000000000,60.000000000000,60.000000000000
37.891670270151,49.901401462453,41.563558408929
60.000000000000,60.000000000000,60.000000000000
60.000000000000,60.000000000000,60.000000000000
60.000000000000,60.000000000000,60.000000000000
0.000000000000,60.000000000000,60.000000000000
60.000000000000,60.000000000000,60.000000000000
60.000000000000,60.000000000000,0.000000000000
60.000000000000,60.000000000000,60.000000000000
60.000000000000,60.000000000000,60.000000000000
60.000000000000,60.000000000000,60.000000000000
4.358937042314,14.994220824635,52.795886012536
60.000000000000,60.000000000000,60.000000000000
12.900534429316,54.806538229486,6.574068383603
39.445815863278,11.973400216678,14.705046619325
60.000000000000,60.000000000000,60.000000000000
60.000000000000,60.000000000000,60.000000000000
60.000000000000,60.000000000000,60.000000000000
57.117111345163,3.590443801191,56.676481115208
60.000000000000,60.000000000000,60.000000000000
60.000000000000,60.000000000000,60.000000000000
60.000000000000,60.000000000000,60.000000000000
60.000000000000,60.000000000000,60.000000000000
60.000000000000,60.000000000000,60.000000000000
60.000000000000,60.000000000000,60.000000000000
60.000000000000,60.000000000000,0.000000000000
24.339824941902,55.773875537346,54.130513527553
60.000000000000,60.000000000000,0.000000000000
60.000000000000,60.000000000000,60.000000000000
60.000000000000,60.000000000000,0.000000000000
0.000000000000,60.000000000000,60.000000000000
60.000000000000,60.000000000000,60.000000000000
60.000000000000,60.000000000000,60.000000000000
60.000000000000,60.000000000000,0.000000000000
60.000000000000,60.000000000000,60.000000000000
60.000000000000,60.000000000000,60.000000000000
9.766462390897,0.177259179069,57.453823474617
60.000000000000,60.000000000000,60.000000000000
60.000000000000,60.000000000000,0.000000000000
52.965974717203,1.747854232173,4.643086914985
60.000000000000,60.000000000000,60.000000000000
60.000000000000,60.000000000000,60.000000000000
47.379762604946,10.622787610562,45.823971861312
60.000000000000,60.000000000000,0.000000000000
60.000000000000,60.000000000000,60.000000000000
60.000000000000,60.000000000000,60.000000000000
60.000000000000,60.000000000000,60.000000000000
60.000000000000,60.000000000000,60.000000000000
60.000000000000,60.000000000000,60.000000000000
60.000000000000,60.000000000000,60.000000000000
60.000000000000,60.000000000000,60.000000000000
60.000000000000,60.000000000000,60.000000000000
60.000000000000,60.000000000000,60.000000000000
17.441503852658,0.000000000000,60.000000000000
60.000000000000,60.000000000000,60.000000000000
60.000000000000,60.000000000000,0.000000000000
60.000000000000,60.000000000000,60.000000000000
60.000000000000,60.000000000000,60.000000000000
60.000000000000,60.000000000000,60.000000000000
60.000000000000,60.000000000000,60.000000000000
23.965689201714,12.162033535959,47.959390873813
60.000000000000,60.000000000000,60.000000000000
60.000000000000,60.000000000000,60.000000000000
57.714644508539,31.728696807916,38.312125872309
4.837621533555,14.848786907321,43.480934566503
60.000000000000,60.000000000000,60.000000000000
60.000000000000,60.000000000000,60.000000000000
60.000000000000,60.000000000000,60.000000000000
60.000000000000,60.000000000000,60.000000000000
0.000000000000,60.000000000000,60.000000000000
60.000000000000,60.000000000000,60.000000000000
60.000000000000,60.000000000000,0.000000000000
60.000000000000,60.000000000000,60.000000000000
60.000000000000,60.000000000000,60.000000000000
60.000000000000,60.000000000000,60.000000000000
60.000000000000,60.000000000000,60.000000000000
60.000000000000,60.000000000000,60.000000000000
16.388949939771,22.048431927208,14.058745994569
60.000000000000,60.000000000000,60.000000000000
60.000000000000,60.000000000000,60.000000000000
7.878459265443,5.921492057482,41.376348111746
60.000000000000,60.000000000000,60.000000000000
60.000000000000,0.000000000000,19.119107912602
60.000000000000,60.000000000000,60.000000000000
18.868883816635,20.447183492183,56.997139027244
60.000000000000,60.000000000000,60.000000000000
54.563914386420,28.792024346318,38.664230738023
60.000000000000,60.000000000000,60.000000000000
60.000000000000,60.000000000000,0.000000000000
59.530240406374,23.211780617812,38.367864476727
37.106026614548,9.984721877260,44.801710635993
60.000000000000,60.000000000000,60.000000000000
60.000000000000,60.000000000000,60.000000000000
37.113386564419,27.689343690783,59.194065322071
60.000000000000,60.000000000000,60.000000000000
60.000000000000,60.000000000000,60.000000000000
60.000000000000,60.000000000000,60.000000000000
60.000000000000,60.000000000000,60.000000000000
60.000000000000,60.000000000000,60.000000000000
60.000000000000,60.000000000000,60.000000000000
60.000000000000,0.000000000000,0.000000000000
60.000000000000,60.000000000000,60.000000000000
60.000000000000,60.000000000000,60.000000000000
60.000000000000,60.000000000000,60.000000000000
60.000000000000,60.000000000000,60.000000000000
60.000000000000,60.000000000000,60.000000000000
60.000000000000,0.000000000000,60.000000000000
60.000000000000,60.000000000000,60.000000000000
60.000000000000,60.000000000000,60.000000000000
52.342702827233,53.090513226238,2.239778444856
60.000000000000,60.000000000000,60.000000000000
60.000000000000,60.000000000000,60.000000000000
4.924981254453,59.909419078568,15.941313316711
60.000000000000,60.000000000000,60.000000000000
60.000000000000,60.000000000000,60.000000000000
60.000000000000,60.000000000000,0.000000000000
0.000000000000,60.000000000000,60.000000000000
60.000000000000,60.000000000000,60.000000000000
60.000000000000,60.000000000000,60.000000000000
1.386976811025,4.747656930031,12.413904158112
36.982586655977,8.510673839176,1.673065929482
60.000000000000,60.000000000000,60.000000000000
12.618591846274,56.497223199459,35.802753242706
60.000000000000,60.000000000000,60.000000000000
27.702517011934,13.420931166259,27.926184447087
36.978731834939,29.907632278849,35.736473309438
6.500554877382,25.084945696646,16.572301993726
60.000000000000,60.000000000000,60.000000000000
60.000000000000,60.000000000000,60.000000000000
60.000000000000,60.000000000000,0.000000000000
60.000000000000,60.000000000000,60.000000000000
60.000000000000,60.000000000000,60.000000000000
60.000000000000,60.000000000000,60.000000000000
60.000000000000,60.000000000000,60.000000000000
60.000000000000,60.000000000000,60.000000000000
60.000000000000,60.000000000000,60.000000000000
60.000000000000,60.000000000000,60.000000000000
60.000000000000,60.000000000000,60.000000000000
60.000000000000,60.000000000000,0.000000000000
46.551658160409,57.461737209068,45.286834284019
60.000000000000,60.000000000000,0.000000000000
10.624221889980,38.222438785385,18.889537527210
22.106087811823,15.014664028110,57.537573129944
60.000000000000,60.000000000000,60.000000000000
6.320406216164,15.135380735267,14.756133966755
60.000000000000,60.000000000000,60.000000000000
6.159056244735,48.477655766125,47.612588815160
60.000000000000,60.000000000000,60.000000000000
60.000000000000,60.000000000000,60.000000000000
13.535418798543,48.523802096821,32.421296198825
60.000000000000,60.000000000000,60.000000000000
20.009073984780,55.486115390136,37.912167005020
0.000000000000,60.000000000000,60.000000000000
60.000000000000,60.000000000000,60.000000000000
11.820222097687,54.109523823189,45.273047685669
39.326388415923,55.878694748967,20.132500684750
60.000000000000,60.000000000000,0.000000000000
60.000000000000,60.000000000000,60.000000000000
60.000000000000,60.000000000000,60.000000000000
60.000000000000,60.000000000000,0.000000000000
60.000000000000,60.000000000000,60.000000000000
60.000000000000,60.000000000000,0.000000000000
60.000000000000,60.000000000000,60.000000000000
60.000000000000,60.000000000000,60.000000000000
60.000000000000,60.000000000000,60.000000000000
60.000000000000,60.000000000000,0.000000000000
60.000000000000,39.923543116390,60.000000000000
60.000000000000,60.000000000000,60.000000000000
60.000000000000,60.000000000000,60.000000000000
8.499409251060,52.859953998084,58.194135356177
60.000000000000,60.000000000000,60.000000000000
60.000000000000,60.000000000000,60.000000000000
60.000000000000,60.000000000000,60.000000000000
60.000000000000,60.000000000000,60.000000000000
60.000000000000,60.000000000000,60.000000000000
60.000000000000,60.000000000000,60.000000000000
60.000000000000,60.000000000000,60.000000000000
60.000000000000,60.000000000000,60.000000000000
60.000000000000,60.000000000000,60.000000000000
60.000000000000,60.000000000000,60.000000000000
60.000000000000,60.000000000000,60.000000000000
60.000000000000,60.000000000000,0.000000000000
60.000000000000,60.000000000000,60.000000000000
60.000000000000,60.000000000000,60.000000000000
60.000000000000,60.000000000000,60.000000000000
60.000000000000,60.000000000000,60.000000000000
60.000000000000,60.000000000000,0.000000000000
60.000000000000,60.000000000000,0.000000000000
0.291719901169,51.441611725125,0.568146974791
60.000000000000,60.000000000000,60.000000000000
60.000000000000,60.000000000000,0.000000000000
60.000000000000,60.000000000000,0.000000000000
0.000000000000,60.000000000000,60.000000000000
60.000000000000,60.000000000000,60.000000000000
60.000000000000,60.000000000000,60.000000000000
60.000000000000,60.000000000000,0.000000000000
60.000000000000,60.000000000000,60.000000000000
60.000000000000,60.000000000000,0.000000000000
0.126216758355,5.710632136939,38.009442716409
49.036591983184,39.406015483791,60.000000000000
60.000000000000,60.000000000000,60.000000000000
60.000000000000,60.000000000000,0.000000000000
38.610479188194,24.004674639078,35.482379651782
60.000000000000,60.000000000000,60.000000000000
45.512892747529,33.487525555737,25.300273442119
60.000000000000,60.000000000000,60.000000000000
60.000000000000,60.000000000000,60.000000000000
60.000000000000,60.000000000000,60.000000000000
60.000000000000,60.000000000000,60.000000000000
60.000000000000,60.000000000000,60.000000000000
60.000000000000,60.000000000000,60.000000000000
60.000000000000,60.000000000000,60.000000000000
60.000000000000,60.000000000000,60.000000000000
60.000000000000,60.000000000000,0.000000000000
60.000000000000,60.000000000000,60.000000000000
60.000000000000,60.000000000000,0.000000000000
32.607875814255,47.241132955602,39.473464531315
60.000000000000,60.000000000000,0.000000000000
60.000000000000,60.000000000000,60.000000000000
60.000000000000,60.000000000000,0.000000000000
60.000000000000,60.000000000000,60.000000000000
31.914591016428,37.166109743173,19.233262732267
60.000000000000,60.000000000000,60.000000000000
60.000000000000,60.000000000000,60.000000000000
60.000000000000,60.000000000000,60.000000000000
60.000000000000,60.000000000000,60.000000000000
60.000000000000,60.000000000000,60.000000000000
60.000000000000,0.000000000000,60.000000000000
60.000000000000,60.000000000000,60.000000000000
60.000000000000,60.000000000000,60.000000000000
60.000000000000,60.000000000000,60.000000000000
60.000000000000,60.000000000000,60.000000000000
60.000000000000,60.000000000000,60.000000000000
60.000000000000,60.000000000000,60.000000000000
60.000000000000,60.000000000000,60.000000000000
60.000000000000,60.000000000000,60.000000000000
60.000000000000,60.000000000000,60.000000000000
38.446491607613,47.484675699947,5.045384902054
60.000000000000,60.000000000000,60.000000000000
60.000000000000,60.000000000000,60.000000000000
60.000000000000,60.000000000000,60.000000000000
60.000000000000,60.000000000000,60.000000000000
60.000000000000,60.000000000000,60.000000000000
60.000000000000,60.000000000000,60.000000000000
60.000000000000,60.000000000000,60.000000000000
60.000000000000,60.000000000000,60.000000000000
42.357103064255,55.166253591718,43.159614843754
60.000000000000,60.000000000000,60.000000000000
60.000000000000,60.000000000000,60.000000000000
5.072769007304,37.950311425142,44.816968728115
51.315582508756,44.063199968538,44.023205728940
60.000000000000,60.000000000000,60.000000000000
60.000000000000,60.000000000000,60.000000000000
60.000000000000,60.000000000000,60.000000000000
60.000000000000,60.000000000000,60.000000000000
60.000000000000,60.000000000000,60.000000000000
41.575672577803,35.232592360439,42.257199565239
0.000000000000,56.234761093856,60.000000000000
60.000000000000,60.000000000000,60.000000000000
60.000000000000,60.000000000000,0.000000000000
0.902981721582,36.167114992413,31.418288390963
2.976426415620,15.200510586895,19.809534632246
60.000000000000,60.000000000000,60.000000000000
24.116005595553,24.894655864001,22.411018868271
60.000000000000,60.000000000000,60.000000000000
23.130973042608,60.000000000000,48.719422588012
60.000000000000,60.000000000000,60.000000000000
60.000000000000,0.000000000000,60.000000000000
60.000000000000,60.000000000000,60.000000000000
30.424377625510,60.000000000000,1.308223610599
60.000000000000,60.000000000000,60.000000000000
60.000000000000,60.000000000000,60.000000000000
22.909694009177,27.287493588856,4.989640967761
58.927188379899,41.184550470949,7.904600260471
51.522465733002,5.397782383472,34.258988190237
60.000000000000,60.000000000000,60.000000000000
60.000000000000,60.000000000000,60.000000000000
60.000000000000,60.000000000000,60.000000000000
60.000000000000,60.000000000000,60.000000000000
0.852548526665,50.154842471955,41.099950213943
60.000000000000,60.000000000000,0.000000000000
0.000000000000,0.000000000000,0.000000000000
37.258535534077,40.145282113378,35.341296684791
60.000000000000,60.000000000000,60.000000000000
26.372904659489,31.247743024584,26.985740111621
60.000000000000,60.000000000000,60.000000000000
29.405437920197,10.698912816465,50.995922385717
60.000000000000,60.000000000000,0.000000000000
49.908384294925,57.320920428317,11.376287288681
60.000000000000,60.000000000000,60.000000000000
60.000000000000,60.000000000000,60.000000000000
18.788853907396,17.842391981318,34.176067065107
6.500979255908,5.644061917489,20.088441021467
60.000000000000,60.000000000000,0.000000000000
60.000000000000,60.000000000000,60.000000000000
8.890916633636,45.681075342661,31.728708163259
60.000000000000,60.000000000000,60.000000000000
60.000000000000,60.000000000000,60.000000000000
60.000000000000,60.000000000000,60.000000000000
12.892480911669,47.962877952864,36.144753902813
60.000000000000,60.000000000000,60.000000000000
43.902939169589,11.535788225266,24.944676995202
60.000000000000,60.000000000000,60.000000000000
60.000000000000,60.000000000000,0.000000000000
60.000000000000,60.000000000000,60.000000000000
60.000000000000,60.000000000000,0.000000000000
60.000000000000,60.000000000000,60.000000000000
28.435652021603,39.141951547069,21.911061156920
0.000000000000,60.000000000000,60.000000000000
60.000000000000,60.000000000000,60.000000000000
60.000000000000,60.000000000000,60.000000000000
60.000000000000,60.000000000000,60.000000000000
60.000000000000,60.000000000000,60.000000000000
60.000000000000,60.000000000000,60.000000000000
45.558142921658,54.364310908935,54.896994755978
0.000000000000,0.000000000000,0.000000000000
60.000000000000,60.000000000000,60.000000000000
60.000000000000,60.000000000000,60.000000000000
60.000000000000,60.000000000000,60.000000000000
50.069271039260,57.965354573113,57.810662335115
60.000000000000,60.000000000000,60.000000000000
23.827613747625,60.000000000000,33.889402268477
60.000000000000,60.000000000000,60.000000000000
60.000000000000,60.000000000000,60.000000000000
60.000000000000,60.000000000000,60.000000000000
60.000000000000,60.000000000000,60.000000000000
60.000000000000,28.249453755105,60.000000000000
60.000000000000,60.000000000000,60.000000000000
60.000000000000,60.000000000000,60.000000000000
60.000000000000,60.000000000000,60.000000000000
60.000000000000,60.000000000000,60.000000000000
60.000000000000,60.000000000000,60.000000000000
60.000000000000,60.000000000000,0.000000000000
60.000000000000,60.000000000000,60.000000000000
60.000000000000,60.000000000000,60.000000000000
27.492373779331,24.651697625845,43.285721971985
0.000000000000,60.000000000000,60.000000000000
60.000000000000,60.000000000000,0.000000000000
60.000000000000,60.000000000000,60.000000000000
60.000000000000,60.000000000000,60.000000000000
60.000000000000,60.000000000000,60.000000000000
60.000000000000,60.000000000000,60.000000000000
60.000000000000,60.000000000000,60.000000000000
60.000000000000,60.000000000000,60.000000000000
60.000000000000,60.000000000000,60.000000000000
60.000000000000,60.000000000000,60.000000000000
60.000000000000,60.000000000000,60.000000000000
26.939325214598,20.153903596593,1.797842852324
60.000000000000,60.000000000000,60.000000000000
60.000000000000,60.000000000000,60.000000000000
60.000000000000,60.000000000000,60.000000000000
60.000000000000,60.000000000000,60.000000000000
60.000000000000,60.000000000000,60.000000000000
60.000000000000,60.000000000000,60.000000000000
16.267709102603,55.827480298607,1.848072409737
60.000000000000,60.000000000000,0.000000000000
60.000000000000,60.000000000000,60.000000000000
0.000000000000,56.397476901451,60.000000000000
31.277612638084,11.334336984869,20.358670567560
60.000000000000,60.000000000000,60.000000000000
60.000000000000,60.000000000000,0.000000000000
60.000000000000,60.000000000000,60.000000000000
33.935440070597,50.089587653084,55.455578450289
20.886301649133,47.142686632913,8.325487145664
60.000000000000,60.000000000000,0.000000000000
60.000000000000,60.000000000000,60.000000000000
60.000000000000,60.000000000000,60.000000000000
60.000000000000,60.000000000000,60.000000000000
16.986708429610,21.287151872285,40.382084060380
60.000000000000,60.000000000000,60.000000000000
60.000000000000,60.000000000000,0.000000000000
60.000000000000,60.000000000000,60.000000000000
60.000000000000,60.000000000000,60.000000000000
60.000000000000,60.000000000000,60.000000000000
60.000000000000,60.000000000000,60.000000000000
60.000000000000,60.000000000000,0.000000000000
60.000000000000,60.000000000000,60.000000000000
60.000000000000,60.000000000000,0.000000000000
60.000000000000,60.000000000000,60.000000000000
60.000000000000,60.000000000000,60.000000000000
7.004964666904,1.737932178380,0.000000000000
60.000000000000,60.000000000000,60.000000000000
7.513827131428,36.956392099796,45.865869818119
60.000000000000,60.000000000000,60.000000000000
60.000000000000,60.000000000000,60.000000000000
60.000000000000,60.000000000000,60.000000000000
55.277314328294,59.086346274257,23.657065838554
60.000000000000,60.000000000000,60.000000000000
0.000000000000,60.000000000000,60.000000000000
60.000000000000,60.000000000000,60.000000000000
2.209198437567,37.893657181761,32.248281930584
60.000000000000,60.000000000000,60.000000000000
48.703344804224,20.972896665191,60.000000000000
27.653034896638,52.829325379704,57.220431269350
60.000000000000,60.000000000000,60.000000000000
37.053764123133,23.977215178810,32.936199396279
60.000000000000,60.000000000000,60.000000000000
60.000000000000,60.000000000000,60.000000000000
60.000000000000,60.000000000000,60.000000000000
60.000000000000,60.000000000000,60.000000000000
14.889084550459,39.603188997510,6.097808624107
60.000000000000,60.000000000000,60.000000000000
60.000000000000,60.000000000000,60.000000000000
60.000000000000,60.000000000000,60.000000000000
60.000000000000,60.000000000000,60.000000000000
60.000000000000,60.000000000000,60.000000000000
23.094158600689,46.531112910525,60.000000000000
60.000000000000,60.000000000000,60.000000000000
20.806992357292,60.000000000000,22.696449983970
60.000000000000,60.000000000000,0.000000000000
60.000000000000,60.000000000000,0.000000000000
60.000000000000,60.000000000000,60.000000000000
60.000000000000,60.000000000000,60.000000000000
60.000000000000,60.000000000000,60.000000000000
45.297587887371,12.181923564133,40.628465445128
60.000000000000,60.000000000000,60.000000000000
12.524110287890,60.000000000000,33.218418758072
60.000000000000,60.000000000000,60.000000000000
60.000000000000,60.000000000000,60.000000000000
60.000000000000,60.000000000000,60.000000000000
60.000000000000,60.000000000000,60.000000000000
60.000000000000,60.000000000000,60.000000000000
60.000000000000,60.000000000000,60.000000000000
60.000000000000,60.000000000000,60.000000000000
60.000000000000,60.000000000000,60.000000000000
60.000000000000,60.000000000000,60.000000000000
60.000000000000,60.000000000000,60.000000000000
18.466383905727,60.000000000000,21.666874477642
60.000000000000,60.000000000000,60.000000000000
21.766774120973,48.565721485838,36.101529347621
12.024109850548,59.676104280219,32.631939646699
60.000000000000,60.000000000000,0.000000000000
60.000000000000,60.000000000000,60.000000000000
60.000000000000,60.000000000000,0.000000000000
22.166625629453,16.111217590087,36.590259995543
60.000000000000,60.000000000000,60.000000000000
53.370651080795,7.107528630343,45.885673400542
60.000000000000,60.000000000000,0.000000000000
60.000000000000,60.000000000000,60.000000000000
60.000000000000,60.000000000000,60.000000000000
60.000000000000,60.000000000000,60.000000000000
60.000000000000,60.000000000000,60.000000000000
5.746197004139,22.517198895801,26.528947274909
29.590622689813,38.975033101215,27.430293556864
54.403107552596,29.499650221258,57.350920848179
60.000000000000,60.000000000000,60.000000000000
60.000000000000,60.000000000000,0.000000000000
50.339950989806,53.154618140387,33.451608988010
60.000000000000,60.000000000000,60.000000000000
60.000000000000,60.000000000000,60.000000000000
60.000000000000,60.000000000000,60.000000000000
60.000000000000,60.000000000000,60.000000000000
4.250373564749,40.848486984708,13.994319807613
60.000000000000,60.000000000000,60.000000000000
60.000000000000,60.000000000000,60.000000000000
21.456416459941,60.000000000000,12.359967694072
60.000000000000,60.000000000000,60.000000000000
60.000000000000,60.000000000000,0.000000000000
32.231385971749,48.865746032618,5.592326706413
60.000000000000,60.000000000000,0.000000000000
60.000000000000,60.000000000000,60.000000000000
60.000000000000,60.000000000000,60.000000000000
60.000000000000,60.000000000000,60.000000000000
60.000000000000,60.000000000000,60.000000000000
60.000000000000,60.000000000000,60.000000000000
60.000000000000,60.000000000000,60.000000000000
60.000000000000,60.000000000000,60.000000000000
60.000000000000,60.000000000000,60.000000000000
60.000000000000,60.000000000000,0.000000000000
60.000000000000,60.000000000000,60.000000000000
60.000000000000,60.000000000000,60.000000000000
60.000000000000,60.000000000000,0.000000000000
60.000000000000,0.000000000000,60.000000000000
60.000000000000,60.000000000000,60.000000000000
49.479296938710,13.415876870640,21.124870792429
60.000000000000,60.000000000000,0.000000000000
60.000000000000,60.000000000000,60.000000000000
38.295730904072,15.714863787943,36.355087546881
60.000000000000,60.000000000000,60.000000000000
60.000000000000,60.000000000000,60.000000000000
60.000000000000,60.000000000000,60.000000000000
60.000000000000,60.000000000000,60.000000000000
60.000000000000,60.000000000000,60.000000000000
60.000000000000,60.000000000000,60.000000000000
60.000000000000,60.000000000000,60.000000000000
60.000000000000,60.000000000000,60.000000000000
60.000000000000,60.000000000000,60.000000000000
0.000000000000,60.000000000000,30.670184928790
60.000000000000,60.000000000000,60.000000000000
60.000000000000,0.000000000000,0.000000000000
60.000000000000,60.000000000000,60.000000000000
60.000000000000,60.000000000000,60.000000000000
60.000000000000,60.000000000000,60.000000000000
60.000000000000,60.000000000000,60.000000000000
60.000000000000,60.000000000000,60.000000000000
60.000000000000,60.000000000000,60.000000000000
60.000000000000,60.000000000000,60.000000000000
60.000000000000,60.000000000000,60.000000000000
60.000000000000,60.000000000000,60.000000000000
19.191347717490,35.478068051751,60.000000000000
47.076431422054,16.637272164019,14.828720550724
60.000000000000,60.000000000000,60.000000000000
60.000000000000,60.000000000000,60.000000000000
60.000000000000,60.000000000000,60.000000000000
60.000000000000,60.000000000000,60.000000000000
60.000000000000,60.000000000000,0.000000000000
60.000000000000,60.000000000000,60.000000000000
60.000000000000,60.000000000000,60.000000000000
8.382845010225,5.849575911506,1.350489002506
60.000000000000,60.000000000000,60.000000000000
60.000000000000,60.000000000000,60.000000000000
60.000000000000,60.000000000000,60.000000000000
60.000000000000,60.000000000000,60.000000000000
60.000000000000,60.000000000000,60.000000000000
60.000000000000,60.000000000000,60.000000000000
10.703120411424,14.582903147894,39.294548159330
60.000000000000,60.000000000000,60.000000000000
60.000000000000,60.000000000000,60.000000000000
60.000000000000,60.000000000000,60.000000000000
60.000000000000,60.000000000000,60.000000000000
60.000000000000,60.000000000000,60.000000000000
11.482147153231,59.220469062117,6.860259100003
60.000000000000,60.000000000000,60.000000000000
60.000000000000,60.000000000000,60.000000000000
60.000000000000,60.000000000000,60.000000000000
60.000000000000,60.000000000000,60.000000000000
60.000000000000,60.000000000000,60.000000000000
60.000000000000,60.000000000000,60.000000000000
60.000000000000,60.000000000000,60.000000000000
8.195386943788,13.543175035297,37.473164718355
17.560042592681,9.292167918267,19.394308389257
60.000000000000,52.088897385942,28.806621011234
48.542647879046,47.612408681224,33.513397665190
60.000000000000,60.000000000000,60.000000000000
60.000000000000,60.000000000000,60.000000000000
60.000000000000,60.000000000000,0.000000000000
21.285155699337,3.155736280492,19.928530176302
60.000000000000,60.000000000000,60.000000000000
60.000000000000,60.000000000000,60.000000000000
2.582536116555,60.000000000000,35.175308600118
60.000000000000,60.000000000000,60.000000000000
60.000000000000,60.000000000000,60.000000000000
60.000000000000,60.000000000000,60.000000000000
60.000000000000,60.000000000000,60.000000000000
60.000000000000,60.000000000000,60.000000000000
60.000000000000,60.000000000000,60.000000000000
60.000000000000,60.000000000000,60.000000000000
60.000000000000,60.000000000000,60.000000000000
60.000000000000,60.000000000000,60.000000000000
60.000000000000,60.000000000000,60.000000000000
60.000000000000,60.000000000000,60.000000000000
60.000000000000,60.000000000000,60.000000000000
48.884457284893,12.724375551590,30.671355153226
17.363176575629,9.188990737173,48.279795378326
60.000000000000,60.000000000000,60.000000000000
60.000000000000,60.000000000000,60.000000000000
60.000000000000,60.000000000000,60.000000000000
60.000000000000,60.000000000000,60.000000000000
60.000000000000,60.000000000000,60.000000000000
60.000000000000,60.000000000000,60.000000000000
50.960553144852,52.778707622563,20.156169199125
60.000000000000,60.000000000000,60.000000000000
52.176666094829,18.482433169970,18.467161571983
60.000000000000,60.000000000000,60.000000000000
60.000000000000,60.000000000000,60.000000000000
60.000000000000,60.000000000000,60.000000000000
60.000000000000,60.000000000000,60.000000000000
60.000000000000,60.000000000000,60.000000000000
15.638242599165,40.748876322309,33.050310386609
60.000000000000,60.000000000000,0.000000000000
60.000000000000,60.000000000000,60.000000000000
30.680848798670,53.948545986367,41.168627956814
60.000000000000,60.000000000000,60.000000000000
60.000000000000,60.000000000000,60.000000000000
60.000000000000,60.000000000000,60.000000000000
18.792755118922,10.537498449415,57.171881556699
32.823183982230,55.417044367916,17.138916332574
60.000000000000,60.000000000000,60.000000000000
18.836130792687,30.723297132211,49.950087090626
60.000000000000,60.000000000000,60.000000000000
60.000000000000,60.000000000000,60.000000000000
60.000000000000,60.000000000000,60.000000000000
59.128286787820,43.961943673656,43.708118495485
60.000000000000,60.000000000000,60.000000000000
41.926580090988,19.879595407576,16.732753572138
60.000000000000,60.000000000000,60.000000000000
60.000000000000,60.000000000000,60.000000000000
60.000000000000,60.000000000000,60.000000000000
60.000000000000,60.000000000000,60.000000000000
60.000000000000,60.000000000000,60.000000000000
60.000000000000,60.000000000000,60.000000000000
60.000000000000,60.000000000000,60.000000000000
60.000000000000,60.000000000000,60.000000000000
60.000000000000,60.000000000000,60.000000000000
60.000000000000,60.000000000000,60.000000000000
60.000000000000,60.000000000000,60.000000000000
48.509024253871,60.000000000000,60.000000000000
60.000000000000,60.000000000000,60.000000000000
60.000000000000,60.000000000000,60.000000000000
60.000000000000,60.000000000000,60.000000000000
60.000000000000,60.000000000000,60.000000000000
4.697619768347,43.586003514086,44.369287067326
60.000000000000,60.000000000000,60.000000000000
60.000000000000,60.000000000000,60.000000000000
0.919453215620,10.027148240247,16.218030988839
33.711992379097,51.798468968240,53.117981851220
60.000000000000,60.000000000000,60.000000000000
60.000000000000,60.000000000000,60.000000000000
60.000000000000,60.000000000000,60.000000000000
60.000000000000,60.000000000000,60.000000000000
60.000000000000,60.000000000000,60.000000000000
52.225580549717,21.842973662140,4.742525852525
11.055209366317,1.578712037170,60.000000000000
60.000000000000,60.000000000000,60.000000000000
60.000000000000,60.000000000000,60.000000000000
60.000000000000,60.000000000000,60.000000000000
60.000000000000,60.000000000000,60.000000000000
60.000000000000,60.000000000000,60.000000000000
60.000000000000,60.000000000000,60.000000000000
60.000000000000,60.000000000000,60.000000000000
60.000000000000,60.000000000000,60.000000000000
60.000000000000,32.634379677607,54.699752809568
52.301067881225,11.392751543895,23.409317518515
60.000000000000,60.000000000000,60.000000000000
56.000000000000,57.536960479332,60.000000000000
60.000000000000,60.000000000000,60.000000000000
45.819092721085,16.574856340971,52.432609463119
60.000000000000,60.000000000000,60.000000000000
60.000000000000,60.000000000000,60.000000000000
60.000000000000,60.000000000000,60.000000000000
60.000000000000,60.000000000000,60.000000000000
60.000000000000,60.000000000000,60.000000000000
60.000000000000,60.000000000000,60.000000000000
52.457300457224,7.888196552633,6.523150861095
13.953174154050,47.192593559681,13.645138822485
60.000000000000,60.000000000000,60.000000000000
60.000000000000,60.000000000000,60.000000000000
18.405803071022,24.765054872856,13.236539299668
60.000000000000,60.000000000000,60.000000000000
60.000000000000,60.000000000000,60.000000000000
39.196451665626,18.461419045771,36.107310759626
60.000000000000,60.000000000000,60.000000000000
23.234409329227,16.363885410579,22.087283145197
60.000000000000,60.000000000000,60.000000000000
60.000000000000,60.000000000000,60.000000000000
60.000000000000,60.000000000000,60.000000000000
60.000000000000,60.000000000000,60.000000000000
60.000000000000,60.000000000000,60.000000000000
60.000000000000,60.000000000000,60.000000000000
60.000000000000,60.000000000000,60.000000000000
60.000000000000,60.000000000000,60.000000000000
44.235138176218,33.540238400484,44.291743224693
60.000000000000,60.000000000000,60.000000000000
35.093049800243,7.297104231065,54.464971478844
60.000000000000,60.000000000000,60.000000000000
0.000000000000,60.000000000000,60.000000000000
0.000000000000,60.000000000000,60.000000000000
60.000000000000,60.000000000000,60.000000000000
60.000000000000,60.000000000000,60.000000000000
60.000000000000,60.000000000000,60.000000000000
60.000000000000,60.000000000000,60.000000000000
60.000000000000,60.000000000000,60.000000000000
29.843012295921,56.837078775345,5.525275308860
60.000000000000,60.000000000000,60.000000000000
60.000000000000,60.000000000000,60.000000000000
60.000000000000,60.000000000000,60.000000000000
60.000000000000,60.000000000000,60.000000000000
60.000000000000,60.000000000000,60.000000000000
60.000000000000,60.000000000000,60.000000000000
60.000000000000,60.000000000000,0.000000000000
60.000000000000,22.858795926403,53.037835400429
38.048290467097,60.000000000000,60.000000000000
60.000000000000,60.000000000000,60.000000000000
60.000000000000,60.000000000000,60.000000000000
60.000000000000,60.000000000000,60.000000000000
60.000000000000,60.000000000000,60.000000000000
60.000000000000,60.000000000000,60.000000000000
60.000000000000,60.000000000000,60.000000000000
34.412740217694,1.639971717569,28.117209299157
60.000000000000,60.000000000000,0.000000000000
60.000000000000,60.000000000000,60.000000000000
60.000000000000,60.000000000000,60.000000000000
60.000000000000,19.205616697258,51.936744410051
60.000000000000,60.000000000000,60.000000000000
60.000000000000,60.000000000000,60.000000000000
20.849166718253,32.201854777864,24.617721222327
22.168195859414,59.458489408722,53.876836318675
53.813754991373,45.312440180463,23.891165396321
60.000000000000,60.000000000000,60.000000000000
30.407062789559,3.332911649388,14.817400987476
60.000000000000,60.000000000000,60.000000000000
60.000000000000,60.000000000000,60.000000000000
60.000000000000,60.000000000000,60.000000000000
0.000000000000,0.000000000000,0.000000000000
55.891153343471,28.859020227017,23.962250530602
60.000000000000,60.000000000000,60.000000000000
44.613957211677,13.619973101251,11.461925894397
57.553311217873,16.841054832481,8.347897902438
60.000000000000,60.000000000000,60.000000000000
60.000000000000,60.000000000000,60.000000000000
60.000000000000,60.000000000000,60.000000000000
60.000000000000,60.000000000000,60.000000000000
60.000000000000,60.000000000000,60.000000000000
60.000000000000,60.000000000000,60.000000000000
60.000000000000,60.000000000000,60.000000000000
60.000000000000,60.000000000000,60.000000000000
60.000000000000,60.000000000000,60.000000000000
60.000000000000,60.000000000000,60.000000000000
60.000000000000,60.000000000000,55.543529422691
8.499704838712,17.226275077179,2.351482357733
60.000000000000,60.000000000000,60.000000000000
26.650313842391,39.425752859879,46.944042039990
60.000000000000,60.000000000000,60.000000000000
60.000000000000,60.000000000000,60.000000000000
60.000000000000,60.000000000000,60.000000000000
60.000000000000,60.000000000000,60.000000000000
60.000000000000,60.000000000000,60.000000000000
60.000000000000,60.000000000000,60.000000000000
13.663012520096,17.246438664096,32.400915799195
60.000000000000,60.000000000000,60.000000000000
25.440078845937,10.691258567536,20.222018220159
60.000000000000,60.000000000000,60.000000000000
60.000000000000,60.000000000000,60.000000000000
60.000000000000,60.000000000000,60.000000000000
60.000000000000,60.000000000000,60.000000000000
60.000000000000,60.000000000000,60.000000000000
34.028635844678,17.104138815854,35.808551657738
3.256332036307,60.000000000000,60.000000000000
60.000000000000,60.000000000000,60.000000000000
60.000000000000,60.000000000000,60.000000000000
60.000000000000,60.000000000000,60.000000000000
0.000000000000,0.000000000000,0.000000000000
60.000000000000,60.000000000000,60.000000000000
60.000000000000,60.000000000000,60.000000000000
60.000000000000,60.000000000000,60.000000000000
60.000000000000,60.000000000000,60.000000000000
60.000000000000,60.000000000000,60.000000000000
0.179708649385,13.387488731394,48.557551854982
60.000000000000,60.000000000000,60.000000000000
60.000000000000,60.000000000000,60.000000000000
60.000000000000,60.000000000000,60.000000000000
60.000000000000,60.000000000000,60.000000000000
60.000000000000,60.000000000000,60.000000000000
60.000000000000,60.000000000000,60.000000000000
60.000000000000,60.000000000000,60.000000000000
60.000000000000,60.000000000000,60.000000000000
60.000000000000,60.000000000000,60.000000000000
60.000000000000,60.000000000000,60.000000000000
60.000000000000,60.000000000000,60.000000000000
60.000000000000,60.000000000000,60.000000000000
60.000000000000,60.000000000000,60.000000000000
16.161334297899,53.422032490607,18.850542899817
60.000000000000,60.000000000000,60.000000000000
26.263521550044,31.374382181701,33.537915040474
60.000000000000,51.325571860180,33.784099943212
47.423876854614,15.954674118753,5.418636760666
17.534614339987,49.999515409791,34.315125184854
60.000000000000,60.000000000000,60.000000000000
11.564461745322,45.901811651235,18.341262994156
60.000000000000,60.000000000000,60.000000000000
60.000000000000,60.000000000000,60.000000000000
43.328745490351,16.915645789342,28.473316654780
60.000000000000,60.000000000000,60.000000000000
35.612921168361,35.129999225129,34.100177550862
60.000000000000,60.000000000000,60.000000000000
60.000000000000,60.000000000000,60.000000000000
60.000000000000,60.000000000000,60.000000000000
60.000000000000,60.000000000000,60.000000000000
60.000000000000,60.000000000000,60.000000000000
54.706047377994,58.484108369765,41.901515841223
60.000000000000,0.000000000000,60.000000000000
60.000000000000,60.000000000000,0.000000000000
60.000000000000,60.000000000000,60.000000000000
60.000000000000,60.000000000000,60.000000000000
60.000000000000,60.000000000000,0.000000000000
60.000000000000,60.000000000000,60.000000000000
30.681420571968,49.783660169961,8.780767705715
10.149259167117,9.030955074854,50.342927526411
60.000000000000,60.000000000000,60.000000000000
32.380660201263,36.704472051370,26.697254569340
60.000000000000,60.000000000000,60.000000000000
60.000000000000,60.000000000000,60.000000000000
60.000000000000,60.000000000000,60.000000000000
60.000000000000,60.000000000000,60.000000000000
54.503474072702,38.179497677224,2.861982401856
24.079194743921,43.055981570251,28.599413228412
0.000000000000,60.000000000000,60.000000000000
51.408690211949,14.603330321971,5.065116979363
60.000000000000,60.000000000000,60.000000000000
60.000000000000,60.000000000000,60.000000000000
60.000000000000,60.000000000000,60.000000000000
60.000000000000,60.000000000000,60.000000000000
13.298251139035,25.287301669621,9.921609237751
60.000000000000,17.886892170468,49.579686358438
60.000000000000,60.000000000000,60.000000000000
60.000000000000,60.000000000000,60.000000000000
60.000000000000,60.000000000000,60.000000000000
60.000000000000,60.000000000000,60.000000000000
60.000000000000,60.000000000000,60.000000000000
60.000000000000,60.000000000000,60.000000000000
60.000000000000,60.000000000000,60.000000000000
0.000000000000,60.000000000000,60.000000000000
60.000000000000,60.000000000000,60.000000000000
60.000000000000,60.000000000000,60.000000000000
60.000000000000,60.000000000000,60.000000000000
60.000000000000,60.000000000000,60.000000000000
60.000000000000,60.000000000000,60.000000000000
60.000000000000,60.000000000000,60.000000000000
60.000000000000,60.000000000000,60.000000000000
60.000000000000,60.000000000000,60.000000000000
60.000000000000,60.000000000000,60.000000000000
60.000000000000,60.000000000000,60.000000000000
55.144998287933,51.710119191603,19.158755782115
41.993752894042,48.075361012052,10.940315764936
60.000000000000,60.000000000000,60.000000000000
48.751264172744,44.520929159587,6.000058874392
60.000000000000,60.000000000000,60.000000000000
0.000000000000,60.000000000000,37.322884234420
60.000000000000,60.000000000000,60.000000000000
60.000000000000,60.000000000000,60.000000000000
60.000000000000,60.000000000000,60.000000000000
60.000000000000,60.000000000000,60.000000000000
31.536443648869,39.458838357326,53.045690428019
60.000000000000,60.000000000000,60.000000000000
60.000000000000,60.000000000000,60.000000000000
60.000000000000,60.000000000000,60.000000000000
60.000000000000,60.000000000000,60.000000000000
60.000000000000,60.000000000000,60.000000000000
60.000000000000,60.000000000000,60.000000000000
60.000000000000,60.000000000000,60.000000000000
60.000000000000,60.000000000000,60.000000000000
60.000000000000,60.000000000000,60.000000000000
60.000000000000,60.000000000000,60.000000000000
60.000000000000,28.860888354204,60.000000000000
60.000000000000,60.000000000000,60.000000000000
60.000000000000,60.000000000000,60.000000000000
43.442320357000,8.004549681254,3.066413080466
60.000000000000,60.000000000000,60.000000000000
60.000000000000,60.000000000000,60.000000000000
60.000000000000,60.000000000000,60.000000000000
39.549932722316,23.646965541488,45.141034198098
60.000000000000,60.000000000000,60.000000000000
60.000000000000,60.000000000000,60.000000000000
60.000000000000,60.000000000000,60.000000000000
5.384735891442,24.463211490534,31.065604873043
60.000000000000,60.000000000000,60.000000000000
60.000000000000,60.000000000000,60.000000000000
60.000000000000,60.000000000000,60.000000000000
60.000000000000,60.000000000000,60.000000000000
43.173358517460,54.615742861065,24.765108809236
60.000000000000,60.000000000000,60.000000000000
0.000000000000,60.000000000000,60.000000000000
60.000000000000,60.000000000000,60.000000000000
49.571150221770,22.582401149334,25.611441737238
60.000000000000,60.000000000000,60.000000000000
38.819435940237,48.660664090232,9.253487296713
60.000000000000,60.000000000000,60.000000000000
60.000000000000,60.000000000000,60.000000000000
60.000000000000,60.000000000000,60.000000000000
60.000000000000,60.000000000000,60.000000000000
60.000000000000,60.000000000000,60.000000000000
60.000000000000,60.000000000000,60.000000000000
60.000000000000,60.000000000000,60.000000000000
21.507768895218,33.241206642526,30.381292756468
60.000000000000,0.000000000000,60.000000000000
60.000000000000,60.000000000000,60.000000000000
60.000000000000,60.000000000000,60.000000000000
60.000000000000,60.000000000000,60.000000000000
60.000000000000,60.000000000000,60.000000000000
60.000000000000,60.000000000000,60.000000000000
60.000000000000,60.000000000000,60.000000000000
60.000000000000,36.420856386190,8.104846175751
60.000000000000,60.000000000000,60.000000000000
60.000000000000,0.000000000000,20.539078588474
60.000000000000,60.000000000000,60.000000000000
60.000000000000,10.272188204705,27.734521788010
17.775430969943,11.049884897805,10.578318474480
60.000000000000,60.000000000000,0.000000000000
1.768366285974,60.000000000000,0.000000000000
60.000000000000,60.000000000000,60.000000000000
60.000000000000,60.000000000000,60.000000000000
60.000000000000,60.000000000000,60.000000000000
60.000000000000,60.000000000000,60.000000000000
16.725757463671,0.000000000000,60.000000000000
60.000000000000,60.000000000000,60.000000000000
60.000000000000,60.000000000000,60.000000000000
60.000000000000,60.000000000000,60.000000000000
60.000000000000,60.000000000000,60.000000000000
12.561083426868,29.339131486362,43.307051848189
60.000000000000,60.000000000000,60.000000000000
60.000000000000,60.000000000000,60.000000000000
60.000000000000,60.000000000000,60.000000000000
60.000000000000,60.000000000000,60.000000000000
60.000000000000,60.000000000000,60.000000000000
36.899510665011,33.858935897350,58.160021464225
60.000000000000,60.000000000000,60.000000000000
8.199931160581,42.728345023108,49.595527158557
60.000000000000,60.000000000000,60.000000000000
60.000000000000,60.000000000000,60.000000000000
60.000000000000,60.000000000000,60.000000000000
60.000000000000,60.000000000000,60.000000000000
60.000000000000,60.000000000000,60.000000000000
60.000000000000,60.000000000000,60.000000000000
60.000000000000,60.000000000000,60.000000000000
48.232750327802,8.782548091944,22.740560132875
60.000000000000,60.000000000000,60.000000000000
43.195148858404,9.192794149132,23.071817206731
60.000000000000,60.000000000000,60.000000000000
60.000000000000,60.000000000000,60.000000000000
60.000000000000,60.000000000000,60.000000000000
42.152147848592,10.399238085876,48.456126745331
60.000000000000,60.000000000000,60.000000000000
22.456206952200,57.697138180755,5.134346914595
60.000000000000,60.000000000000,60.000000000000
60.000000000000,60.000000000000,60.000000000000
60.000000000000,60.000000000000,60.000000000000
60.000000000000,60.000000000000,60.000000000000
6.728617452934,0.272669625538,35.500780824857
21.223336778033,54.572577124204,46.170099790273
60.000000000000,60.000000000000,60.000000000000
60.000000000000,60.000000000000,60.000000000000
6.203868793912,60.000000000000,1.138650403188
41.077803651927,45.689840399839,3.338372980874
60.000000000000,48.633884467470,0.000000000000
60.000000000000,60.000000000000,60.000000000000
60.000000000000,0.000000000000,0.000000000000
36.905806688140,55.775958634042,43.837532111157
60.000000000000,60.000000000000,0.000000000000
60.000000000000,60.000000000000,60.000000000000
60.000000000000,60.000000000000,60.000000000000
60.000000000000,60.000000000000,60.000000000000
46.975255648851,22.509799670923,10.669871685223
10.246042541243,30.879854939358,31.306793957090
0.000000000000,60.000000000000,24.688525919740
2.151442206442,35.985994399651,60.000000000000
60.000000000000,60.000000000000,60.000000000000
28.637599005260,58.630427127672,58.778131323900
60.000000000000,60.000000000000,60.000000000000
60.000000000000,60.000000000000,60.000000000000
60.000000000000,60.000000000000,60.000000000000
60.000000000000,60.000000000000,60.000000000000
36.312361408878,9.155909743263,34.588360679975
60.000000000000,60.000000000000,60.000000000000
60.000000000000,60.000000000000,60.000000000000
60.000000000000,60.000000000000,60.000000000000
60.000000000000,60.000000000000,60.000000000000
60.000000000000,60.000000000000,60.000000000000
7.987624113177,17.155555947894,22.622218506001
60.000000000000,60.000000000000,60.000000000000
60.000000000000,60.000000000000,60.000000000000
60.000000000000,0.000000000000,0.000000000000
60.000000000000,60.000000000000,60.000000000000
60.000000000000,60.000000000000,60.000000000000
60.000000000000,60.000000000000,60.000000000000
60.000000000000,60.000000000000,32.417408337917
60.000000000000,60.000000000000,60.000000000000
60.000000000000,60.000000000000,60.000000000000
60.000000000000,60.000000000000,60.000000000000
60.000000000000,60.000000000000,60.000000000000
60.000000000000,60.000000000000,60.000000000000
60.000000000000,60.000000000000,60.000000000000
60.000000000000,60.000000000000,60.000000000000
60.000000000000,60.000000000000,60.000000000000
32.315501977109,54.605748266636,49.689051290939
60.000000000000,60.000000000000,60.000000000000
60.000000000000,60.000000000000,60.000000000000
60.000000000000,60.000000000000,60.000000000000
60.000000000000,60.000000000000,60.000000000000
60.000000000000,60.000000000000,60.000000000000
17.414414795361,27.578484296955,15.782921851312
60.000000000000,60.000000000000,60.000000000000
60.000000000000,60.000000000000,0.000000000000
60.000000000000,60.000000000000,0.000000000000
30.182726953337,36.191221702287,14.774699740182
60.000000000000,60.000000000000,60.000000000000
60.000000000000,60.000000000000,60.000000000000
60.000000000000,60.000000000000,60.000000000000
2.174168955836,0.474607413019,27.778196697699
60.000000000000,60.000000000000,0.000000000000
60.000000000000,60.000000000000,60.000000000000
60.000000000000,60.000000000000,60.000000000000
60.000000000000,60.000000000000,60.000000000000
27.925265426207,60.000000000000,57.485169125623
60.000000000000,60.000000000000,60.000000000000
51.047855520533,51.747800259843,6.457160866506
60.000000000000,60.000000000000,60.000000000000
45.493804455991,19.867328910870,26.283210086540
60.000000000000,60.000000000000,60.000000000000
60.000000000000,60.000000000000,60.000000000000
60.000000000000,60.000000000000,60.000000000000
60.000000000000,60.000000000000,60.000000000000
60.000000000000,60.000000000000,60.000000000000
60.000000000000,60.000000000000,60.000000000000
49.745166327877,20.880562577006,20.790474889393
5.698980330432,25.269789127410,58.010877018170
60.000000000000,60.000000000000,60.000000000000
60.000000000000,60.000000000000,60.000000000000
60.000000000000,60.000000000000,60.000000000000
60.000000000000,60.000000000000,60.000000000000
60.000000000000,53.066708019061,46.358490823661
60.000000000000,60.000000000000,60.000000000000
60.000000000000,60.000000000000,60.000000000000
60.000000000000,60.000000000000,60.000000000000
60.000000000000,60.000000000000,60.000000000000
60.000000000000,60.000000000000,60.000000000000
60.000000000000,60.000000000000,60.000000000000
60.000000000000,60.000000000000,60.000000000000
9.856030543225,20.069775947016,27.025452165290
34.993386525959,60.000000000000,22.004355866528
60.000000000000,60.000000000000,60.000000000000
60.000000000000,60.000000000000,60.000000000000
60.000000000000,60.000000000000,60.000000000000
60.000000000000,60.000000000000,60.000000000000
60.000000000000,60.000000000000,60.000000000000
60.000000000000,60.000000000000,60.000000000000
60.000000000000,60.000000000000,60.000000000000
60.000000000000,60.000000000000,60.000000000000
44.318907509088,31.832710214760,30.828753537803
38.277000675415,45.388193269048,35.123336640613
60.000000000000,60.000000000000,60.000000000000
14.790202158552,19.648570940277,32.614245580222
60.000000000000,60.000000000000,60.000000000000
60.000000000000,60.000000000000,60.000000000000
3.959021013157,14.929715223556,47.626331952575
60.000000000000,60.000000000000,60.000000000000
60.000000000000,60.000000000000,60.000000000000
60.000000000000,60.000000000000,60.000000000000
22.830733390532,51.742172497390,25.737754218125
46.222383490458,50.237855615486,44.880597908067
21.841503823897,0.000000000000,0.000000000000
60.000000000000,60.000000000000,60.000000000000
46.209287395353,7.609279002561,13.984486897488
9.654450867558,2.514446689339,60.000000000000
60.000000000000,60.000000000000,60.000000000000
60.000000000000,60.000000000000,60.000000000000
60.000000000000,60.000000000000,60.000000000000
6.221350813011,2.907109580745,49.572585218111
5.618803352742,13.048467117183,48.405444759899
60.000000000000,60.000000000000,60.000000000000
60.000000000000,60.000000000000,60.000000000000
60.000000000000,60.000000000000,60.000000000000
19.544911180428,27.589042092450,8.958405100199
60.000000000000,60.000000000000,60.000000000000
48.110747411062,44.214221078646,33.198321857269
60.000000000000,60.000000000000,60.000000000000
60.000000000000,60.000000000000,60.000000000000
60.000000000000,60.000000000000,60.000000000000
60.000000000000,60.000000000000,60.000000000000
60.000000000000,60.000000000000,60.000000000000
0.000000000000,60.000000000000,60.000000000000
60.000000000000,60.000000000000,60.000000000000
60.000000000000,60.000000000000,60.000000000000
0.000000000000,60.000000000000,60.000000000000
15.691876414094,30.047259831027,30.313001482422
60.000000000000,60.000000000000,60.000000000000
60.000000000000,60.000000000000,60.000000000000
60.000000000000,60.000000000000,60.000000000000
60.000000000000,60.000000000000,60.000000000000
60.000000000000,60.000000000000,60.000000000000
52.440564810592,37.289206342494,58.421237117438
60.000000000000,60.000000000000,60.000000000000
60.000000000000,60.000000000000,60.000000000000
60.000000000000,60.000000000000,60.000000000000
60.000000000000,60.000000000000,60.000000000000
60.000000000000,60.000000000000,60.000000000000
60.000000000000,60.000000000000,60.000000000000
28.922633734177,26.779341934792,25.289719193351
60.000000000000,60.000000000000,60.000000000000
60.000000000000,60.000000000000,60.000000000000
60.000000000000,60.000000000000,0.000000000000
60.000000000000,60.000000000000,60.000000000000
60.000000000000,60.000000000000,0.000000000000
34.202989677935,33.540623766696,40.074737591527
60.000000000000,60.000000000000,60.000000000000
60.000000000000,60.000000000000,60.000000000000
54.946499289787,26.604530706269,60.000000000000
60.000000000000,60.000000000000,60.000000000000
60.000000000000,60.000000000000,60.000000000000
60.000000000000,60.000000000000,60.000000000000
23.582973354213,10.436442612004,9.913089817261
60.000000000000,60.000000000000,60.000000000000
60.000000000000,60.000000000000,60.000000000000
60.000000000000,60.000000000000,60.000000000000
60.000000000000,60.000000000000,60.000000000000
60.000000000000,60.000000000000,60.000000000000
60.000000000000,60.000000000000,60.000000000000
60.000000000000,60.000000000000,60.000000000000
60.000000000000,60.000000000000,60.000000000000
60.000000000000,60.000000000000,60.000000000000
60.000000000000,60.000000000000,60.000000000000
60.000000000000,60.000000000000,60.000000000000
60.000000000000,60.000000000000,60.000000000000
60.000000000000,60.000000000000,60.000000000000
60.000000000000,60.000000000000,60.000000000000
60.000000000000,60.000000000000,60.000000000000
10.932432354770,35.220307744328,10.584981894453
60.000000000000,60.000000000000,60.000000000000
60.000000000000,60.000000000000,60.000000000000
60.000000000000,60.000000000000,60.000000000000
60.000000000000,20.147128966273,1.518479120288
60.000000000000,60.000000000000,60.000000000000
60.000000000000,60.000000000000,60.000000000000
29.483851615753,31.242895928940,37.302453982857
60.000000000000,60.000000000000,60.000000000000
60.000000000000,60.000000000000,60.000000000000
60.000000000000,60.000000000000,60.000000000000
60.000000000000,60.000000000000,60.000000000000
60.000000000000,60.000000000000,60.000000000000
60.000000000000,60.000000000000,60.000000000000
60.000000000000,60.000000000000,60.000000000000
57.601737855663,59.504027308604,34.615558089231
60.000000000000,60.000000000000,60.000000000000
60.000000000000,60.000000000000,60.000000000000
60.000000000000,60.000000000000,60.000000000000
26.680624155639,53.347154440240,9.940058927093
60.000000000000,60.000000000000,60.000000000000
60.000000000000,60.000000000000,60.000000000000
60.000000000000,60.000000000000,60.000000000000
60.000000000000,60.000000000000,60.000000000000
60.000000000000,60.000000000000,60.000000000000
53.980121571271,3.212777733522,2.904744077386
60.000000000000,60.000000000000,60.000000000000
60.000000000000,60.000000000000,60.000000000000
0.000000000000,60.000000000000,60.000000000000
60.000000000000,60.000000000000,60.000000000000
60.000000000000,60.000000000000,60.000000000000
60.000000000000,60.000000000000,60.000000000000
60.000000000000,60.000000000000,60.000000000000
60.000000000000,60.000000000000,60.000000000000
60.000000000000,60.000000000000,60.000000000000
60.000000000000,60.000000000000,60.000000000000
0.000000000000,60.000000000000,60.000000000000
60.000000000000,60.000000000000,60.000000000000
60.000000000000,27.276835124673,0.000000000000
60.000000000000,60.000000000000,60.000000000000
60.000000000000,60.000000000000,60.000000000000
60.000000000000,60.000000000000,60.000000000000
60.000000000000,60.000000000000,60.000000000000
60.000000000000,60.000000000000,60.000000000000
60.000000000000,60.000000000000,60.000000000000
60.000000000000,60.000000000000,60.000000000000
60.000000000000,60.000000000000,60.000000000000
53.580734798212,33.600088271073,4.419062433830
60.000000000000,60.000000000000,60.000000000000
46.518602277184,56.999950326750,26.078600003857
60.000000000000,60.000000000000,60.000000000000
60.000000000000,60.000000000000,60.000000000000
60.000000000000,60.000000000000,60.000000000000
60.000000000000,60.000000000000,60.000000000000
60.000000000000,60.000000000000,60.000000000000
60.000000000000,60.000000000000,60.000000000000
32.026200829319,14.882428875520,49.998742018905
60.000000000000,60.000000000000,60.000000000000
58.388730948002,60.000000000000,49.671778330865
60.000000000000,60.000000000000,60.000000000000
60.000000000000,60.000000000000,60.000000000000
3.736377095245,28.236838992349,19.822764561872
60.000000000000,60.000000000000,60.000000000000
55.187257822933,11.593652229190,18.661463875574
60.000000000000,60.000000000000,60.000000000000
60.000000000000,60.000000000000,60.000000000000
60.000000000000,60.000000000000,60.000000000000
60.000000000000,38.843600211231,60.000000000000
8.094432848489,2.596281893963,48.728368756048
60.000000000000,60.000000000000,60.000000000000
60.000000000000,60.000000000000,60.000000000000
38.516381588186,54.779749015347,42.677533062352
60.000000000000,60.000000000000,60.000000000000
60.000000000000,60.000000000000,60.000000000000
60.000000000000,60.000000000000,60.000000000000
60.000000000000,60.000000000000,60.000000000000
60.000000000000,60.000000000000,60.000000000000
60.000000000000,60.000000000000,60.000000000000
60.000000000000,60.000000000000,60.000000000000
60.000000000000,60.000000000000,60.000000000000
43.563493796161,4.682572573676,47.782226704094
13.580713762204,13.597750801198,7.226415561393
60.000000000000,60.000000000000,60.000000000000
60.000000000000,60.000000000000,60.000000000000
60.000000000000,60.000000000000,60.000000000000
60.000000000000,60.000000000000,60.000000000000
13.973844305195,60.000000000000,49.697828039533
60.000000000000,60.000000000000,60.000000000000
60.000000000000,60.000000000000,0.000000000000
60.000000000000,60.000000000000,60.000000000000
60.000000000000,60.000000000000,60.000000000000
60.000000000000,60.000000000000,60.000000000000
60.000000000000,60.000000000000,0.000000000000
60.000000000000,60.000000000000,60.000000000000
60.000000000000,60.000000000000,60.000000000000
41.602515208397,25.984187488686,21.614992346149
0.000000000000,60.000000000000,60.000000000000
0.000000000000,60.000000000000,60.000000000000
60.000000000000,60.000000000000,60.000000000000
60.000000000000,60.000000000000,60.000000000000
60.000000000000,60.000000000000,60.000000000000
60.000000000000,60.000000000000,60.000000000000
60.000000000000,60.000000000000,60.000000000000
60.000000000000,60.000000000000,60.000000000000
60.000000000000,60.000000000000,0.000000000000
60.000000000000,60.000000000000,60.000000000000
60.000000000000,60.000000000000,0.000000000000
60.000000000000,60.000000000000,60.000000000000
60.000000000000,60.000000000000,60.000000000000
60.000000000000,60.000000000000,0.000000000000
60.000000000000,60.000000000000,60.000000000000
60.000000000000,60.000000000000,60.000000000000
60.000000000000,60.000000000000,0.000000000000
60.000000000000,60.000000000000,60.000000000000
60.000000000000,60.000000000000,60.000000000000
34.121107429631,44.575360546184,57.859540433740
60.000000000000,60.000000000000,60.000000000000
60.000000000000,60.000000000000,60.000000000000
60.000000000000,60.000000000000,0.000000000000
60.000000000000,60.000000000000,60.000000000000
21.848033284132,2.025082490207,9.449990618028
60.000000000000,60.000000000000,0.000000000000
0.000000000000,60.000000000000,60.000000000000
20.058887609270,11.896087654951,55.790756940351
41.892569801688,1.570458385580,44.367315951309
60.000000000000,60.000000000000,0.000000000000
60.000000000000,60.000000000000,60.000000000000
60.000000000000,60.000000000000,60.000000000000
60.000000000000,60.000000000000,60.000000000000
60.000000000000,60.000000000000,60.000000000000
60.000000000000,60.000000000000,60.000000000000
60.000000000000,60.000000000000,60.000000000000
60.000000000000,60.000000000000,60.000000000000
60.000000000000,60.000000000000,60.000000000000
60.000000000000,60.000000000000,60.000000000000
60.000000000000,60.000000000000,60.000000000000
60.000000000000,31.658860712630,60.000000000000
60.000000000000,60.000000000000,60.000000000000
60.000000000000,60.000000000000,60.000000000000
12.322941112238,26.463735249937,34.851628940548
48.183448010625,46.339031548602,4.144436976937
60.000000000000,60.000000000000,60.000000000000
3.773420438925,43.922856200561,40.031085557497
60.000000000000,60.000000000000,60.000000000000
60.000000000000,60.000000000000,60.000000000000
60.000000000000,60.000000000000,60.000000000000
60.000000000000,60.000000000000,60.000000000000
60.000000000000,60.000000000000,60.000000000000
60.000000000000,60.000000000000,60.000000000000
60.000000000000,60.000000000000,0.000000000000
60.000000000000,60.000000000000,0.000000000000
60.000000000000,60.000000000000,60.000000000000
60.000000000000,60.000000000000,60.000000000000
60.000000000000,60.000000000000,60.000000000000
60.000000000000,60.000000000000,60.000000000000
60.000000000000,60.000000000000,60.000000000000
46.444101754784,49.998216942170,49.145867863476
8.740179847416,19.946854825594,38.624074828151
60.000000000000,60.000000000000,60.000000000000
60.000000000000,60.000000000000,0.000000000000
14.837832085996,36.798819513074,37.647460380759
60.000000000000,60.000000000000,60.000000000000
2.745893962171,11.052231727464,26.258143315206
60.000000000000,60.000000000000,60.000000000000
60.000000000000,60.000000000000,60.000000000000
60.000000000000,60.000000000000,60.000000000000
60.000000000000,60.000000000000,0.000000000000
60.000000000000,60.000000000000,60.000000000000
60.000000000000,60.000000000000,60.000000000000
60.000000000000,60.000000000000,0.000000000000
60.000000000000,60.000000000000,0.000000000000
48.227897886888,31.643736702583,39.636241911115
60.000000000000,60.000000000000,0.000000000000
60.000000000000,60.000000000000,60.000000000000
60.000000000000,60.000000000000,60.000000000000
60.000000000000,60.000000000000,60.000000000000
60.000000000000,60.000000000000,60.000000000000
60.000000000000,60.000000000000,60.000000000000
2.134544586472,6.481850342345,18.095095233546
60.000000000000,60.000000000000,60.000000000000
60.000000000000,60.000000000000,60.000000000000
60.000000000000,60.000000000000,60.000000000000
60.000000000000,60.000000000000,60.000000000000
24.038917405847,52.293465146361,34.489598697920
8.983970082909,4.203534675693,15.272627804572
60.000000000000,60.000000000000,60.000000000000
60.000000000000,60.000000000000,60.000000000000
60.000000000000,60.000000000000,60.000000000000
60.000000000000,60.000000000000,0.000000000000
60.000000000000,60.000000000000,60.000000000000
60.000000000000,60.000000000000,60.000000000000
60.000000000000,60.000000000000,60.000000000000
31.304256138928,55.376675357890,3.223806678675
60.000000000000,60.000000000000,60.000000000000
60.000000000000,60.000000000000,60.000000000000
60.000000000000,60.000000000000,60.000000000000
60.000000000000,60.000000000000,60.000000000000
60.000000000000,60.000000000000,60.000000000000
60.000000000000,60.000000000000,60.000000000000
60.000000000000,60.000000000000,60.000000000000
0.000000000000,60.000000000000,60.000000000000
60.000000000000,60.000000000000,60.000000000000
60.000000000000,60.000000000000,60.000000000000
60.000000000000,60.000000000000,60.000000000000
60.000000000000,60.000000000000,60.000000000000
48.473931216170,57.060581384221,6.193791707246
60.000000000000,60.000000000000,60.000000000000
13.655346599176,21.542088352868,57.792596854851
60.000000000000,60.000000000000,60.000000000000
60.000000000000,60.000000000000,0.000000000000
60.000000000000,60.000000000000,60.000000000000
60.000000000000,60.000000000000,60.000000000000
60.000000000000,60.000000000000,60.000000000000
60.000000000000,60.000000000000,60.000000000000
3.101334205922,35.943015660346,4.804285945315
60.000000000000,60.000000000000,60.000000000000
38.671278502136,54.177288234241,32.606163395417
60.000000000000,60.000000000000,60.000000000000
60.000000000000,60.000000000000,60.000000000000
60.000000000000,60.000000000000,60.000000000000
60.000000000000,60.000000000000,60.000000000000
0.000000000000,60.000000000000,60.000000000000
60.000000000000,60.000000000000,60.000000000000
60.000000000000,60.000000000000,0.000000000000
60.000000000000,60.000000000000,60.000000000000
60.000000000000,60.000000000000,60.000000000000
60.000000000000,60.000000000000,60.000000000000
60.000000000000,60.000000000000,60.000000000000
60.000000000000,60.000000000000,60.000000000000
55.679249192943,20.433134609020,22.576220494034
60.000000000000,60.000000000000,60.000000000000
60.000000000000,60.000000000000,60.000000000000
60.000000000000,60.000000000000,60.000000000000
60.000000000000,60.000000000000,60.000000000000
60.000000000000,60.000000000000,0.000000000000
45.654318512092,44.633553129283,9.760236274527
60.000000000000,60.000000000000,60.000000000000
60.000000000000,60.000000000000,60.000000000000
60.000000000000,60.000000000000,60.000000000000
11.643949144251,39.562699614884,42.541340732089
60.000000000000,60.000000000000,0.000000000000
44.759940316486,49.634885309043,32.683919087340
60.000000000000,60.000000000000,60.000000000000
60.000000000000,60.000000000000,0.000000000000
60.000000000000,60.000000000000,60.000000000000
60.000000000000,60.000000000000,60.000000000000
60.000000000000,60.000000000000,60.000000000000
60.000000000000,60.000000000000,60.000000000000
60.000000000000,60.000000000000,60.000000000000
60.000000000000,60.000000000000,60.000000000000
60.000000000000,60.000000000000,60.000000000000
60.000000000000,60.000000000000,60.000000000000
31.669792151218,23.754082378020,41.703466534574
39.850899467381,16.887280576672,0.580294708767
60.000000000000,60.000000000000,60.000000000000
44.585849933206,54.451295405991,3.785071232555
60.000000000000,60.000000000000,60.000000000000
60.000000000000,60.000000000000,60.000000000000
60.000000000000,1.463770434979,45.655780913540
60.000000000000,60.000000000000,60.000000000000
60.000000000000,60.000000000000,60.000000000000
60.000000000000,60.000000000000,0.000000000000
60.000000000000,60.000000000000,0.000000000000
28.073390293847,30.675704267104,36.582981648474
1.394678361430,44.370931211576,49.336491399669
60.000000000000,60.000000000000,60.000000000000
60.000000000000,60.000000000000,60.000000000000
2.890355678748,60.000000000000,28.474348606224
60.000000000000,60.000000000000,0.000000000000
60.000000000000,60.000000000000,0.000000000000
60.000000000000,60.000000000000,60.000000000000
60.000000000000,60.000000000000,60.000000000000
60.000000000000,60.000000000000,60.000000000000
